121676727996
121676735198
121676744964
121676753936
121676761931
121676769561
121676778472
121676787749
121676796782
121676803985
121676810698
121676819793
121676826690
121676835662
121676845305
121676854461
121676863311
121676872405
121676881621
121676886748
121676899626
121676906890
121676917571
121676925383
121676936064
121676944121
121676953948
121676964263
121676973784
121676982146
121676991545
121677000517
121677009856
121677019072
121677028654
121677037871
121677047453
121677056853
121677066069
121677074370
121677083586
121677088652
121677101408
121677111662
121677120817
121677129667
121677139372
121677146879
121677158598
121677167387
121677176786
121677184050
121677194548
121677203520
121677211882
121677219755
121677228117
121677237943
121677246427
121677253935
121677262541
121677273039
121677281706
121677290006
121677298795
121677307890
121677316618
121677326871
121677335294
121677343961
121677352750
121677361661
121677369962
121677379301
121677388761
121677398710
121677408658
121677418058
121677427701
121677440274
121677449430
121677459928
121677469388
121677478788
121677488736
121677497892
121677508145
121677517911
121677528165
121677537992
121677548123
121677559476
121677569425
121677574857
121677588712
121677599332
121677609463
121677619534
121677629666
121677639127
121677649136
121677654629
121677670804
121677681485
121677691434
121677699490
121677709622
121677721646
121677729031
121677741116
121677748867
121677762234
121677772549
121677780911
121677791226
121677799160
121677809048
121677821316
121677831326
121677839443
121677848660
121677857998
121677867947
121677879971
121677889431
121677898464
121677909451
121677919216
121677929287
121677938442
121677950405
121677959621
121677967800
121677980678
121677990139
121678001552
121678010463
121678022182
121678030727
121678043178
121678052822
121678064296
121678073574
121678084316
121678094570
121678103115
121678116298
121678123866
121678136257
121678143581
121678156337
121678163966
121678175929
121678185634
121678193996
121678202602
121678212001
121678220119
121678232082
121678241908
121678250392
121678261256
121678269923
121678278590
121678288966
121678297145
121678307643
121678320094
121678328822
121678338649
121678346705
121678357814
121678369044
121678378993
121678384486
121678397425
121678408229
121678417506
121678422877
121678435633
121678443568
121678456080
121678466822
121678476710
121678480799
121678492274
121678499171
121678509913
121678520838
121678527552
121678537073
121678546900
121678553797
121678564966
121678575403
121678584681
121678593958
121678603602
121678611048
121678620874
121678630762
121678640101
121678648340
121678657007
121678666346
121678675501
121678683863
121678693262
121678702906
121678712122
121678717249
121678729578
121678738306
121678747461
121678758508
121678767297
121678774927
121678783838
121678792627
121678801355
121678809961
121678821680
121678830041
121678842370
121678850000
121678860864
121678869470
121678879541
121678890039
121678898279
121678909570
121678918908
121678928003
121678936853
121678945581
121678954553
121678964013
121678973901
121678985559
121678994042
121679002587
121679012597
121679024316
121679032739
121679045007
121679055139
121679062585
121679076012
121679085107
121679094445
121679103661
121679113610
121679118737
121679130883
121679142663
121679152856
121679162194
121679172082
121679177514
121679189721
121679200036
121679209252
121679217553
121679226891
121679236962
121679246056
121679254784
121679266808
121679277428
121679287560
121679298058
121679308129
121679316735
121679326805
121679338158
121679348595
121679357384
121679367027
121679376915
121679386681
121679395958
121679405235
121679410423
121679422203
121679432274
121679442284
121679449974
121679458824
121679467735
121679477501
121679486839
121679496483
121679508323
121679517418
121679521934
121679533775
121679544578
121679553855
121679562339
121679572105
121679582420
121679592247
121679601585
121679611289
121679619529
121679629844
121679638755
121679644798
121679657737
121679667442
121679675193
121679686485
121679694297
121679703635
121679712363
121679722434
121679731773
121679742026
121679753806
121679763267
121679770713
121679778647
121679789817
121679798118
121679811179
121679821372
121679826987
121679837119
121679845786
121679858176
121679865866
121679875998
121679889304
121679895957
121679904807
121679916403
121679926657
121679936179
121679943930
121679952353
121679961874
121679970664
121679981955
121679992087
121680000998
121680010214
121680019492
121680029013
121680042135
121680051413
121680060141
121680070028
121680078879
121680088705
121680099814
121680107931
121680117086
121680127035
121680138754
121680146688
121680157858
121680165548
121680174154
121680182333
121680195455
121680203756
121680214498
121680223348
121680231344
121680241720
121680250509
121680260091
121680272176
121680279195
121680289877
121680298910
121680306966
121680315023
121680325094
121680333211
121680346273
121680355672
121680364583
121680373861
121680384176
121680394185
121680406148
121680415975
121680425496
121680437459
121680452352
121680463704
121680477864
121680494466
121680506856
121680520406
121680532735
121680543355
121680556111
121680568623
121680584004
121680594991
121680607381
121680619649
121680631856
121680647053
121680659382
121680669331
121680681782
121680694539
121680709431
121680719746
121680730915
121680743977
121680755696
121680765705
121680776753
121680788105
121680801106
121680808369
121680818012
121680828388
121680835346
121680845539
121680858051
121680866779
121680873432
121680884418
121680893696
121680901508
121680908161
121680919514
121680929523
121680937519
121680946918
121680954914
121680963642
121680973957
121680981830
121680990009
121680999286
121681007099
121681015400
121681025837
121681033954
121681041584
121681049823
121681060993
121681069232
121681080646
121681089496
121681096271
121681104450
121681116290
121681124896
121681135333
121681144428
121681148822
121681160297
121681171039
121681180560
121681185748
121681199542
121681208209
121681217792
121681226520
121681236468
121681241839
121681255572
121681263507
121681273944
121681283893
121681295611
121681307208
121681317035
121681324542
121681334246
121681342913
121681354754
121681367633
121681376910
121681383929
121681394976
121681399493
121681410845
121681420062
121681429827
121681442034
121681451678
121681460467
121681469805
121681479082
121681488360
121681497515
121681507159
121681516192
121681525957
121681536028
121681545611
121681555010
121681564409
121681573809
121681583452
121681594378
121681603594
121681611651
121681621050
121681630083
121681639482
121681650103
121681659380
121681668108
121681677507
121681688799
121681698503
121681707842
121681715044
121681726640
121681736284
121681745866
121681755693
121681764726
121681775468
121681783830
121681794450
121681802507
121681812822
121681822465
121681833513
121681842546
121681855363
121681863359
121681873491
121681882646
121681892167
121681903764
121681913347
121681925248
121681933732
121681945756
121681955094
121681964189
121681975480
121681985002
121681995561
121682005326
121682013322
121682024064
121682033769
121682043839
121682052689
121682065751
121682074479
121682084977
121682093156
121682103532
121682114884
121682125443
121682133866
121682144181
121682154069
121682164261
121682173905
121682184342
121682192887
121682203995
121682212052
121682222550
121682232132
121682242813
121682255081
121682264603
121682274308
121682284439
121682293900
121682303604
121682316055
121682324478
121682336624
121682347550
121682356888
121682364090
121682377396
121682387405
121682397720
121682405167
121682418350
121682427688
121682438125
121682447159
121682457596
121682467056
121682477554
121682488968
121682496841
121682508926
121682516922
121682528091
121682538467
121682549514
121682555984
121682568496
121682579544
121682587905
121682598281
121682608047
121682619033
121682628188
121682638809
121682651382
121682660354
121682670119
121682681045
121682690688
121682700210
121682709609
121682721999
121682731582
121682741836
121682750869
121682760024
121682770461
121682779677
121682792556
121682801101
121682811538
121682820632
121682833510
121682841933
121682852187
121682861830
121682872084
121682880934
121682894240
121682903090
121682913771
121682924819
121682934828
121682944411
121682954421
121682963454
121682973341
121682985243
121682993971
121683005019
121683014113
121683021742
121683034926
121683045424
121683054823
121683065809
121683075392
121683084242
121683097181
121683106886
121683116346
121683125746
121683136305
121683144361
121683157057
121683166700
121683176771
121683184828
121683195265
121683207289
121683217481
121683225477
121683235914
121683248060
121683255567
121683267896
121683278211
121683288099
121683298414
121683309644
121683320020
121683329603
121683340162
121683350232
121683360669
121683369947
121683382642
121683392774
121683402173
121683410657
121683423780
121683431287
121683444471
121683452100
121683465650
121683474256
121683487134
121683495252
121683505628
121683514417
121683524732
121683534985
121683545483
121683555554
121683565808
121683576611
121683586987
121683597241
121683607678
121683617078
121683627453
121683637707
121683648022
121683653576
121683667065
121683675976
121683686291
121683694409
121683706738
121683718274
121683728283
121683736950
121683747387
121683755810
121683765637
121683779309
121683785656
121683797863
121683807812
121683817272
121683827648
121683837170
121683847729
121683859753
121683868359
121683880749
121683890453
121683899975
121683910778
121683920177
121683927746
121683940563
121683950451
121683959789
121683970714
121683980419
121683988414
121683999035
121684010082
121684020336
121684028392
121684041698
121684050548
121684060741
121684071361
121684081493
121684091686
121684101940
121684111644
121684121959
121684130626
121684140819
121684152049
121684162242
121684171764
121684179149
121684191539
121684198924
121684211864
121684218577
121684232005
121684242198
121684251048
121684260814
121684269664
121684279246
121684290965
121684300731
121684309031
121684318553
121684330149
121684340220
121684348216
121684360301
121684369517
121684379161
121684387889
121684397532
121684407481
121684416819
121684426585
121684436472
121684445567
121684455454
121684466013
121684474985
121684483469
121684492625
121684504343
121684513376
121684521860
121684533823
121684541025
121684550791
121684561228
121684571665
121684581186
121684590952
121684600534
121684610910
121684620127
121684630503
121684642282
121684652719
121684661692
121684672129
121684682321
121684692453
121684702585
121684712961
121684722116
121684732431
121684742136
121684752512
121684763620
121684774301
121684785715
121684798288
121684812204
121684827463
121684840768
121684854257
121684867746
121684878061
121684894662
121684910165
121684923654
121684934701
121684947518
121684963632
121684974313
121684989144
121684999520
121685012399
121685021310
121685032052
121685039681
121685049569
121685057198
121685067025
121685076302
121685086983
121685095772
121685105477
121685113778
121685123421
121685130684
121685139779
121685150033
121685157906
121685168221
121685176156
121685184823
121685193123
121685201485
121685211495
121685221016
121685229683
121685239937
121685248543
121685259590
121685269905
121685276497
121685286019
121685298531
121685305184
121685316963
121685326790
121685335518
121685346077
121685354561
121685365120
121685374702
121685384773
121685396553
121685405647
121685414375
121685425178
121685433052
121685445686
121685453071
121685465156
121685475959
121685485420
121685490547
121685504219
121685515388
121685525093
121685533882
121685543403
121685552680
121685562019
121685573310
121685581855
121685592231
121685600654
121685608955
121685618415
121685627754
121685638191
121685647041
121685659980
121685667182
121685680366
121685693488
121685702949
121685710395
121685722175
121685730842
121685740302
121685749640
121685759040
121685766852
121685779242
121685786200
121685799384
121685808539
121685818732
121685826728
121685837043
121685846564
121685856085
121685866950
121685876593
121685886115
121685895514
121685905463
121685914740
121685922369
121685934760
121685941412
121685954230
121685963446
121685973700
121685983954
121685993048
121686002875
121686012457
121686021368
121686030768
121686040289
121686049627
121686060248
121686069891
121686078802
121686087591
121686096807
121686105413
121686114019
121686122625
121686130560
121686139837
121686147344
121686159551
121686169561
121686178045
121686185858
121686197881
121686207098
121686216009
121686225225
121686236395
121686247137
121686253545
121686262456
121686270330
121686279119
121686290594
121686300054
121686312017
121686321599
121686330572
121686341802
121686351018
121686362005
121686370183
121686381047
121686388616
121686399114
121686407293
121686418279
121686428838
121686436589
121686448186
121686457463
121686466741
121686471868
121686485539
121686495000
121686504765
121686514287
121686525639
121686531804
121686543523
121686549931
121686561650
121686568364
121686580632
121686588383
121686597356
121686608891
121686617802
121686628544
121686637089
121686646733
121686656682
121686666935
121686675297
121686684269
121686695378
121686706059
121686714115
121686724736
121686732975
121686744938
121686754765
121686764164
121686774418
121686784306
121686793461
121686805546
121686812321
121686824284
121686833500
121686842289
121686852177
121686861149
121686870792
121686883854
121686893558
121686902408
121686911869
121686919193
121686931339
121686941471
121686950748
121686960941
121686970096
121686979557
121686988712
121686997806
121687007328
121687016544
121687026615
121687038272
121687045963
121687056400
121687065677
121687074649
121687084415
121687096134
121687105533
121687116153
121687125736
121687133731
121687143985
121687152713
121687165469
121687173770
121687183902
121687193057
121687205081
121687213748
121687224856
121687233706
121687242251
121687251285
121687262454
121687269717
121687280825
121687288760
121687299502
121687306521
121687317446
121687326724
121687338504
121687346804
121687355349
121687364321
121687375125
121687382144
121687393313
121687402407
121687412051
121687425600
121687434634
121687444033
121687455263
121687464663
121687472048
121687484316
121687494021
121687504458
121687513613
121687526003
121687534853
121687542666
121687554873
121687564089
121687579042
121687589418
121687599733
121687605654
121687618349
121687627199
121687636110
121687645815
121687656740
121687666139
121687675783
121687685243
121687694154
121687705629
121687713075
121687723390
121687734987
121687741945
121687753603
121687764650
121687776430
121687786012
121687795717
121687806947
121687815309
121687824769
121687837892
121687847535
121687857667
121687866822
121687877321
121687886964
121687896241
121687909181
121687919862
121687928895
121687939271
121687948609
121687960084
121687968812
121687978883
121687987489
121687997926
121688006593
121688014344
121688027833
121688037659
121688045960
121688054200
121688064454
121688070618
121688080933
121688089295
121688097962
121688107789
121688115967
121688127625
121688137818
121688144776
121688157227
121688166810
121688177369
121688186097
121688193665
121688202454
121688211365
121688220703
121688230530
121688239624
121688250000
121688259400
121688269226
121688278320
121688287110
121688296936
121688307129
121688317017
121688326294
121688335388
121688343933
121688352722
121688361206
121688370117
121688379639
121688389648
121688399170
121688411072
121688418762
121688429443
121688437683
121688448242
121688455810
121688467895
121688478027
121688486145
121688497558
121688505676
121688518188
121688527954
121688537536
121688548034
121688558532
121688567443
121688579772
121688588195
121688597717
121688606567
121688616637
121688627929
121688637878
121688645629
121688657165
121688665954
121688674071
121688684203
121688692870
121688702880
121688711242
121688720275
121688729186
121688740111
121688749205
121688762328
121688774047
121688786620
121688800902
121688811034
121688827330
121688841063
121688854369
121688866942
121688879820
121688894286
121688906432
121688916319
121688930602
121688944395
121688958189
121688970152
121688981505
121688992918
121689001097
121689009825
121689016661
121689025999
121689036253
121689044920
121689053953
121689062620
121689067076
121689078001
121689088011
121689096739
121689105772
121689114256
121689123167
121689131773
121689141416
121689150144
121689158506
121689169554
121689176267
121689187193
121689194029
121689204954
121689211973
121689220945
121689231687
121689242979
121689250608
121689261594
121689269651
121689278196
121689287839
121689298887
121689307187
121689315610
121689326352
121689334958
121689346738
121689354245
121689366269
121689373777
121689386167
121689396238
121689405942
121689416623
121689425656
121689435544
121689445004
121689454099
121689464108
121689472104
121689483640
121689493283
121689502683
121689512692
121689522519
121689530759
121689543454
121689550473
121689563168
121689572018
121689582150
121689591427
121689601315
121689610776
121689621213
121689631344
121689643307
121689649594
121689661740
121689669796
121689679501
121689687802
121689696774
121689705319
121689716427
121689724240
121689734493
121689741635
121689751888
121689759518
121689771542
121689777950
121689788021
121689798519
121689806759
121689818966
121689829159
121689839352
121689850033
121689856563
121689868954
121689880062
121689889339
121689900081
121689908870
121689919002
121689931331
121689941829
121689947994
121689960079
121689971920
121689982479
121689991634
121690002193
121690011898
121690022029
121690033016
121690043575
121690052852
121690064205
121690072872
121690083003
121690093379
121690103267
121690112178
121690122554
121690132137
121690142879
121690148250
121690161128
121690169002
121690180293
121690187800
121690198237
121690206172
121690217219
121690224727
121690234492
121690247615
121690257136
121690266047
121690275447
121690283015
121690292964
121690300532
121690309687
121690322200
121690328242
121690339411
121690350337
121690357783
121690368525
121690376093
121690386225
121690394831
121690404353
121690413203
121690422785
121690433894
121690440363
121690451533
121690459711
121690470881
121690478144
121690489130
121690498408
121690507013
121690516535
121690527521
121690537226
121690545160
121690557795
121690565302
121690576960
121690585443
121690594782
121690602289
121690615106
121690624384
121690633844
121690642633
121690652094
121690660944
121690670526
121690681268
121690691095
121690699152
121690708856
121690719843
121690729547
121690737726
121690747369
121690754999
121690767023
121690774896
121690784295
121690794671
121690804254
121690814203
121690823663
121690832574
121690844598
121690854364
121690863946
121690873162
121690882684
121690893060
121690900384
121690910638
121690920709
121690932488
121690940057
121690951348
121690960931
121690969903
121690980157
121690989068
121690999322
121691009209
121691019341
121691030877
121691038811
121691050164
121691060357
121691068719
121691079705
121691088494
121691097893
121691109978
121691117791
121691128838
121691136284
121691147149
121691156487
121691165337
121691177971
121691186150
121691196221
121691205864
121691214958
121691226921
121691234246
121691247429
121691254326
121691266411
121691274895
121691283684
121691294365
121691303947
121691313286
121691325310
121691332085
121691344292
121691353386
121691361992
121691370964
121691382072
121691391105
121691400444
121691409660
121691418571
121691428337
121691437553
121691446586
121691456840
121691465812
121691478813
121691485954
121691498283
121691506095
121691515678
121691524223
121691536064
121691542838
121691554923
121691565788
121691574882
121691586051
121691594718
121691602836
121691614677
121691623954
121691632804
121691642631
121691651786
121691662406
121691670707
121691679557
121691689139
121691697684
121691707267
121691716056
121691728019
121691735648
121691748160
121691754996
121691767875
121691777640
121691788016
121691796866
121691807059
121691816825
121691826407
121691834159
121691843802
121691854971
121691864371
121691872977
121691882376
121691892569
121691902152
121691911612
121691921194
121691926810
121691940176
121691949698
121691959097
121691968130
121691977896
121691988516
121691998709
121692007132
121692017508
121692026053
121692037710
121692045767
121692057425
121692068289
121692078299
121692086721
121692096243
121692107901
121692119802
121692128103
121692136770
121692145925
121692156912
121692166311
121692176199
121692188772
121692198049
121692210073
121692217702
121692229482
121692239004
121692248220
121692258169
121692268300
121692277395
121692289052
121692296987
121692308278
121692316030
121692327260
121692335134
121692347341
121692355886
121692367849
121692376149
121692386708
121692397023
121692409291
121692415151
121692428334
121692438344
121692447743
121692456349
121692467763
121692474416
121692485707
121692494984
121692505299
121692515858
121692524464
121692533314
121692544362
121692551991
121692563222
121692572316
121692581898
121692592885
121692601552
121692611561
121692620350
121692629994
121692638539
121692649647
121692659535
121692670033
121692680775
121692689991
121692695851
121692708119
121692719471
121692729115
121692737904
121692746571
121692754749
121692763477
121692768177
121692782093
121692788807
121692800709
121692807484
121692819385
121692830921
121692842091
121692853016
121692868275
121692880054
121692893848
121692905811
121692920948
121692937977
121692953968
121692965992
121692979358
121692989185
121693003101
121693017566
121693030445
121693042285
121693053150
121693061267
121693072315
121693081104
121693087451
121693098499
121693105762
121693114001
121693122913
121693130542
121693141711
121693148730
121693156909
121693167712
121693176257
121693185473
121693194140
121693202624
121693211230
121693220813
121693229419
121693238147
121693246692
121693254687
121693265918
121693273852
121693282397
121693290209
121693301501
121693308215
121693320056
121693326525
121693338854
121693346423
121693358325
121693366930
121693376086
121693383837
121693395434
121693402514
121693414782
121693422533
121693434374
121693440783
121693452563
121693459460
121693471117
121693478319
121693487719
121693496203
121693507860
121693516222
121693525866
121693536730
121693546312
121693555223
121693564745
121693573107
121693582445
121693592882
121693602037
121693611498
121693621141
121693629747
121693641588
121693650621
121693660021
121693671251
121693679796
121693687303
121693699266
121693706773
121693718919
121693725145
121693736925
121693745592
121693755846
121693764512
121693774888
121693785814
121693796068
121693804857
121693814927
121693824083
121693834275
121693842210
121693853379
121693864244
121693874314
121693883103
121693894700
121693906724
121693913194
121693922593
121693936021
121693943406
121693957749
121693967942
121693977647
121693985947
121693995652
121694004929
121694014085
121694022996
121694032456
121694042771
121694052903
121694062119
121694072251
121694083909
121694093430
121694102646
121694112107
121694120652
121694132615
121694140854
121694150559
121694159958
121694172165
121694180954
121694190048
121694201523
121694210800
121694220932
121694230393
121694238266
121694248459
121694258103
121694271103
121694279770
121694289963
121694298874
121694308273
121694319138
121694329330
121694338913
121694348984
121694358078
121694367538
121694376388
121694386093
121694396835
121694406295
121694413925
121694426071
121694434677
121694444076
121694452072
121694464279
121694471908
121694481369
121694490219
121694499862
121694511032
121694518295
121694528488
121694538070
121694546920
121694556625
121694566085
121694576034
121694587447
121694597152
121694604720
121694614364
121694624496
121694633895
121694642562
121694651961
121694662398
121694671798
121694680099
121694689681
121694700545
121694709884
121694719649
121694729171
121694738021
121694747420
121694754927
121694764754
121694774947
121694784407
121694794295
121694804061
121694815901
121694825484
121694833113
121694842513
121694852034
121694861617
121694872786
121694882246
121694890669
121694900191
121694909651
121694919051
121694927229
121694939131
121694946760
121694956343
121694967146
121694979292
121694986982
121694996687
121695006819
121695016096
121695024336
121695036482
121695044661
121695054243
121695064253
121695073774
121695082380
121695094404
121695102339
121695114668
121695123518
121695132734
121695144209
121695153120
121695161359
121695173628
121695182661
121695191206
121695201887
121695210493
121695218183
121695230329
121695239423
121695248090
121695257612
121695269452
121695278058
121695286847
121695297773
121695306379
121695316083
121695324811
121695335065
121695343732
121695353131
121695364362
121695372602
121695383893
121695390851
121695401776
121695410871
121695420392
121695430402
121695438947
121695449872
121695458966
121695469891
121695479230
121695489667
121695499127
121695508954
121695519879
121695528485
121695540570
121695548871
121695559308
121695566937
121695578167
121695587018
121695595685
121695605938
121695614788
121695625042
121695633465
121695643109
121695654705
121695662945
121695671551
121695681073
121695689617
121695700299
121695709149
121695719402
121695732281
121695741741
121695749554
121695759258
121695767132
121695778362
121695785809
121695795391
121695808392
121695817791
121695826946
121695836651
121695847759
121695857586
121695866314
121695876018
121695886089
121695895794
121695900921
121695916118
121695924358
121695934917
121695945537
121695955669
121695965068
121695974468
121695984661
121695991924
121696002544
121696012187
121696020122
121696032207
121696043559
121696052287
121696061321
121696071147
121696081523
121696091411
121696100444
121696112102
121696121318
121696129802
121696139567
121696148845
121696159343
121696168132
121696177958
121696189921
121696200236
121696209208
121696217875
121696229899
121696238078
121696250346
121696261149
121696269572
121696277995
121696289225
121696298197
121696306925
121696318156
121696326823
121696336161
121696348185
121696358378
121696365885
121696374979
121696386332
121696395121
121696406596
121696415995
121696423746
121696434550
121696441996
121696453837
121696461954
121696474466
121696481363
121696490458
121696499552
121696509989
121696521891
121696531595
121696539286
121696550272
121696561991
121696571634
121696582498
121696592020
121696600443
121696609903
121696619241
121696629190
121696638162
121696647745
121696658182
121696667703
121696676736
121696686258
121696697000
121696706522
121696716348
121696725931
121696734781
121696747232
121696755594
121696765359
121696775918
121696784646
121696794900
121696803689
121696815225
121696823953
121696832193
121696842141
121696853860
121696862649
121696876687
121696887979
121696900247
121696914773
121696927712
121696939675
121696956948
121696969582
121696985085
121696996255
121697008706
121697018166
121697030678
121697048928
121697058999
121697072854
121697084633
121697095559
121697105263
121697112160
121697122902
121697132790
121697141518
121697150185
121697159096
121697168373
121697177529
121697186745
121697195534
121697204506
121697213478
121697220741
121697231789
121697239418
121697248146
121697258888
121697266762
121697276405
121697286903
121697294716
121697302895
121697311928
121697322060
121697329628
121697337440
121697347328
121697355507
121697366554
121697377357
121697387245
121697397438
121697407020
121697412269
121697426551
121697435279
121697444496
121697455848
121697465431
121697475563
121697485206
121697492958
121697502540
121697513954
121697523414
121697531043
121697540504
121697551063
121697560584
121697569617
121697579444
121697588660
121697598304
121697608802
121697618323
121697626685
121697636207
121697647681
121697657386
121697666907
121697677283
121697686927
121697697181
121697708228
121697718604
121697729346
121697740271
121697749488
121697759253
121697769690
121697779395
121697787696
121697797156
121697808142
121697817847
121697825964
121697837683
121697844702
121697856482
121697863745
121697876501
121697884863
121697894324
121697904394
121697915564
121697925085
121697934241
121697943030
121697955542
121697965368
121697977575
121697985388
121697996924
121698005163
121698016089
121698024694
121698035925
121698045568
121698053320
121698063696
121698072851
121698084020
121698092932
121698102880
121698111669
121698123327
121698136205
121698143652
121698151159
121698163183
121698173009
121698180761
121698189367
121698200170
121698208593
121698220800
121698227758
121698238195
121698249059
121698257787
121698266576
121698275792
121698285253
121698294591
121698305578
121698313573
121698321264
121698332189
121698341039
121698349706
121698359899
121698369481
121698379369
121698390233
121698397374
121698408849
121698419164
121698427342
121698437413
121698446446
121698457066
121698467137
121698478001
121698486119
121698499364
121698508336
121698518223
121698527562
121698537144
121698550023
121698559361
121698568638
121698578526
121698589756
121698601841
121698610325
121698620091
121698629368
121698639622
121698648350
121698657994
121698667759
121698677037
121698688877
121698696751
121698705479
121698715794
121698727390
121698737583
121698745579
121698758152
121698765842
121698777561
121698785862
121698798008
121698806797
121698818882
121698826755
121698839145
121698847446
121698857029
121698865207
121698878147
121698888523
121698897861
121698907444
121698916111
121698923984
121698933750
121698941623
121698950595
121698957248
121698972873
121698979709
121698991306
121698998813
121699009738
121699016757
121699026035
121699033420
121699046115
121699055148
121699063998
121699073947
121699082736
121699092746
121699101657
121699111789
121699122958
121699131869
121699140597
121699149325
121699160556
121699169467
121699178622
121699191012
121699197482
121699208651
121699215670
121699228976
121699237643
121699247897
121699257479
121699267306
121699277621
121699287692
121699298556
121699308810
121699318331
121699328707
121699338778
121699349093
121699359286
121699369357
121699378085
121699387667
121699396395
121699406100
121699414767
121699424227
121699435152
121699444857
121699453768
121699463472
121699473360
121699482943
121699496126
121699504610
121699515779
121699524141
121699532808
121699543734
121699551790
121699563204
121699572664
121699583895
121699591036
121699602449
121699612764
121699622163
121699631746
121699641206
121699650972
121699662752
121699671785
121699680818
121699691926
121699701143
121699710298
121699723054
121699729463
121699741914
121699749116
121699758760
121699767671
121699779573
121699788911
121699797822
121699806611
121699815950
121699824189
121699836152
121699845124
121699853730
121699862214
121699874848
121699882844
121699892060
121699900788
121699910554
121699921113
121699930146
121699938386
121699947846
121699957917
121699967683
121699978608
121699988496
121699997468
121700006745
121700017548
121700024628
121700035065
121700044526
121700053986
121700063447
121700072968
121700084748
121700093171
121700102936
121700111847
121700121430
121700132538
121700142060
121700151459
121700160736
121700169708
121700178864
121700191010
121700199433
121700207733
121700217316
121700227203
121700236786
121700244476
121700256622
121700265167
121700274689
121700282562
121700295013
121700303680
121700313019
121700321747
121700331268
121700341583
121700351288
121700359100
121700371063
121700378570
121700390594
121700399139
121700408722
121700417450
121700430389
121700437896
121700447784
121700459930
121700469085
121700477081
121700487457
121700497039
121700510345
121700519561
121700529693
121700538848
121700549041
121700558074
121700568328
121700579925
121700590301
121700599517
121700609649
121700617705
121700628142
121700637237
121700647002
121700657622
121700667266
121700675567
121700686248
121700697600
121700710234
121700719023
121700727751
121700736907
121700747466
121700758574
121700766326
121700778655
121700787016
121700799651
121700810271
121700820097
121700831023
121700838164
121700849150
121700858977
121700868132
121700877714
121700889372
121700900481
121700911040
121700926542
121700937895
121700952910
121700964506
121700985746
