133042448533
133042456346
133042465074
133042475328
133042482286
133042491685
133042499376
133042505418
133042516404
133042524278
133042534105
133042541551
133042548753
133042556626
133042565416
133042575303
133042584642
133042591905
133042598924
133042608567
133042615586
133042624558
133042631394
133042641404
133042649949
133042659226
133042668321
133042677964
133042687302
133042698045
133042707261
133042716111
133042724229
133042732468
133042743088
133042750596
133042760483
133042768235
133042776169
133042785996
133042796250
133042804734
133042811387
133042821824
133042829880
133042838425
133042847763
133042856247
133042865403
133042874008
133042882736
133042891220
133042900498
133042909104
133042918747
133042927475
133042937363
133042945297
133042953049
133042964096
133042973618
133042982346
133042990585
133043002426
133043011154
133043019516
133043028366
133043039047
133043048385
133043057052
133043064987
133043075851
133043083969
133043092575
133043103378
133043111862
133043119186
133043131088
133043141342
133043149154
133043157089
133043168136
133043177169
133043185836
133043193405
133043205429
133043214706
133043223251
133043232772
133043241256
133043250106
133043261764
133043270858
133043280013
133043292709
133043301742
133043311385
133043320907
133043327682
133043340194
133043349105
133043359115
133043368209
133043378402
133043387252
133043399886
133043407454
133043417342
133043428450
133043438399
133043446578
133043455977
133043465316
133043475386
133043485457
133043495345
133043505293
133043515364
133043525374
133043534651
133043544356
133043553572
133043561446
133043570418
133043581343
133043591231
133043600996
133043610335
133043619124
133043628462
133043637617
133043647017
133043655745
133043664961
133043674788
133043684065
133043692305
133043701582
133043710859
133043720320
133043729109
133043738508
133043750471
133043759932
133043769026
133043778303
133043787275
133043796430
133043805281
133043814741
133043825727
133043835737
133043844404
133043854292
133043863142
133043873151
133043881757
133043892072
133043903425
133043913679
133043923383
133043933515
133043942548
133043951703
133043962385
133043971418
133043980085
133043989362
133043999982
133044006879
133044016889
133044026227
133044034955
133044044172
133044054670
133044063947
133044072187
133044081586
133044091657
133044100812
133044109723
133044119245
133044131696
133044141705
133044151227
133044160870
133044170941
133044180890
133044188641
133044200543
133044208600
133044217999
133044226971
133044236493
133044247113
133044257062
133044266766
133044279095
133044288434
133044296856
133044307538
133044316082
133044325116
133044335980
133044344830
133044353192
133044362591
133044371258
133044380291
133044391094
133044397503
133044409344
133044417584
133044428814
133044437359
133044445660
133044454510
133044465557
133044475445
133044483746
133044493755
133044502117
133044511150
133044519756
133044529522
133044540386
133044548809
133044560039
133044568157
133044576397
133044585979
133044594280
133044604656
133044613567
133044622966
133044632061
133044643169
133044652202
133044662212
133044674114
133044682109
133044691448
133044702983
133044712016
133044720134
133044733928
133044745342
133044750652
133044762370
133044771465
133044781413
133044790202
133044799968
133044809062
133044819560
133044828776
133044840678
133044848002
133044856791
133044866679
133044877726
133044887736
133044896037
133044903239
133044914775
133044922770
133044931987
133044941508
133044951335
133044959697
133044971965
133044980693
133044990092
133044999735
133045007914
133045015238
133045023783
133045032511
133045043620
133045052287
133045060282
133045067912
133045078776
133045088602
133045097147
133045108500
133045117533
133045125834
133045135111
133045143534
133045153788
133045162821
133045172709
133045183451
133045192179
133045199991
133045207926
133045217142
133045225260
133045236002
133045244181
133045254496
133045261942
133045272074
133045280802
133045289469
133045298685
133045307413
133045319254
133045328287
133045338785
133045347818
133045360941
133045370157
133045379434
133045388101
133045397989
133045405923
133045416971
133045428018
133045433755
133045445718
133045452188
133045461343
133045474405
133045484170
133045494302
133045503701
133045509561
133045519082
133045529641
133045539224
133045549783
133045558938
133045568948
133045577615
133045587503
133045596536
133045605630
133045618997
133045625405
133045634499
133045644570
133045653970
133045664651
133045673928
133045683938
133045693032
133045702981
133045711892
133045721474
133045732094
133045741372
133045749673
133045758278
133045766762
133045780251
133045789650
133045798989
133045807351
133045817177
133045825417
133045837563
133045845497
133045856484
133045864174
133045875283
133045882912
133045890785
133045901589
133045911110
133045920021
133045930763
133045942909
133045952187
133045959572
133045967690
133045979591
133045988747
133045997108
133046006020
133046014748
133046023781
133046032448
133046041664
133046052223
133046060829
133046076393
133046090492
133046101967
133046115455
133046130775
133046143714
133046159400
133046173744
133046184303
133046195228
133046208534
133046221900
133046235206
133046246070
133046259986
133046271278
133046281287
133046296973
133046309424
133046320228
133046331031
133046344825
133046354163
133046366919
133046377967
133046387977
133046397681
133046410376
133046421607
133046431556
133046442725
133046452674
133046463111
133046472998
133046485755
133046495581
133046510169
133046518591
133046531165
133046539710
133046555823
133046567114
133046577978
133046589209
133046599768
133046611059
133046621619
133046634436
133046644140
133046656958
133046667151
133046678991
133046693091
133046705114
133046715857
133046728308
133046738989
133046750219
133046761022
133046773535
133046787329
133046796911
133046810583
133046820104
133046833593
133046843847
133046858923
133046870580
133046880102
133046893896
133046903234
133046915563
133046929967
133046941564
133046953771
133046965429
133046977697
133046989782
133047001012
133047012914
133047025365
133047037023
133047049291
133047060948
133047071569
133047086217
133047097814
133047111546
133047120152
133047134862
133047145543
133047159520
133047169591
133047183507
133047194737
133047205479
133047218907
133047229527
133047240513
133047254368
133047265782
133047276829
133047289219
133047300084
133047312230
133047326207
133047339634
133047352085
133047367222
133047381382
133047392368
133047402012
133047411778
133047420933
133047429661
133047440525
133047449192
133047457798
133047466709
133047475620
133047483433
133047494541
133047504612
133047514988
133047523899
133047531650
133047542637
133047550449
133047557163
133047567234
133047576816
133047584873
133047596164
133047604160
133047615635
133047625034
133047633640
133047643466
133047651401
133047660190
133047668735
133047675937
133047684848
133047695835
133047704440
133047715671
133047726962
133047735873
133047745700
133047754977
133047763828
133047773227
133047782077
133047791293
133047800082
133047811801
133047819675
133047828891
133047838962
133047848056
133047857211
133047866671
133047874728
133047886691
133047895602
133047904391
133047914584
133047923251
133047933505
133047942111
133047952120
133047960665
133047969332
133047981051
133047988619
133047996798
133048009188
133048017245
133048025607
133048033480
133048042208
133048052401
133048059603
133048067721
133048078341
133048090121
133048095553
133048105868
133048113985
133048121920
133048131991
133048140291
133048149325
133048161165
133048169771
133048177340
133048185946
133048195162
133048203829
133048212069
133048221773
133048232088
133048240816
133048249422
133048258272
133048265718
133048276888
133048284456
133048293855
133048302889
133048311617
133048319551
133048328035
133048337801
133048346529
133048355074
133048364412
133048372896
133048381685
133048389741
133048398530
133048409273
133048415803
133048428132
133048437471
133048445955
133048454683
133048461763
133048471772
133048480928
133048489595
133048498506
133048510163
133048517549
133048526399
133048534883
133048543611
133048551362
133048562715
133048571870
133048582368
133048589509
133048599580
133048608552
133048616486
133048624360
133048632966
133048642365
133048651337
133048662202
133048670197
133048678010
133048688264
133048695893
133048704011
133048716218
133048724030
133048732453
133048740449
133048748688
133048758820
133048767609
133048777009
133048788666
133048797760
133048806549
133048815033
133048820404
133048832062
133048841278
133048853119
133048860077
133048870026
133048878754
133048888275
133048894745
133048905182
133048913727
133048922943
133048932343
133048940399
133048949005
133048958710
133048967438
133048974884
133048983551
133048995087
133049004669
133049012054
133049022919
133049031830
133049039642
133049045990
133049057098
133049068634
133049075958
133049084442
133049095245
133049104766
133049114471
133049123199
133049133026
133049142486
133049152252
133049159393
133049170501
133049177398
133049189056
133049196258
133049206207
133049216522
133049225066
133049234649
133049245208
133049252532
133049259856
133049271941
133049282500
133049291839
133049299346
133049307952
133049317290
133049325835
133049334197
133049343657
133049356719
133049365508
133049372466
133049383574
133049391814
133049401213
133049410552
133049420378
133049431609
133049439971
133049448882
133049457060
133049466033
133049474639
133049482817
133049492522
133049504179
133049512419
133049519377
133049530058
133049536711
133049548125
133049556914
133049565947
133049578520
133049587187
133049596159
133049604155
133049611845
133049622038
133049630461
133049641325
133049651884
133049660856
133049669401
133049676909
133049687712
133049695707
133049705168
133049717558
133049726286
133049735319
133049744474
133049756071
133049761747
133049773649
133049786649
133049796964
133049807462
133049815031
133049825529
133049835172
133049843412
133049852140
133049863676
133049872770
133049879728
133049890531
133049898099
133049906827
133049915677
133049924833
133049932645
133049942411
133049952421
133049962003
133049969266
133049978421
133049988858
133049995816
133050007169
133050016263
133050024259
133050035489
133050045133
133050053494
133050061612
133050073575
133050084073
133050094205
133050100308
133050111722
133050120084
133050128751
133050139371
133050148160
133050158047
133050166287
133050174954
133050183194
133050193936
133050205350
133050215176
133050223416
133050232937
133050244229
133050253628
133050262539
133050271817
133050280728
133050291165
133050301846
133050311306
133050318936
133050327847
133050335476
133050346524
133050355068
133050367214
133050376064
133050384121
133050392422
133050402310
133050410488
133050418240
133050426968
133050438808
133050448086
133050458279
133050467190
133050474148
133050482754
133050489651
133050502285
133050513088
133050522548
133050530605
133050539333
133050547817
133050556667
133050565822
133050575161
133050587001
133050595302
133050604213
133050612880
133050621730
133050630153
133050637538
133050649929
133050659267
133050668178
133050676662
133050685329
133050695033
133050703334
133050712978
133050721950
133050732204
133050743007
133050752040
133050759914
133050768581
133050777797
133050788173
133050797023
133050807399
133050816005
133050826686
133050836818
133050846278
133050855311
133050864344
133050874965
133050884242
133050894069
133050903529
133050912318
133050921656
133050930934
133050940333
133050950282
133050959498
133050968104
133050978968
133050992030
133051005335
133051016261
133051034144
133051049647
133051061732
133051076197
133051091089
133051102625
133051113672
133051124903
133051136622
133051147852
133051161463
133051169947
133051184595
133051193262
133051207972
133051218164
133051232752
133051244409
133051255091
133051268518
133051279138
133051291712
133051302637
133051314844
133051325586
133051339746
133051350610
133051362573
133051373132
133051383325
133051397912
133051409143
133051419824
133051431604
133051445276
133051455774
133051470117
133051480310
133051491174
133051505822
133051515283
133051525109
133051538903
133051550683
133051561364
133051573815
133051584802
133051595422
133051609521
133051619775
133051633630
133051644921
133051655968
133051669396
133051680382
133051692528
133051703332
133051715233
133051728966
133051739464
133051750084
133051763573
133051774315
133051786461
133051797264
133051811547
133051822289
133051833946
133051844567
133051858360
133051869164
133051880638
133051894432
133051903587
133051917503
133051928551
133051939232
133051949242
133051963951
133051974571
133051985496
133051999718
133052010521
133052020592
133052032188
133052043297
133052058128
133052067833
133052080894
133052094749
133052105674
133052118064
133052132774
133052144432
133052159324
133052174888
133052185691
133052195152
133052203697
133052215476
133052223655
133052235679
133052242515
133052253989
133052260947
133052270652
133052279807
133052289146
133052300376
133052308921
133052317527
133052326987
133052336448
133052345969
133052354087
133052363608
133052374289
133052383750
133052392356
133052401816
133052410056
133052419638
133052428977
133052438376
133052447714
133052457175
133052467734
133052477255
133052485983
133052495322
133052503378
133052514609
133052522299
133052531027
133052540182
133052551718
133052559592
133052567648
133052577231
133052586813
133052594443
133052606589
133052616842
133052625998
133052634115
133052642965
133052653036
133052661642
133052671225
133052682333
133052688803
133052700766
133052709677
133052718527
133052728781
133052737142
133052747213
133052758505
133052767050
133052775533
133052783834
133052794882
133052805929
133052813741
133052823202
133052837362
133052846151
133052854635
133052865682
133052873434
133052882040
133052890829
133052902425
133052912069
133052923177
133052932393
133052940877
133052949849
133052960653
133052971029
133052978902
133052990377
133052997274
133053007527
133053014485
133053023274
133053031392
133053044393
133053054463
133053063374
133053071675
133053080098
133053088094
133053096883
133053105367
133053114095
133053123311
133053135091
133053144124
133053152486
133053161641
133053170064
133053178731
133053187276
133053197285
133053207844
133053214924
133053225117
133053233540
133053241414
133053252522
133053260029
133053269185
133053280781
133053286091
133053295185
133053305561
133053313679
133053324421
133053331623
133053343830
133053353474
133053362263
133053371357
133053380207
133053387898
133053396259
133053406086
133053417072
133053426289
133053434162
133053444355
133053452656
133053464191
133053474140
133053483661
133053492817
133053501484
133053510944
133053519245
133053528583
133053536884
133053545185
133053555805
133053566242
133053574176
133053583820
133053592121
133053601825
133053610187
133053620502
133053631427
133053640094
133053648212
133053659381
133053664508
133053676471
133053684100
133053693256
133053702777
133053711505
133053721759
133053731097
133053740375
133053749408
133053760638
133053769916
133053777972
133053788714
133053795794
133053806659
133053813434
133053822162
133053831439
133053842730
133053851397
133053859454
133053868121
133053875933
133053885699
133053893817
133053904315
133053912799
133053922137
133053930194
133053938983
133053949114
133053957537
133053968707
133053974688
133053986529
133053995196
133054003069
133054010821
133054021624
133054030169
133054034747
133054045855
133054053789
133054063372
133054071551
133054080462
133054090899
133054098772
133054106951
133054116106
133054124590
133054133928
133054145464
133054153948
133054163408
133054171892
133054181414
133054190752
133054199236
133054207903
133054216143
133054224687
133054229509
133054243364
133054252336
133054261858
133054271745
133054280595
133054288164
133054299272
133054307329
133054316728
133054328020
133054340715
133054351579
133054361650
133054368303
133054378068
133054388566
133054400895
133054410539
133054419511
133054428300
133054436723
133054445329
133054453935
133054462602
133054472184
133054482499
133054492387
133054502214
133054511308
133054520158
133054529557
133054542314
133054549027
133054559037
133054569596
133054578629
133054586808
133054597428
133054604935
133054613847
133054622941
133054632584
133054640641
133054651810
133054659074
133054667740
133054676285
133054684891
133054695695
133054703995
133054713700
133054721756
133054730301
133054738236
133054748490
133054756791
133054767533
133054776261
133054787308
133054795487
133054804032
133054815628
133054823929
133054832840
133054845352
133054854569
133054863297
133054870377
133054877945
133054888443
133054897232
133054906631
133054916214
133054923172
133054931534
133054939529
133054950088
133054957779
133054967056
133054978103
133054987442
133054995498
133055004165
133055013992
133055020645
133055030533
133055038223
133055046463
133055059524
133055068435
133055079666
133055087478
133055098892
133055106216
133055114761
133055122878
133055132095
133055142776
133055150771
133055158828
133055168227
133055176162
133055185622
133055198501
133055207534
133055216018
133055226272
133055235976
133055245315
133055254043
133055263381
133055272658
133055285110
133055295119
133055303969
133055313430
133055322097
133055331923
133055340285
133055349501
133055360976
133055370192
133055382216
133055389235
133055398513
133055408217
133055417555
133055426772
133055438796
133055444899
133055455763
133055462416
133055473219
133055481886
133055490309
133055498915
133055507399
133055516371
133055526503
133055535048
133055543593
133055552504
133055565565
133055575514
133055585463
133055595045
133055603224
133055612745
133055620375
133055631910
133055639906
133055647718
133055658949
133055668104
133055675001
133055684034
133055694166
133055702894
133055713331
133055719251
133055730360
133055739271
133055746717
133055755506
133055765394
133055774183
133055783094
133055792371
133055801160
133055812635
133055824049
133055836744
133055849256
133055864881
133055878126
133055892225
133055903821
133055919996
133055931897
133055942884
133055954663
133055965284
133055977002
133055990918
133055998242
133056008985
133056021985
133056037244
133056048902
133056059827
133056071545
133056083386
133056095166
133056105176
133056115552
133056126172
133056138684
133056157178
133056168774
133056179761
133056191418
133056201489
133056212964
133056225903
133056237744
133056251294
133056260022
133056272473
133056284314
133056295178
133056306835
133056319897
133056331616
133056341747
133056353649
133056366284
133056378246
133056390698
133056402477
133056411816
133056422008
133056437633
133056449291
133056461437
133056473095
133056482555
133056494457
133056507702
133056519359
133056530101
133056544628
133056554454
133056568859
133056578380
133056592296
133056601512
133056615489
133056626110
133056636974
133056649059
133056664684
133056672557
133056687206
133056698924
133056709605
133056723766
133056734508
133056746409
133056761302
133056772716
133056781627
133056793040
133056806834
133056818614
133056831614
133056843272
133056857005
133056868479
133056880686
133056892161
133056904551
133056915721
133056927622
133056939890
133056951731
133056967234
133056982432
133056997630
133057012949
133057024973
133057035105
133057044749
133057056345
133057064524
133057074839
133057082163
133057092478
133057101572
133057108835
133057120371
133057130991
133057139963
133057151011
133057160715
133057169992
133057179270
133057188364
133057195322
133057204477
133057213877
133057224558
133057234018
133057238779
133057250803
133057260812
133057270090
133057278513
133057287912
133057298044
133057307260
133057315256
133057326059
133057336862
133057346017
133057354623
133057366220
133057376718
133057384530
133057394296
133057404916
133057413217
133057424752
133057434152
133057442880
133057451242
133057462655
133057471872
133057480661
133057490304
133057501473
133057510629
133057519357
133057528634
133057538400
133057547738
133057558175
133057567513
133057575631
133057585030
133057597970
133057605843
133057613717
133057624703
133057634041
133057642586
133057652352
133057660775
133057671822
133057680245
133057689217
133057699959
133057710335
133057717965
133057726937
133057735543
133057746712
133057755135
133057764168
133057775948
133057784249
133057792549
133057801583
133057812508
133057820625
133057829292
133057838509
133057849312
133057857735
133057868660
133057876900
133057885384
133057895210
133057906441
133057915779
133057924263
133057933540
133057941963
133057952705
133057961128
133057969978
133057980842
133057989876
133057998481
133058008186
133058019111
133058027473
133058036018
133058046028
133058054573
133058064277
133058072883
133058082283
133058093330
133058102973
133058111457
133058120551
133058128974
133058139778
133058148139
133058155708
133058167426
133058176948
133058185493
133058196235
133058204780
133058214851
133058224006
133058235297
133058244330
133058253058
133058263251
133058274299
133058284553
133058293403
133058303595
133058312446
133058322272
133058331916
133058341681
133058350592
133058359870
133058369513
133058379584
133058388800
133058398993
133058408209
133058418402
133058429389
133058439520
133058448798
133058458991
133058467108
133058476569
133058484503
133058495612
133058504889
133058519415
133058528998
133058539130
133058544623
133058556341
133058565069
133058575506
133058589666
133058600042
133058611639
133058619268
133058629278
133058639471
133058648931
133058659185
133058668768
133058679022
133058686956
133058696905
133058706365
133058718145
133058727422
133058738409
133058747625
133058755804
133058768682
133058775884
133058788763
133058797979
133058807073
133058816961
133058827337
133058835882
133058845952
133058857549
133058867681
133058875310
133058885320
133058896062
133058905401
133058913518
133058922551
133058931707
133058941655
133058953191
133058963323
133058972844
133058983159
133058994329
133059004888
133059012944
133059023076
133059032353
133059042607
133059053044
133059063664
133059073735
133059082951
133059091557
133059101262
133059110661
133059120793
133059130864
133059141118
133059146733
133059158146
133059167668
133059177800
133059187382
133059197941
133059207585
133059218388
133059227665
133059239994
133059249333
133059258976
133059268376
133059277470
133059287785
133059295841
133059308964
133059317936
133059327519
133059335575
133059347843
133059355412
133059368107
133059377323
133059386967
133059395084
133059407902
133059416569
133059426700
133059435612
133059447208
133059456241
133059465153
133059476261
133059485050
133059494205
133059501957
133059509281
133059518619
133059526920
133059536258
133059546695
133059554996
133059563663
133059573062
133059582462
133059591983
133059600406
133059612369
133059622318
133059630679
133059640750
133059649112
133059656802
133059668338
133059678287
133059687198
133059697086
133059705630
133059716128
133059727115
133059735049
133059743716
133059756595
133059764468
133059774112
133059782535
133059793155
133059801883
133059811343
133059819766
133059829898
133059843264
133059849856
133059861026
133059869448
133059877017
133059885440
133059895022
133059903506
133059912356
133059922000
133059930178
133059938845
133059947512
133059956240
133059965884
133059974490
133059984743
133059993777
133060003054
133060011904
133060019778
133060028445
133060037600
133060046206
133060054812
133060067080
133060077089
133060085268
133060094362
133060106386
133060115664
133060124086
133060133303
133060142397
133060152773
133060159975
133060168276
133060176699
133060187624
133060198244
133060206301
133060216676
133060224550
133060232668
133060242861
133060250124
133060260439
133060269594
133060277834
133060289369
133060297853
133060307008
133060316835
133060325563
133060336854
133060346498
133060356935
133060367677
133060375917
133060384706
133060394044
133060406129
133060415406
133060425355
133060434632
133060443360
133060452699
133060463014
133060472596
133060478028
133060491456
133060501954
133060512086
133060520081
133060529176
133060539430
133060548951
133060558472
133060568116
133060577393
133060586793
133060596741
133060606019
133060615479
133060624512
133060633607
133060646546
133060655335
133060665772
133060675660
133060683350
133060693726
133060703736
133060714295
133060723633
133060732849
133060742493
133060750550
133060759949
133060770874
133060777771
133060789002
133060798401
133060808167
133060819763
133060829895
133060844605
133060854736
133060870300
133060885803
133060896545
133060913696
133060925171
133060936706
133060942993
133060958557
133060968078
133060982971
133060994507
133061006408
133061018798
133061030212
133061043457
133061055114
133061064331
133061078979
133061089660
133061101318
133061112670
133061124084
133061134582
133061148986
133061158508
133061170043
133061182189
133061193725
133061203979
133061218688
133061229064
133061240783
133061252624
133061264159
133061274901
133061286559
133061298522
133061310302
133061320494
133061331908
133061345214
133061356871
133061367980
133061379332
133061389891
133061401488
133061413451
133061427916
133061441161
133061451598
133061462157
133061475279
133061486693
133061497252
133061508971
133061519835
133061531798
133061542540
133061554442
133061568113
133061579710
133061590208
133061601378
133061615721
133061627562
133061636595
133061651487
133061662901
133061674192
133061684568
133061696287
133061705503
133061719541
133061731992
133061743711
133061757444
133061768919
133061781797
133061793211
133061804136
133061815244
133061828306
133061839902
133061849912
133061861387
133061871824
133061883298
133061897580
133061910093
133061920163
133061931455
133061941465
133061956113
133061971311
133061982541
133061997190
133062012814
133062023068
133062031491
133062040830
133062049985
133062059323
133062068906
133062080563
133062090268
133062098752
133062108700
133062116452
133062128293
133062138730
133062147885
133062157956
133062167111
133062176999
133062185666
133062193600
133062203000
133062211666
133062221188
133062230954
133062240597
133062252316
133062260861
133062269833
133062281368
133062290829
133062299374
133062307919
133062319027
133062327389
133062336117
133062345516
133062354427
133062364559
133062376522
133062384884
133062393490
133062402218
133062410824
133062422298
133062431026
133062439632
133062450863
133062459652
133062468258
133062476375
133062488155
133062497799
133062506649
133062515071
133062526119
133062534053
133062545345
133062554378
133062563716
133062575008
133062586421
133062596004
133062606075
133062615718
133062626155
133062635433
133062644832
133062651668
133062663142
133062672298
133062680843
133062689998
133062712825
133062728511
133062738215
133062750056
133062759944
133062768184
133062780513
133062790400
133062798945
133062808772
133062819209
133062828852
133062840754
133062849604
133062858088
133062866633
133062876948
133062885676
133062896479
133062908320
133062917231
133062926020
133062935664
133062944941
133062953974
133062963679
133062975397
133062982966
133062991938
133063002436
133063012751
133063021601
133063034174
133063042963
133063052607
133063062067
133063071650
133063080988
133063091242
133063102594
133063112482
133063121820
133063131098
133063140863
133063150751
133063161554
133063171381
133063179682
133063189203
133063200678
133063208124
133063220270
133063227777
133063238153
133063247614
133063257623
133063266718
133063277887
133063285638
133063296625
133063306634
133063317132
133063327020
133063336297
133063346246
133063356561
133063366815
133063378289
133063385980
133063392572
133063405999
133063414666
133063424188
133063434259
133063444696
133063454522
133063463250
133063471734
133063480523
133063489739
133063498406
133063507623
133063517266
133063521783
133063532769
133063543572
133063553399
133063562310
133063571648
133063581109
133063591302
133063600274
133063609795
133063618584
133063628045
133063634881
133063643059
133063655633
133063664910
133063673516
133063682427
133063692498
133063702141
133063706902
133063718071
133063731499
133063740837
133063745354
133063757073
133063766411
133063775078
133063782585
133063791374
133063799675
133063808952
133063816094
133063827019
133063834892
133063845757
133063853813
133063862602
133063871208
133063880363
133063891167
133063898125
133063907768
133063917412
133063926994
133063937309
133063948601
133063961662
133063970024
133063983207
133063992851
133064001396
133064010551
133064022575
133064031852
133064040153
133064050834
133064058891
133064068412
133064076103
133064087211
133064096610
133064108512
133064117057
133064124992
133064133781
133064143974
133064152091
133064166495
133064172843
133064183768
133064192557
133064199515
133064210380
133064219413
133064228080
133064237479
133064246818
133064255851
133064265250
133064273734
133064282584
133064291678
133064300956
133064310355
133064320792
133064331534
133064341666
133064350394
133064363333
133064370535
133064380545
133064391409
133064400809
133064411490
133064420035
133064428580
133064440970
133064451041
133064459586
133064468924
133064477652
133064487540
133064496329
133064505301
133064515494
133064525076
133064535391
133064546438
133064556631
133064565847
133064575857
133064586416
133064596365
133064605337
133064615347
133064625601
133064635244
133064646780
133064655813
133064664480
133064678396
133064685537
133064694814
133064706411
133064718923
133064729238
133064734914
133064746572
133064758657
133064768117
133064773428
133064784780
133064793325
133064802541
133064814199
133064820791
133064832570
133064841848
133064851796
133064863210
133064871938
133064881337
133064892873
133064903249
133064912282
133064922475
133064932424
133064942922
133064950490
133064961843
133064969472
133064980763
133064988515
133064999501
133065007558
133065017751
133065026662
133065035512
133065044484
133065055836
133065064931
133065073231
133065080617
133065092641
133065101247
133065109120
133065119252
133065128041
133065135975
133065144154
133065154835
133065162892
133065171376
133065182057
133065192372
133065201771
133065210682
133065220448
133065230702
133065240650
133065249562
133065259144
133065266834
133065276783
133065285389
133065297047
133065304432
133065313404
133065325611
133065334522
133065343555
133065351490
133065361378
133065370655
133065381885
133065390369
133065399830
133065407642
133065420215
133065429737
133065439808
133065450245
133065460010
133065465198
133065478687
133065488086
133065497547
133065506397
133065515857
133065526783
133065536304
133065546070
133065556140
133065561450
133065572986
133065581531
133065593555
133065602893
133065613025
133065621265
133065631580
133065640796
133065653552
133065660937
133065670093
133065681079
133065689258
133065697864
133065706347
133065717334
133065726428
133065737292
133065743213
133065754260
133065764453
133065773242
133065782885
133065797351
133065809191
133065818713
133065831164
133065848132
133065861926
133065874499
133065890368
133065901965
133065915881
133065926440
133065937853
133065951891
133065963183
133065975146
133065985766
133065999315
133066009447
133066023302
133066033922
133066046557
133066060717
133066072435
133066084887
133066096971
133066108873
133066120714
133066132433
133066143724
133066156359
133066167894
133066178453
133066189928
133066201952
133066213792
133066226671
133066238145
133066249132
133066261217
133066273790
133066285692
133066296800
133066308763
133066320604
133066335252
133066346849
133066357469
133066369798
133066380113
133066390550
133066405259
133066413987
133066428819
133066439073
133066452683
133066463609
133066473863
133066484605
133066498094
133066509385
133066519883
133066534531
133066543748
133066555405
133066569810
133066581345
133066591904
133066603623
133066616929
133066628830
133066638657
133066650498
133066664231
133066675950
133066690171
133066701889
133066712326
133066723862
133066735214
133066746750
133066756821
133066772019
133066781479
133066793381
133066806381
133066817795
133066827621
133066841965
133066853683
133066864242
133066878158
133066888779
133066899704
133066913009
133066922409
133066935898
133066950790
133066960373
133066979477
133066990280
133067001510
133067012130
133067020065
133067030563
133067039230
133067051132
133067055770
133067068344
133067078231
133067087692
133067096847
133067106551
133067115585
133067125289
133067135970
133067141952
133067153670
133067163253
133067171371
133067182479
133067191512
133067201278
133067212020
133067221419
133067230086
133067239669
133067248946
133067258407
133067267379
133067276900
133067286849
133067296309
133067305037
133067314376
133067323836
133067333174
133067343672
133067353133
133067362959
133067369978
133067379439
133067389082
133067399580
133067409224
133067417891
133067427412
133067437483
133067446883
133067455794
133067465132
133067473677
133067483320
133067493330
133067502608
133067512739
133067522139
133067530806
133067540510
133067549238
133067558699
133067568403
133067580061
133067589399
133067596296
133067607283
133067616804
133067625349
133067634687
133067645918
133067655012
133067663618
133067675215
133067683393
133067693525
133067702680
133067711286
133067720625
133067729230
133067740827
133067749433
133067757978
133067766706
133067778058
133067786542
133067796369
133067804914
133067814741
133067823285
133067833417
133067841962
133067852094
133067860517
133067871808
133067880292
133067892560
133067897443
133067908490
133067920819
133067930097
133067938703
133067948102
133067957990
133067966535
133067975934
133067985394
133067994733
133068004315
133068016095
133068028973
133068035382
133068048444
133068057782
133068068097
133068077008
133068090130
133068097272
133068110028
133068118084
133068130230
133068138958
133068149640
133068157940
133068166546
133068176800
133068188641
133068197857
133068205242
133068214642
133068225933
133068235028
133068242047
133068254742
133068262432
133068271221
133068280560
133068289654
133068299175
133068308514
133068318462
133068327740
133068338604
133068348003
133068355511
133068367168
133068374248
133068386211
133068393902
133068405498
133068416485
133068424968
133068434307
133068445659
133068454082
133068465191
133068473613
133068485759
133068495098
133068504680
133068514263
133068523479
133068533733
133068539470
133068552837
133068560039
133068571147
133068579448
133068588298
133068595256
133068606059
133068615031
133068625041
133068634196
133068643108
133068652751
133068661601
133068669658
133068678325
133068687236
133068697062
133068707255
133068716655
133068725749
133068734233
133068741618
133068752299
133068760051
133068770915
133068780070
133068788188
133068797953
133068806315
133068815653
133068824809
133068836650
133068845255
133068857646
133068865214
133068876811
133068884318
133068894267
133068906535
133068916727
133068926737
133068938090
133068946085
133068956095
133068967814
133068977701
133068989786
133068999247
133069008036
133069017740
133069027445
133069037577
133069047709
133069057108
133069066385
133069078226
133069087686
133069095377
133069103495
133069113443
133069120951
133069134500
133069143472
133069151163
133069160318
133069170450
133069182169
133069189371
133069200235
133069209634
133069219400
133069226968
133069237833
133069245401
133069254190
133069262857
133069271585
133069283792
133069292337
133069301797
133069310220
133069319253
133069328042
133069336648
133069346170
133069358011
133069366983
133069377542
133069386026
133069394570
133069406411
133069415567
133069424356
133069435769
133069444253
133069452676
133069460366
133069469216
133069479348
133069487710
133069498940
133069508645
133069518777
133069527932
133069535866
133069544228
133069552285
133069563943
133069574196
133069583901
133069592507
133069601906
133069611184
133069620095
133069628762
133069637490
133069650551
133069658791
133069667641
133069676308
133069685219
133069694130
133069702614
133069711342
133069719521
133069732033
133069741066
133069751076
133069762306
133069773293
133069779579
133069788979
133069800270
133069809792
133069819618
133069833290
133069839821
133069849220
133069863319
133069871864
133069881813
133069890358
133069902199
133069910927
133069919777
133069927284
133069938759
133069945961
133069956337
133069965248
133069977272
133069986427
133069997291
133070005775
133070014442
133070026039
133070035865
133070044837
133070052467
133070064552
133070074806
133070084266
133070095130
133070104469
133070114051
133070126014
133070132667
133070145728
133070152747
133070164832
133070177161
133070184913
133070195899
133070203162
133070217383
133070227271
133070236976
133070246497
133070256446
133070267066
133070276953
133070285376
133070297522
133070306861
133070315528
133070325537
133070334143
133070344153
133070353064
133070363806
133070372962
133070382544
133070394812
133070404272
133070413550
133070424475
133070433020
133070442114
133070450598
133070461340
133070469763
133070477331
133070489050
133070496374
133070506506
133070516516
133070523718
133070535681
133070541052
133070554785
133070565161
133070572973
133070582373
133070593176
133070600683
133070613439
133070622778
133070632055
133070641210
133070654028
133070662145
133070671423
133070682836
133070693823
133070702734
133070713354
133070723241
133070734838
133070749181
133070760778
133070772802
133070783727
133070800329
