157507059854
157507070413
157507079813
157507087259
157507096414
157507103738
157507114236
157507123636
157507131692
157507141397
157507148111
157507158487
157507165262
157507175454
157507182718
157507191018
157507198648
157507208963
157507215921
157507226236
157507233132
157507241494
157507252175
157507259683
157507268960
157507277932
157507285317
157507292947
157507304849
157507309792
157507320535
157507332375
157507338052
157507349099
157507357034
157507367898
157507375588
157507381142
157507392556
157507400918
157507411172
157507420632
157507428689
157507436928
157507447060
157507455544
157507465371
157507474831
157507482888
157507491005
157507500466
157507511757
157507519814
157507529396
157507537575
157507545815
157507556008
157507566445
157507574501
157507583656
157507591225
157507598976
157507611427
157507620827
157507629250
157507636635
157507645119
157507653114
157507660683
157507671120
157507680824
157507690224
157507698830
157507709633
157507716835
157507727760
157507737098
157507745460
157507754982
157507766823
157507775306
157507782203
157507794227
157507802589
157507811317
157507822303
157507831581
157507840187
157507850135
157507859474
157507869789
157507881263
157507888893
157507899146
157507909522
157507919715
157507929847
157507940101
157507949928
157507958717
157507968970
157507977943
157507988563
157507999427
157508005775
157508017432
157508027137
157508036658
157508046729
157508056128
157508067054
157508075782
157508085547
157508094642
157508104102
157508113684
157508119361
157508130469
157508139929
157508150244
157508159583
157508169531
157508177832
157508186316
157508195715
157508203894
157508212256
157508222083
157508233679
157508242285
157508250769
157508259192
157508270605
157508280066
157508290747
157508299902
157508311560
157508321570
157508330969
157508338598
157508347387
157508358313
157508368445
157508377661
157508386389
157508394079
157508404821
157508415136
157508424292
157508434790
157508443212
157508449743
157508458898
157508468725
157508478185
157508485327
157508494482
157508503332
157508513647
157508522070
157508531347
157508541662
157508550756
157508558996
157508568212
157508573400
157508585607
157508597143
157508606786
157508612279
157508624853
157508635412
157508644933
157508652501
157508662572
157508672521
157508682653
157508690587
157508700414
157508710668
157508717137
157508728917
157508735814
157508747777
157508756383
157508765599
157508774755
157508784520
157508793431
157508802403
157508814855
157508823644
157508832249
157508842625
157508850560
157508862889
157508871373
157508878636
157508888280
157508899083
157508909032
157508918248
157508927830
157508939427
157508949559
157508957860
157508970494
157508978489
157508987584
157508995579
157509004856
157509013523
157509022923
157509030918
157509041477
157509052525
157509060337
157509071018
157509080540
157509087254
157509095310
157509106785
157509117283
157509125767
157509133945
157509140354
157509151218
157509163853
157509170505
157509179478
157509190464
157509201938
157509210239
157509219822
157509227756
157509236545
157509246799
157509255893
157509266941
157509275486
157509284458
157509293003
157509304416
157509312778
157509322055
157509330356
157509342075
157509351779
157509359897
157509368381
157509376987
157509386142
157509396030
157509402866
157509412814
157509422641
157509432040
157509441196
157509450534
157509461032
157509470065
157509480136
157509490268
157509501071
157509510043
157509519015
157509529574
157509538791
157509546420
157509555331
157509563571
157509574191
157509585055
157509592746
157509603366
157509613253
157509622409
157509628817
157509641390
157509650302
157509660128
157509668429
157509676730
157509683932
157509692843
157509703341
157509712618
157509723238
157509732088
157509739779
157509748873
157509759493
157509768771
157509779452
157509788485
157509796786
157509807223
157509815767
157509825838
157509835360
157509845430
157509854097
157509864046
157509874361
157509884005
157509892977
157509903475
157509913301
157509922457
157509932222
157509941683
157509952852
157509962496
157509973360
157509983980
157509993746
157510001619
157510013704
157510023103
157510034822
157510044221
157510052461
157510061677
157510072298
157510080293
157510090242
157510098787
157510109102
157510118318
157510129915
157510139131
157510147310
157510156099
157510165803
157510174409
157510188935
157510198030
157510208528
157510216462
157510225129
157510237336
157510247529
157510255525
157510268464
157510276460
157510287141
157510298249
157510308259
157510318208
157510328156
157510337678
157510348176
157510357514
157510368378
157510378327
157510388398
157510397187
157510409577
157510417695
157510430329
157510438386
157510447724
157510458100
157510466706
157510477692
157510486054
157510496857
157510505707
157510515045
157510523041
157510533478
157510542877
157510553803
157510563324
157510574738
157510584137
157510593781
157510602875
157510614044
157510623199
157510631866
157510642120
157510652191
157510662445
157510672882
157510680328
157510692413
157510699737
157510710235
157510720489
157510728485
157510738739
157510749542
157510761078
157510767975
157510781646
157510793243
157510807586
157510819610
157510839630
157510852874
157510865997
157510877227
157510890655
157510906463
157510920196
157510933440
157510945769
157510957122
157510973724
157510984222
157510997771
157511012298
157511022429
157511036162
157511044280
157511058318
157511068145
157511080046
157511095244
157511107817
157511122588
157511131316
157511141875
157511151946
157511160246
157511167327
157511179595
157511187590
157511197051
157511205290
157511213286
157511221831
157511231291
157511242827
157511251494
157511261748
157511269499
157511277739
157511287565
157511295805
157511303251
157511313505
157511321379
157511329924
157511341398
157511349943
157511354582
157511364470
157511372221
157511384733
157511389250
157511398771
157511410246
157511418730
157511426969
157511435331
157511444181
157511452909
157511460722
157511469145
157511478361
157511486906
157511495390
157511503751
157511513151
157511521940
157511530607
157511539213
157511548917
157511557462
157511566007
157511574613
157511581510
157511592740
157511599821
157511608304
157511616117
157511626493
157511635038
157511642545
157511652250
157511659757
157511667997
157511679532
157511688565
157511698026
157511708158
157511718351
157511729215
157511735990
157511746671
157511754361
157511763333
157511775235
157511783597
157511791531
157511803922
157511812344
157511821011
157511833035
157511839383
157511852139
157511858487
157511869595
157511881863
157511890713
157511900906
157511909573
157511920132
157511929104
157511939236
157511949551
157511960415
157511966214
157511977261
157511985867
157511994107
157512004055
157512015164
157512025296
157512036465
157512045986
157512053250
157512064968
157512073635
157512083279
157512092190
157512101406
157512111355
157512118191
157512128567
157512137600
157512146511
157512155849
157512163967
157512174404
157512185573
157512192837
157512202480
157512213588
157512222561
157512232387
157512241787
157512252224
157512261440
157512271450
157512280056
157512289455
157512297451
157512305629
157512315273
157512324489
157512335720
157512344814
157512352321
157512360561
157512369106
157512378871
157512387416
157512395839
157512407741
157512419032
157512427333
157512435878
157512445155
157512455409
157512474696
157512487330
157512497523
157512505214
157512514430
157512525721
157512533534
157512543055
157512554530
157512566798
157512574305
157512586207
157512592738
157512604029
157512613246
157512621424
157512631922
157512640772
157512649989
157512658900
157512668910
157512676661
157512691248
157512700160
157512709803
157512718165
157512728358
157512738673
157512745997
157512757349
157512767054
157512776636
157512786707
157512796534
157512806971
157512815821
157512825159
157512835901
157512841639
157512851954
157512864344
157512873987
157512882593
157512892237
157512903223
157512912500
157512920679
157512933496
157512941797
157512950891
157512961389
157512968530
157512978845
157512988001
157512996301
157513006311
157513017969
157513027978
157513036340
157513045557
157513055383
157513064599
157513073877
157513085229
157513094018
157513103235
157513111719
157513120996
157513130212
157513136071
157513146325
157513156945
157513167016
157513172998
157513183496
157513191064
157513201928
157513209924
157513220727
157513231286
157513239953
157513247949
157513258019
157513266076
157513274438
157513284081
157513292565
157513303246
157513312096
157513322411
157513328576
157513341149
157513347436
157513359154
157513367455
157513377831
157513386681
157513397851
157513406212
157513417748
157513423729
157513432885
157513444787
157513450951
157513463829
157513471886
157513481285
157513489342
157513498619
157513508690
157513518212
157513526207
157513536888
157513546654
157513556786
157513566307
157513574730
157513585777
157513593712
157513604088
157513614769
157513623131
157513634239
157513644249
157513654198
157513662987
157513672996
157513681969
157513694847
157513703209
157513712242
157513720848
157513732322
157513738426
157513750023
157513757652
157513767723
157513778221
157513786766
157513796592
157513806785
157513815940
157513825950
157513838157
157513847801
157513855796
157513864829
157513874839
157513881858
157513892661
157513899619
157513909019
157513919761
157513931663
157513938499
157513949668
157513956687
157513966331
157513975852
157513986899
157513993857
157514004477
157514012778
157514022849
157514031089
157514040305
157514050193
157514058799
157514070212
157514080466
157514088645
157514097129
157514106772
157514115134
157514123618
157514132956
157514145468
157514154440
157514162863
157514172141
157514180747
157514190634
157514198691
157514208151
157514218832
157514226462
157514237387
157514247214
157514256735
157514265890
157514274069
157514283041
157514292624
157514302450
157514311789
157514320334
157514329306
157514337790
157514347067
157514356100
157514364950
157514375998
157514388143
157514396810
157514404562
157514414816
157514422933
157514434652
157514442282
157514452291
157514460836
157514470602
157514479635
157514488851
157514498983
157514508443
157514517049
157514527914
157514537496
157514547079
157514557027
157514567037
157514575399
157514584859
157514593709
157514602987
157514612203
157514621602
157514631490
157514640828
157514649129
157514658529
157514668966
157514679769
157514688924
157514698323
157514706258
157514716023
157514724507
157514733907
157514742269
157514753682
157514762593
157514771016
157514782246
157514791707
157514799825
157514808064
157514819661
157514830098
157514840657
157514853902
157514868550
157514881978
157514892659
157514906331
157514922017
157514934102
157514947407
157514960102
157514973652
157514984455
157514995259
157515008381
157515020710
157515032673
157515042805
157515055866
157515063862
157515073261
157515084980
157515090351
157515102070
157515110615
157515118244
157515128376
157515137897
157515145588
157515156147
157515164997
157515175068
157515184162
157515192341
157515200153
157515208515
157515217304
157515227375
157515236286
157515243671
157515252216
157515262592
157515271076
157515282062
157515291400
157515298786
157515309833
157515318195
157515326557
157515337116
157515348102
157515357562
157515367084
157515375263
157515384296
157515392230
157515402728
157515411578
157515422382
157515431659
157515439044
157515448260
157515459796
157515467364
157515478107
157515487323
157515497333
157515507586
157515517169
157515526263
157515534930
157515543841
157515552752
157515562030
157515571673
157515582049
157515590472
157515599688
157515608905
157515618060
157515624713
157515632708
157515643878
157515653521
157515662005
157515669878
157515676104
157515686602
157515697649
157515705523
157515713518
157515724078
157515734148
157515741778
157515752154
157515760638
157515768023
157515775469
157515785967
157515791765
157515801958
157515809588
157515819841
157515827654
157515837664
157515845354
157515852983
157515862261
157515871660
157515880571
157515888384
157515899614
157515908403
157515915972
157515923967
157515934343
157515942400
157515950701
157515958879
157515970232
157515978288
157515985674
157515994524
157516003252
157516013017
157516023698
157516031511
157516039567
157516051225
157516058610
157516067705
157516078569
157516088457
157516096330
157516105607
157516115617
157516124955
157516133683
157516143144
157516152787
157516160112
157516171342
157516181291
157516190568
157516200212
157516208879
157516214738
157516223527
157516234513
157516245255
157516255204
157516262467
157516273759
157516283707
157516290055
157516301896
157516312333
157516320084
157516329789
157516334977
157516345292
157516356278
157516365922
157516374161
157516383744
157516392472
157516400467
157516412919
157516419144
157516431839
157516442521
157516452530
157516464798
157516473343
157516483231
157516490433
157516500748
157516509476
157516520157
157516529556
157516536270
157516547989
157516558121
157516567520
157516577164
157516585159
157516593643
157516604935
157516614273
157516623428
157516629288
157516641739
157516650040
157516660049
157516669021
157516678177
157516689407
157516699722
157516707962
157516716140
157516726272
157516735366
157516744400
157516754715
157516765213
157516775466
157516784317
157516794387
157516804641
157516814590
157516824661
157516834854
157516844802
157516855056
157516864394
157516874587
157516882278
157516892226
157516902724
157516908279
157516918899
157516927138
157516939651
157516948928
157516956862
157516966262
157516976821
157516983291
157516996108
157517006118
157517011855
157517023269
157517034194
157517042311
157517052626
157517060805
157517070327
157517079543
157517089553
157517097182
157517105178
157517112746
157517123183
157517130324
157517138014
157517146193
157517156935
157517165114
157517173048
157517182143
157517192885
157517201125
157517211989
157517221693
157517233778
157517242506
157517249953
157517259108
157517269362
157517278639
157517286696
157517296644
157517307325
157517316481
157517325880
157517335279
157517346083
157517355787
157517363356
157517372511
157517381544
157517391737
157517400282
157517409620
157517419508
157517426710
157517438246
157517446363
157517455396
157517465589
157517474500
157517484144
157517494032
157517501234
157517512586
157517521925
157517533277
157517542737
157517551771
157517560987
157517565992
157517577955
157517589490
157517598340
157517604810
157517616468
157517625745
157517635694
157517645703
157517653882
157517664197
157517675855
157517684461
157517694776
157517703137
157517712415
157517723828
157517730969
157517740003
157517750745
157517759900
157517769544
157517777722
157517788586
157517794751
157517807629
157517813184
157517825940
157517835766
157517844739
157517854260
157517863293
157517874890
157517883862
157517892712
157517900708
157517910840
157517918652
157517930432
157517938794
157517947949
157517956433
157517965954
157517974804
157517986889
157517994396
157518004956
157518012829
157518022656
157518032360
157518041638
157518049572
157518059765
157518070873
157518080151
157518089855
157518099255
157518109203
157518118481
157518127636
157518137646
157518147533
157518156261
157518164928
157518172191
157518183300
157518190441
157518202770
157518210949
157518221080
157518227306
157518240673
157518247020
157518259594
157518265880
157518277233
157518286571
157518297374
157518305431
157518316112
157518323863
157518332591
157518341014
157518349681
157518359691
157518370250
157518379161
157518389903
157518396373
157518406871
157518416759
157518426402
157518436900
157518446605
157518457469
157518466075
157518475718
157518484385
157518495738
157518504832
157518515757
157518528575
157518535167
157518544505
157518554087
157518563792
157518572520
157518581980
157518591624
157518601634
157518611338
157518619273
157518628550
157518637156
157518644969
157518654246
157518663828
157518674387
157518685130
157518695628
157518707529
157518716807
157518726755
157518736094
157518744639
157518754648
157518763560
157518776377
157518784983
157518795908
157518811350
157518822947
157518837717
157518848581
157518862314
157518877451
157518888864
157518902841
157518915415
157518927561
157518942087
157518954782
157518965891
157518985239
157518995981
157519011850
157519022531
157519031686
157519040658
157519049936
157519058114
157519066842
157519075143
157519083688
157519094308
157519102853
157519110788
157519118417
157519127267
157519138314
157519147958
157519155587
157519166207
157519173165
157519184579
157519194528
157519205453
157519214120
157519221200
157519231088
157519243112
157519252084
157519261361
157519271127
157519280282
157519290047
157519301278
157519312020
157519320382
157519330575
157519341073
157519351143
157519359566
157519369515
157519378487
157519389534
157519400399
157519409615
157519417366
157519427437
157519437508
157519447396
157519456978
157519467110
157519478462
157519488655
157519498970
157519509163
157519518318
157519527596
157519535591
157519546089
157519555977
157519566048
157519577705
157519587837
157519595955
157519608284
157519620369
157519629097
157519639534
157519649483
157519658821
157519668892
157519677681
157519690742
157519700508
157519709541
157519716682
157519729194
157519738533
157519746650
157519756355
157519766975
157519776435
157519787849
157519797614
157519807868
157519815009
157519826301
157519835761
157519846504
157519856574
157519864265
157519874030
157519884467
157519893867
157519903022
157519912177
157519921516
157519932868
157519939216
157519948676
157519957404
157519966620
157519975593
157519984870
157519995124
157520005011
157520013678
157520022895
157520033393
157520040107
157520049262
157520058844
157520067267
157520078375
157520088263
157520097785
157520107550
157520113532
157520125617
157520133917
157520143073
157520157050
157520167609
157520177679
157520185614
157520198126
157520208380
157520215826
157520226507
157520236639
157520245184
157520254522
157520263922
157520273016
157520280951
157520289557
157520298773
157520307989
157520317022
157520326178
157520336309
157520343267
157520353704
157520359686
157520370733
157520383612
157520392401
157520401068
157520409735
157520419256
157520429815
157520439153
157520447881
157520459173
157520468206
157520476568
157520488653
157520498174
157520508245
157520516729
157520526983
157520538274
157520547552
157520554204
157520568426
157520574651
157520586797
157520593328
157520607976
157520614324
157520624944
157520633611
157520644048
157520652898
157520661016
157520670903
157520683110
157520692754
157520700078
157520711492
157520719853
157520729070
157520738652
157520745610
157520755376
157520766606
157520774846
157520784245
157520792973
157520802190
157520810734
157520820561
157520830327
157520839665
157520849858
157520858769
157520867497
157520876896
157520884648
157520894047
157520902714
157520913517
157520922917
157520932438
157520941532
157520950871
157520961308
157520970341
157520978581
157520988896
157520997135
157521005375
157521015080
157521023136
157521031864
157521041691
157521050358
157521059940
157521071659
157521080021
157521088566
157521098576
157521107242
157521113529
157521125736
157521132816
157521143009
157521152714
157521161930
157521171512
157521180179
157521187259
157521198734
157521210331
157521219425
157521229251
157521238407
157521247867
157521256290
157521267948
157521276248
157521286807
157521295413
157521304141
157521311954
157521320255
157521328738
157521339603
157521347537
157521357486
157521366092
157521376407
157521386111
157521394168
157521402347
157521411441
157521425113
157521431582
157521442813
157521452090
157521460513
157521469851
157521479922
157521485843
157521494204
157521505496
157521516543
157521526553
157521535220
157521544131
157521554019
157521562991
157521569522
157521581668
157521590762
157521601687
157521608279
157521618105
157521627444
157521639407
157521648867
157521659609
157521668642
157521678103
157521686465
157521695864
157521704653
157521716067
157521724734
157521734682
157521743960
157521755129
157521764712
157521773501
157521781923
157521791445
157521799929
157521813112
157521821108
157521830141
157521841188
157521849489
157521855532
157521866274
157521877809
157521887941
157521894350
157521906984
157521913454
157521925111
157521933595
157521942140
157521949953
157521960268
157521972292
157521980409
157521988710
157521998964
157522005128
157522014284
157522024232
157522035890
157522044862
157522053834
157522062867
157522073060
157522081544
157522092592
157522100892
157522109681
157522118348
157522129884
157522136354
157522147584
157522155763
157522165162
157522173768
157522183717
157522195497
157522203797
157522214356
157522222718
157522231141
157522239259
157522248231
157522259827
157522268739
157522277528
157522286805
157522297181
157522306580
157522317628
157522329041
157522339295
157522348023
157522357056
157522366822
157522375977
157522384705
157522390503
157522400025
157522414124
157522424561
157522431580
157522441834
157522450867
157522459046
157522467102
157522478638
157522489075
157522497803
157522507630
157522518555
157522528320
157522538269
157522547913
157522555725
157522566406
157522575561
157522585998
157522597473
157522608276
157522617554
157522627441
157522638733
157522649048
157522658264
157522668762
157522677368
157522690551
157522699646
157522710083
157522718322
157522729003
157522738647
157522748840
157522759704
157522769714
157522778503
157522788696
157522798644
157522814269
157522828368
157522836120
157522854919
157522872131
157522885253
157522903869
157522918517
157522930846
157522945312
157522957457
157522970336
157522986022
157522997191
157523010375
157523023314
157523032958
157523040831
157523050109
157523061156
157523069579
157523079833
157523089537
157523098021
157523106993
157523115538
157523124022
157523132811
157523141905
157523150328
157523160582
157523169127
157523176817
157523185484
157523193297
157523203856
157523213743
157523222410
157523233092
157523242430
157523252806
157523262816
157523273069
157523284117
157523293699
157523303648
157523313353
157523323606
157523332151
157523342344
157523351927
157523362303
157523371153
157523381346
157523391172
157523400388
157523409544
157523418638
157523430235
157523440549
157523450132
157523459287
157523467039
157523475584
157523483945
157523492856
157523501768
157523512449
157523522153
157523534299
157523541440
157523550412
157523560239
157523569272
157523578855
157523589109
157523598386
157523607602
157523617002
157523626035
157523635312
157523644590
157523653134
157523665097
157523675351
157523683469
157523692929
157523701047
157523710263
157523718869
157523732358
157523743527
157523749326
157523757931
157523767941
157523776730
157523787717
157523796200
157523805295
157523814633
157523824704
157523833554
157523843625
157523855099
157523863278
157523872372
157523884030
157523892697
157523901730
157523911251
157523921139
157523929623
157523938595
157523946530
157523959896
157523970822
157523978268
157523989254
157523994991
157524006771
157524016049
157524024288
157524030514
157524043270
157524051632
157524060177
157524068539
157524077206
157524085812
157524095211
157524106747
157524115719
157524124264
157524133846
157524143551
157524152950
157524160518
157524169918
157524180416
157524190303
157524198299
157524209407
157524217403
157524226375
157524234798
157524244014
157524252376
157524265254
157524273372
157524284908
157524291683
157524300899
157524310603
157524319942
157524328853
157524339351
157524348628
157524358028
157524367732
157524377071
157524384456
157524393733
157524403987
157524414546
157524424495
157524432368
157524444636
157524455256
157524463740
157524471003
157524483088
157524493464
157524502925
157524513057
157524521662
157524531855
157524540705
157524550776
157524559382
157524570063
157524579524
157524588679
157524598994
157524608820
157524616511
157524625849
157524634455
157524647639
157524657221
157524666437
157524673884
157524683039
157524691157
157524699335
157524710200
157524720759
157524730829
157524740229
157524748774
157524758112
157524767817
157524773554
157524785639
157524797480
157524808649
157524814875
157524827448
157524834528
157524846674
157524852838
157524861933
157524874018
157524883417
157524894586
157524901117
157524910577
157524923578
157524930963
157524941400
157524950739
157524961053
157524969842
157524979059
157524989068
157524998468
157525007379
157525016717
157525025445
157525035150
157525043756
157525053094
157525062433
157525071893
157525081903
157525092096
157525102655
157525112237
157525122674
157525132867
157525142327
157525152276
157525161492
157525171380
157525181939
157525192498
157525204278
157525211602
157525223016
157525232476
157525241631
157525251519
157525262627
157525270257
157525281670
157525292046
157525300408
157525310479
157525321770
157525331536
157525342827
157525352776
157525359917
157525370781
157525380059
157525387749
157525396843
157525404534
157525412651
157525421318
157525430596
157525439934
157525450676
157525460991
157525469231
157525481926
157525488396
157525499443
157525508843
157525518791
157525530205
157525540337
157525549736
157525557548
157525569145
157525578972
157525586967
157525596306
157525607658
157525614494
157525623710
157525632866
157525640861
157525653740
157525662895
157525671745
157525679802
157525689201
157525698967
157525708305
157525716239
157525727226
157525737358
157525746940
157525755241
157525764762
157525772575
157525780753
157525789054
157525803642
157525811942
157525820792
157525828178
157525836600
157525845695
157525854362
157525862785
157525874442
157525882194
157525893363
157525902152
157525909781
157525918754
157525926932
157525935660
157525945853
157525955436
157525965262
157525974112
157525984122
157525991996
157526000724
157526008902
157526023368
157526033438
157526043021
157526051505
157526059683
157526065665
157526077689
157526086417
157526096365
157526105887
157526117972
157526127127
157526135733
157526144156
157526152579
157526162161
157526174368
157526183951
157526191031
157526200735
157526211050
157526220389
157526229239
157526238821
157526248037
157526257437
157526267691
157526277090
157526284903
157526296743
157526305838
157526315725
157526325857
157526335256
157526346243
157526355398
157526364248
157526374807
157526386099
157526391897
157526403616
157526414785
157526421987
157526434438
157526443716
157526453542
157526463430
157526473379
157526483083
157526492910
157526504995
157526512746
157526522390
157526533376
157526543325
157526554860
157526565358
157526573476
157526586110
157526597646
157526606862
157526617787
157526623769
157526636952
157526643605
157526658132
157526667043
157526676625
157526686757
157526698842
157526706899
157526717336
157526728261
157526738087
157526746754
157526756642
157526768422
157526778493
157526788502
157526798634
157526808644
157526819569
157526833424
157526845631
157526855946
157526868275
157526880604
157526894825
157526907582
157526923085
157526934742
157526951527
157526961720
157526971241
157526987476
157526999867
157527014942
157527023121
157527038868
157527050098
157527059498
157527068165
157527072803
157527085804
157527093860
157527102039
157527111255
157527121631
157527128834
157527138172
157527145374
157527153064
157527162830
157527172596
157527180042
157527185474
157527200916
157527210376
157527218799
157527226123
157527234485
157527242664
157527253406
157527260730
157527269702
157527278613
157527286975
157527296375
157527304858
157527312610
157527320911
157527329272
157527337817
157527348254
157527356677
157527364490
157527372974
157527381763
157527390368
157527397693
157527406848
157527417651
157527424853
157527434192
157527443530
157527453967
157527463794
157527475268
157527485766
157527496386
157527503710
157527513293
157527523242
157527533190
157527542651
157527550952
157527561083
157527570239
157527579455
157527588549
157527598254
157527607287
157527617419
157527626818
157527637011
157527647875
157527657152
157527666979
157527676806
157527685778
157527695666
157527705492
157527714586
157527723070
157527732164
157527742357
157527748034
157527759874
157527768663
157527775927
157527787157
157527795336
157527804430
157527814989
157527823168
157527834215
157527842394
157527851854
157527861009
157527870226
157527880113
157527887926
157527898119
157527906480
157527914415
157527923997
157527932725
157527944810
157527952562
157527961839
157527971788
157527981187
157527989488
157527999071
157528007554
157528017137
157528025682
157528035325
157528044114
157528053697
157528063585
157528073106
157528081773
157528093064
157528102403
157528112046
157528120835
157528129136
157528138169
157528146470
157528155381
157528167466
157528176804
157528185105
157528193650
157528204331
157528212449
157528219407
157528231675
157528239304
157528252000
157528260728
157528269272
157528279648
157528285691
157528297654
157528306260
157528316269
157528328232
157528337021
157528343186
157528355515
157528361802
157528374314
157528383042
157528392380
157528400803
157528408921
157528420883
157528429917
157528438400
157528446640
157528455856
157528464707
157528477158
157528484177
157528495834
157528504013
157528513107
157528523056
157528532211
157528540817
157528550461
157528560959
157528567978
157528578598
157528588669
157528596237
157528605514
157528616073
157528622238
157528634079
157528639938
157528651962
157528659958
157528668747
157528677230
157528686081
157528696273
157528704574
157528713302
157528722763
157528731491
157528743331
157528751632
157528760970
157528769637
157528780624
157528788986
157528798507
157528807479
157528816940
157528827254
157528836776
157528845138
157528855331
157528862960
157528872909
157528881698
157528889937
157528900252
157528908492
157528917769
157528926864
157528939864
157528949630
157528956893
157528966231
157528977706
157528987777
157528997359
157529007796
157529019332
157529028853
157529039290
157529050276
157529059432
157529066145
157529078536
157529086104
157529096480
157529105818
157529112410
157529122542
157529132857
157529141524
157529152083
157529161787
157529172102
157529180952
157529191511
157529199507
157529209395
157529220503
157529226912
157529241682
157529249495
157529260542
157529270796
157529279402
157529288191
157529297651
157529306379
157529319197
157529328169
157529338117
157529347334
157529356489
157529365278
157529375349
157529385725
157529395368
157529405073
157529414716
157529424116
157529434553
157529444623
157529454572
157529464155
157529473981
157529482587
157529494428
157529504133
157529512739
157529522870
157529531781
157529540204
157529552411
157529560712
157529571759
157529580304
157529589948
157529601300
157529611920
157529624982
157529635602
157529643964
157529653668
157529660321
157529673688
157529683087
157529687970
157529698102
157529706708
157529718915
157529725507
157529737347
157529745709
157529756695
157529763104
157529775067
157529783856
157529790997
157529801129
157529811688
157529819745
157529830060
157529841595
157529850628
157529858563
157529870343
157529877972
157529888653
157529898114
157529906903
157529916363
157529924542
157529934063
157529945355
157529955853
157529967022
157529977093
157529985760
157529998272
157530005901
157530016155
157530025921
157530036053
157530045574
157530055828
157530066082
157530076397
157530084331
157530094402
157530104839
157530115337
157530125835
157530133526
157530145305
157530155498
157530163677
157530173748
157530183086
157530193584
157530204204
157530210491
157530223674
157530232768
157530241924
157530251018
157530260356
157530272807
157530282085
157530290996
157530301250
157530310222
157530320110
157530329814
157530339946
157530349345
157530359721
157530368632
157530378947
157530389506
157530399516
157530408732
157530419047
157530427653
157530437663
157530445109
157530454203
157530463908
157530474040
157530483195
157530490092
157530500224
157530513896
157530518962
157530530131
157530541117
157530550517
157530555522
157530567240
157530577433
157530588541
157530599284
157530604838
157530616068
157530627299
157530636515
157530644388
157530654581
157530663431
157530674113
157530684244
157530693644
157530701944
157530711466
157530719706
157530729166
157530739603
157530749552
157530758646
157530767801
157530777872
157530787088
157530796610
157530805521
157530814371
157530824747
157530835245
157530844705
157530852213
157530861307
157530870889
157530877115
157530893228
157530906229
157530917459
157530930337
157530942361
157530959207
157530972268
