191050249496
191050255233
191050259933
191050265548
191050269821
191050274032
191050279037
191050283309
191050287704
191050292282
191050296310
191050300338
191050305282
191050309371
191050314010
191050319015
191050323593
191050328475
191050333175
191050336166
191050341598
191050347274
191050351913
191050356124
191050359542
191050363693
191050368697
191050373153
191050377975
191050382491
191050386581
191050390731
191050395003
191050399947
191050403304
191050408431
191050412948
191050416427
191050421981
191050425399
191050428878
191050433394
191050438644
191050441634
191050446761
191050451461
191050455489
191050459212
191050463912
191050468856
191050472640
191050477523
191050481368
191050485640
191050490523
191050495284
191050498580
191050503402
191050507796
191050512008
191050516524
191050519698
191050524459
191050528487
191050532882
191050536605
191050540755
191050545638
191050550277
191050555587
191050560897
191050565291
191050569869
191050572737
191050577071
191050579634
191050585311
191050590560
191050594893
191050598738
191050602828
191050606612
191050610823
191050615584
191050620223
191050624373
191050629256
191050632918
191050635481
191050641829
191050645430
191050649397
191050655379
191050659224
191050663374
191050667098
191050672163
191050677168
191050681929
191050686446
191050690474
191050694685
191050698286
191050703535
191050706831
191050711043
191050715742
191050720259
191050723738
191050728377
191050732222
191050736677
191050740034
191050745222
191050749251
191050753218
191050758162
191050761397
191050766340
191050770247
191050775068
191050780073
191050784102
191050788618
191050792402
191050797407
191050802412
191050807478
191050814314
191050818769
191050822981
191050828169
191050832502
191050836531
191050840986
191050845808
191050850935
191050856306
191050860639
191050866133
191050870954
191050875837
191050879499
191050886091
191050890974
191050894758
191050899275
191050903120
191050907453
191050911299
191050917951
191050923139
191050927595
191050933881
191050937910
191050944563
191050949445
191050955854
191050960371
191050965986
191050971540
191050976484
191050981977
191050987775
191050992292
191050998273
191051004011
191051008405
191051014387
191051018232
191051024885
191051028608
191051036054
191051040632
191051046003
191051049726
191051056562
191051061933
191051067182
191051072309
191051076581
191051082441
191051086408
191051092878
191051097577
191051101972
191051106488
191051112592
191051116132
191051122174
191051125104
191051132489
191051138532
191051142682
191051148969
191051153669
191051161420
191051167157
191051171674
191051177045
191051182538
191051188397
191051192853
191051197248
191051202924
191051207013
191051212995
191051216962
191051222699
191051227094
191051233563
191051239240
191051244672
191051250043
191051254681
191051259686
191051264630
191051268353
191051275128
191051281171
191051286176
191051290753
191051296429
191051299786
191051306317
191051310956
191051316266
191051322430
191051327557
191051331830
191051336957
191051341290
191051347027
191051352032
191051357037
191051362164
191051368207
191051375287
191051380719
191051384869
191051390790
191051395611
191051402325
191051405926
191051412396
191051417950
191051422772
191051426983
191051430951
191051437420
191051441998
191051447369
191051451825
191051457135
191051462689
191051467144
191051472210
191051476971
191051481243
191051486187
191051490765
191051494915
191051500347
191051506207
191051512066
191051518109
191051521771
191051527813
191051531353
191051537274
191051541546
191051547100
191051551556
191051557171
191051562176
191051566998
191051571575
191051576885
191051584331
191051588116
191051594646
191051599346
191051603374
191051608318
191051612408
191051618999
191051625347
191051630108
191051633892
191051639446
191051644512
191051649639
191051654461
191051659954
191051665569
191051670269
191051675945
191051680767
191051684612
191051692058
191051697490
191051701885
191051707500
191051712139
191051717388
191051722087
191051726848
191051731487
191051736370
191051741619
191051745220
191051751445
191051756084
191051760234
191051765422
191051772502
191051776836
191051781658
191051786418
191051791423
191051796245
191051802898
191051808330
191051813579
191051817058
191051822429
191051827251
191051832378
191051837261
191051842387
191051848430
191051853191
191051856181
191051862102
191051867290
191051872539
191051877116
191051883037
191051888103
191051892192
191051897929
191051902507
191051906718
191051913432
191051918437
191051924663
191051928203
191051933330
191051938579
191051942607
191051947062
191051953593
191051959819
191051964519
191051968669
191051973552
191051982829
191051989299
191051999247
191052005656
191052015849
191052022990
191052033061
191052037333
191052048625
191052058757
191052064006
191052073710
191052082072
191052088664
191052097331
191052105326
191052115153
191052121623
191052131815
191052138712
191052146281
191052155924
191052161906
191052169596
191052176432
191052185709
191052194437
191052200602
191052205973
191052209452
191052215189
191052219157
191052224222
191052226481
191052233866
191052236613
191052242777
191052248575
191052254557
191052258707
191052263224
191052267069
191052269877
191052274759
191052278299
191052284464
191052289103
191052292948
191052296732
191052300638
191052303995
191052308573
191052314615
191052319132
191052323709
191052326944
191052330790
191052333780
191052339212
191052345865
191052350199
191052354654
191052358866
191052362650
191052366800
191052370828
191052375406
191052380228
191052384134
191052388834
191052392618
191052396768
191052401651
191052406473
191052411295
191052415872
191052419656
191052423807
191052427713
191052430704
191052436258
191052441507
191052445902
191052450418
191052454324
191052458475
191052462320
191052466592
191052470132
191052476175
191052481302
191052485330
191052488260
191052493509
191052496988
191052500955
191052506082
191052510660
191052514444
191052517251
191052522623
191052525796
191052530679
191052535379
191052539773
191052543374
191052548746
191052552591
191052556741
191052560525
191052565713
191052570474
191052575906
191052581277
191052586160
191052589944
191052594766
191052598794
191052605386
191052610940
191052615274
191052620828
191052624734
191052629983
191052632425
191052639077
191052642861
191052649819
191052654092
191052660318
191052665017
191052669534
191052672402
191052678201
191052683511
191052689309
191052693643
191052698770
191052702371
191052707620
191052710183
191052715981
191052722512
191052727395
191052731240
191052736367
191052740701
191052745278
191052750588
191052754006
191052760232
191052764077
191052769387
191052773843
191052778115
191052782449
191052787514
191052791360
191052797585
191052801430
191052807534
191052811379
191052816079
191052819497
191052824929
191052828896
191052834939
191052839089
191052844643
191052848549
191052853676
191052857583
191052864358
191052868691
191052874245
191052877175
191052883828
191052886574
191052892495
191052896950
191052902138
191052906716
191052912148
191052915139
191052921791
191052925026
191052930275
191052935219
191052939919
191052946083
191052951149
191052955727
191052960243
191052964394
191052968971
191052974221
191052978310
191052984902
191052989968
191052995217
191053000038
191053004677
191053008156
191053014076
191053018288
191053023171
191053027504
191053033119
191053037026
191053042519
191053046425
191053050942
191053056435
191053062355
191053066444
191053071693
191053075905
191053081093
191053083290
191053090004
191053093422
191053099708
191053102638
191053109047
191053111610
191053117836
191053121681
191053126991
191053132484
191053137672
191053143043
191053146583
191053149208
191053155739
191053158424
191053164894
191053169960
191053175270
191053180641
191053185096
191053189430
191053194130
191053197731
191053202552
191053207374
191053212379
191053217933
191053221473
191053226600
191053230201
191053235450
191053241249
191053246803
191053252906
191053257179
191053260963
191053266273
191053269813
191053275428
191053279884
191053286476
191053289955
191053296241
191053300941
191053305091
191053308875
191053314002
191053320777
191053326576
191053331275
191053336707
191053340858
191053345252
191053349220
191053354835
191053360328
191053364173
191053370521
191053374122
191053378822
191053383277
191053388099
191053392005
191053397437
191053402381
191053407569
191053412513
191053416602
191053421546
191053425574
191053429481
191053435340
191053439246
191053444861
191053450416
191053454566
191053458472
191053464148
191053468604
191053472876
191053477210
191053483008
191053487037
191053492164
191053496436
191053501624
191053507056
191053512061
191053516455
191053521582
191053525977
191053530677
191053533972
191053539222
191053543128
191053549964
191053554663
191053558142
191053563086
191053567786
191053571692
191053576392
191053582129
191053587622
191053592322
191053596900
191053602271
191053605689
191053610083
191053615149
191053620520
191053624426
191053631140
191053635107
191053639990
191053643897
191053648291
191053652686
191053660254
191053665015
191053669409
191053673315
191053678686
191053682471
191053688147
191053692602
191053698096
191053703039
191053707800
191053710669
191053716406
191053720984
191053724951
191053730139
191053735876
191053741186
191053745703
191053749731
191053754431
191053758032
191053763281
191053768713
191053773840
191053778723
191053783056
191053787390
191053790869
191053796057
191053800940
191053806250
191053811804
191053816198
191053819799
191053825354
191053829016
191053834021
191053837866
191053844458
191053848913
191053854040
191053857519
191053863317
191053867163
191053871740
191053875585
191053882238
191053887182
191053891577
191053895422
191053901037
191053905065
191053909155
191053915380
191053921789
191053924719
191053930822
191053935339
191053940466
191053945287
191053949804
191053955785
191053961034
191053965673
191053970373
191053974157
191053978857
191053983861
191053988744
191053993810
191053999059
191054004552
191054007909
191054012731
191054017553
191054026281
191054032384
191054041051
191054047521
191054058263
191054065343
191054076330
191054083410
191054094823
191054103185
191054111242
191054117223
191054125158
191054132909
191054140966
191054147557
191054156041
191054161412
191054165319
191054168736
191054173436
191054178685
191054182897
191054186681
191054191686
191054196324
191054200719
191054205663
191054210057
191054213658
191054217564
191054223119
191054227940
191054231419
191054234288
191054239598
191054243260
191054247777
191054253514
191054257176
191054261510
191054265782
191054270543
191054274510
191054279637
191054284215
191054289708
191054294041
191054298558
191054303075
191054307652
191054312047
191054317662
191054324132
191054328526
191054332860
191054338231
191054341588
191054346715
191054349827
191054354466
191054363560
191054367405
191054371983
191054376500
191054380162
191054384800
191054389927
191054394383
191054400608
191054405369
191054410496
191054415135
191054419529
191054423741
191054427647
191054431370
191054437046
191054440159
191054445652
191054450962
191054455845
191054458714
191054465000
191054470799
191054476475
191054480992
191054484776
191054491368
191054495396
191054502476
191054507359
191054513340
191054518406
191054522678
191054525791
191054532993
191054536717
191054542576
191054547825
191054553867
191054559116
191054564121
191054568638
191054573521
191054577183
191054582127
191054587742
191054593052
191054597568
191054601414
191054608188
191054612461
191054618259
191054620884
191054628513
191054632236
191054638950
191054642368
191054649204
191054654148
191054659092
191054665561
191054669590
191054673679
191054679477
191054685398
191054690097
191054693332
191054701694
191054708835
191054712680
191054718235
191054723667
191054728427
191054732761
191054738071
191054742771
191054747959
191054752964
191054758335
191054763828
191054768100
191054772800
191054778537
191054782871
191054789462
191054794162
191054800205
191054805576
191054809665
191054813083
191054820468
191054826877
191054830844
191054836337
191054842563
191054846896
191054852878
191054857150
191054862827
191054867160
191054872775
191054877902
191054881869
191054887485
191054891940
191054897311
191054902804
191054908298
191054912570
191054918124
191054922458
191054928561
191054933627
191054938937
191054944613
191054951205
191054954623
191054959933
191054964694
191054970614
191054973971
191054980929
191054987460
191054991488
191054996859
191055003268
191055008029
191055012118
191055017550
191055022189
191055029879
191055033847
191055040805
191055048068
191055051974
191055056552
191055063021
191055068331
191055072360
191055078707
191055083041
191055084811
191055092562
191055098300
191055103976
191055108614
191055113192
191055119174
191055125460
191055129672
191055133212
191055140475
191055145419
191055151156
191055155367
191055159640
191055166476
191055171542
191055177462
191055182284
191055187533
191055192660
191055196993
191055201998
191055204867
191055212069
191055216952
191055223299
191055227755
191055231234
191055236178
191055241060
191055247225
191055251742
191055255098
191055261995
191055265902
191055269808
191055275789
191055280123
191055286287
191055291292
191055294588
191055299471
191055303133
191055308870
191055314424
191055319796
191055324251
191055329195
191055333712
191055335604
191055341280
191055348421
191055354280
191055359224
191055365022
191055368990
191055372957
191055378755
191055384615
191055389864
191055395296
191055400545
191055404512
191055409761
191055414278
191055419649
191055425203
191055429414
191055435396
191055440279
191055448213
191055453889
191055458223
191055464693
191055469453
191055475252
191055480867
191055487031
191055491060
191055496980
191055502534
191055507722
191055512788
191055518342
191055524263
191055529634
191055535310
191055539766
191055545686
191055551729
191055556123
191055559968
191055566804
191055571565
191055576387
191055580781
191055586152
191055590608
191055595552
191055601350
191055605256
191055610871
191055614717
191055621858
191055626252
191055630708
191055634858
191055638887
191055643342
191055647309
191055650788
191055657014
191055660310
191055665254
191055669892
191055673676
191055678315
191055683137
191055688935
191055694184
191055698518
191055702302
191055705964
191055711518
191055713960
191055719087
191055723725
191055729218
191055735139
191055738679
191055743195
191055748322
191055751740
191055757050
191055764313
191055767915
191055770783
191055777192
191055782014
191055786652
191055789582
191055795624
191055801118
191055806061
191055809968
191055815339
191055819367
191055824677
191055828522
191055834076
191055838715
191055844086
191055849823
191055853486
191055858002
191055862824
191055867768
191055872773
191055877350
191055883027
191055888031
191055891694
191055896210
191055900788
191055905487
191055910614
191055915680
191055919892
191055926361
191055930268
191055934601
191055938324
191055944184
191055949127
191055954804
191055959198
191055964936
191055967743
191055974274
191055976654
191055984039
191055989838
191055994843
191055998871
191056004120
191056008209
191056012360
191056017487
191056023407
191056029388
191056038239
191056046967
191056056366
191056065887
191056070709
191056085907
191056092255
191056101471
191056109344
191056116302
191056124176
191056129547
191056137604
191056149139
191056157379
191056165619
191056173553
191056179168
191056183502
191056187164
191056191742
191056196869
191056200714
191056205352
191056210418
191056214874
191056218597
191056222991
191056227386
191056231964
191056236114
191056239410
191056243499
191056248260
191056251861
191056256622
191056261199
191056264190
191056268585
191056273223
191056277313
191056280914
191056285003
191056290923
191056294463
191056298370
191056303130
191056306670
191056311370
191056315276
191056319122
191056324493
191056328643
191056332916
191056336944
191056340850
191056345061
191056350127
191056356170
191056358367
191056364959
191056368438
191056373443
191056375884
191056380828
191056387054
191056391265
191056396087
191056400176
191056403838
191056408050
191056412810
191056416717
191056422881
191056426665
191056432342
191056435943
191056441375
191056445037
191056450225
191056454070
191056460235
191056463958
191056468963
191056474151
191056478789
191056482207
191056486480
191056491301
191056496306
191056500090
191056504729
191056508330
191056513152
191056516814
191056521270
191056525359
191056531096
191056534087
191056540740
191056545806
191056549346
191056554167
191056558257
191056563750
191056569121
191056572173
191056577544
191056582060
191056586638
191056591887
191056596770
191056601653
191056606657
191056610808
191056615447
191056619963
191056624602
191056629240
191056634245
191056640349
191056645354
191056649687
191056654326
191056658659
191056663542
191056668120
191056672942
191056678129
191056682951
191056686919
191056691679
191056696135
191056700896
191056704985
191056709929
191056716765
191056722136
191056726347
191056731474
191056735502
191056738920
191056743864
191056748930
191056754118
191056758146
191056763945
191056767546
191056772245
191056777006
191056782133
191056785978
191056791960
191056795622
191056801298
191056804838
191056809599
191056813993
191056818571
191056823942
191056829313
191056833403
191056838163
191056842069
191056846647
191056851896
191056856657
191056860929
191056866361
191056870512
191056875639
191056879667
191056885221
191056888883
191056894560
191056898954
191056903532
191056907255
191056912443
191056917570
191056923978
191056928678
191056933927
191056938566
191056943449
191056948453
191056953764
191056959806
191056964384
191056966886
191056972745
191056978300
191056985136
191056988370
191056994047
191056999662
191057005094
191057009183
191057016141
191057021573
191057026761
191057032255
191057037198
191057043241
191057048795
191057054044
191057058500
191057064847
191057070096
191057074491
191057079801
191057081632
191057090116
191057096036
191057100614
191057105680
191057111051
191057116483
191057120267
191057125150
191057130460
191057135404
191057139859
191057147061
191057150357
191057157743
191057161710
191057168790
191057173429
191057177762
191057184415
191057190335
191057196744
191057201444
191057205838
191057209927
191057215115
191057220303
191057226651
191057232510
191057236478
191057241788
191057247098
191057251858
191057257474
191057262112
191057267667
191057274014
191057277859
191057283963
191057288479
191057294278
191057298062
191057305447
191057309842
191057315884
191057320157
191057325894
191057330655
191057336270
191057343228
191057348721
191057356228
191057360562
191057365323
191057369412
191057376065
191057380032
191057387844
191057393460
191057398465
191057404019
191057408108
191057413601
191057419277
191057427212
191057431607
191057437893
191057443753
191057448513
191057452542
191057459316
191057464993
191057471401
191057474636
191057481045
191057484280
191057491055
191057494290
191057501064
191057506741
191057512844
191057518704
191057522427
191057527493
191057532803
191057537930
191057542995
191057548855
191057555019
191057559536
191057562710
191057569363
191057572536
191057580349
191057585415
191057591640
191057596828
191057603359
191057607815
191057611904
191057618007
191057622768
191057630459
191057633388
191057640529
191057643093
191057649502
191057653713
191057659267
191057666103
191057671291
191057677150
191057681301
191057687831
191057692409
191057697658
191057703701
191057709255
191057714626
191057721828
191057725124
191057732021
191057737209
191057743129
191057748439
191057753749
191057759548
191057763759
191057769679
191057775661
191057781032
191057785610
191057792140
191057796718
191057802028
191057806850
191057812831
191057816005
191057822597
191057827541
191057836879
191057842189
191057846278
191057852138
191057856166
191057862025
191057866481
191057872523
191057877467
191057884975
191057887843
191057894313
191057898891
191057904933
191057909083
191057916957
191057921840
191057927028
191057932033
191057936305
191057942103
191057948390
191057954310
191057961024
191057965785
191057970179
191057975917
191057980983
191057985560
191057992945
191057997584
191058003443
191058009608
191058015223
191058018946
191058024317
191058030360
191058035609
191058039759
191058047511
191058050196
191058057643
191058060450
191058067957
191058075343
191058080531
191058084498
191058089442
191058096766
191058107142
191058114405
191058123866
191058135279
191058145350
191058154871
191058163721
191058175074
191058182825
191058189783
191058199244
191058205286
191058217310
191058227320
191058234339
191058244410
191058250452
191058256922
191058260401
191058267176
191058270899
191058278711
191058282923
191058288050
191058293482
191058297205
191058302820
191058307825
191058312342
191058317346
191058322779
191058326929
191058332422
191058336695
191058341394
191058346094
191058350488
191058355921
191058360620
191058363916
191058370203
191058374841
191058379846
191058384363
191058388513
191058393762
191058397974
191058404382
191058409815
191058415308
191058420923
191058425928
191058430017
191058433374
191058441125
191058447473
191058451868
191058454736
191058463037
191058468530
191058473291
191058478174
191058483423
191058489221
191058494409
191058500574
191058506067
191058510583
191058515588
191058521203
191058526269
191058532434
191058535363
191058543603
191058547326
191058553735
191058559411
191058564477
191058570214
191058575525
191058580957
191058586023
191058590722
191058596093
191058600305
191058606591
191058610864
191058617395
191058622155
191058627404
191058632897
191058638024
191058644006
191058647973
191058653527
191058659387
191058663598
191058668420
191058674035
191058678735
191058685082
191058689782
191058694909
191058699242
191058705834
191058710290
191058715417
191058721276
191058725976
191058731530
191058736535
191058742211
191058746789
191058751855
191058757409
191058762353
191058767052
191058772362
191058776574
191058783593
191058787865
191058793114
191058801720
191058807763
191058812218
191058818139
191058822472
191058829125
191058833642
191058839318
191058845604
191058850060
191058855797
191058861535
191058866112
191058871483
191058877098
191058880577
191058886925
191058893151
191058897911
191058902611
191058907799
191058915062
191058919884
191058924217
191058930016
191058934899
191058940819
191058946373
191058951683
191058955956
191058962059
191058966271
191058971886
191058977684
191058981590
191058987755
191058990990
191058998009
191059002770
191059007530
191059011742
191059018272
191059023766
191059029503
191059033714
191059039146
191059045006
191059050377
191059055809
191059060875
191059066612
191059072410
191059076683
191059082542
191059088280
191059091514
191059097862
191059102623
191059108726
191059114097
191059118858
191059123314
191059130638
191059135643
191059140098
191059144432
191059150718
191059155357
191059161338
191059166771
191059171226
191059177147
191059180381
191059186546
191059192344
191059197288
191059202049
191059206932
191059211326
191059217613
191059221702
191059227195
191059233360
191059238182
191059244651
191059249717
191059255393
191059261131
191059265769
191059271262
191059276756
191059280174
191059286887
191059292686
191059297691
191059302512
191059308372
191059312583
191059319175
191059323447
191059328635
191059335166
191059341209
191059345664
191059351462
191059355735
191059361716
191059366111
191059371909
191059376304
191059382102
191059388267
191059393577
191059397788
191059402610
191059408164
191059412375
191059418357
191059423057
191059429770
191059433982
191059439475
191059445090
191059449912
191059455588
191059460410
191059466269
191059470847
191059476645
191059479941
191059486594
191059492209
191059497092
191059501853
191059507346
191059512473
191059518027
191059522116
191059527121
191059532859
191059538230
191059543662
191059548667
191059552939
191059559348
191059565146
191059568442
191059575217
191059578085
191059585654
191059590231
191059595541
191059599997
191059605368
191059610983
191059615927
191059621603
191059626120
191059631613
191059635825
191059642050
191059646628
191059653097
191059657065
191059663351
191059668661
191059674460
191059677756
191059684408
191059689169
191059695028
191059699301
191059704428
191059710287
191059716147
191059720236
191059725180
191059730795
191059735800
191059742331
191059747213
191059751547
191059756796
191059761618
191059766256
191059772970
191059777731
191059782248
191059788412
191059793600
191059797995
191059803976
191059808248
191059813253
191059818930
191059824606
191059828756
191059832235
191059839926
191059845480
191059850179
191059854940
191059859945
191059867208
191059871969
191059876791
191059883138
191059887777
191059893819
191059898580
191059904623
191059909444
191059914571
191059920919
191059926229
191059930502
191059936544
191059940939
191059947042
191059951375
191059956625
191059962850
191059968404
191059972616
191059975423
191059983846
191059986593
191059993123
191059999166
191060005697
191060010457
191060015401
191060019735
191060025594
191060032552
191060037069
191060041341
191060048909
191060053121
191060059468
191060063924
191060069905
191060074056
191060079671
191060085347
191060088582
191060095235
191060100545
191060105489
191060110005
191060115621
191060119954
191060125875
191060131978
191060137227
191060141622
191060147176
191060151692
191060157186
191060162801
191060168660
191060172872
191060177815
191060183980
191060189473
191060194478
191060199300
191060204060
191060210042
191060214558
191060220235
191060225606
191060232075
191060236531
191060240803
191060248433
191060253133
191060259175
191060265401
191060269673
191060275471
191060280537
191060285969
191060291401
191060295674
191060298970
191060306172
191060310078
191060318196
191060321553
191060327717
191060332356
191060338032
191060342366
191060348896
191060353718
191060360554
191060365010
191060371418
191060375691
191060381428
191060385945
191060392292
191060396870
191060402729
191060408650
191060413655
191060419392
191060423542
191060429402
191060435261
191060439411
191060448872
191060457844
191060462605
191060474018
191060479206
191060492695
191060502644
191060509235
191060523640
191060531391
191060540913
191060546833
191060553669
191060561970
191060569416
191060577411
191060586872
191060595295
191060599811
191060603473
191060609943
191060612568
191060619404
191060625324
191060630146
191060633686
191060638935
191060644123
191060648945
191060652851
191060658405
191060663837
191060668415
191060673297
191060676776
191060682148
191060685749
191060690937
191060694721
191060700092
191060705585
191060709796
191060714679
191060719074
191060722431
191060727191
191060731037
191060738422
191060742145
191060746967
191060750568
191060756122
191060759845
191060764667
191060770221
191060776569
191060780536
191060785175
191060789020
191060793720
191060797382
191060802325
191060806232
191060812213
191060816119
191060821307
191060824481
191060830402
191060834064
191060838397
191060844134
191060849506
191060853900
191060858661
191060863055
191060866962
191060871051
191060876971
191060883380
191060887408
191060891681
191060897174
191060901568
191060907184
191060911395
191060916400
191060920916
191060928790
191060933062
191060938861
191060942645
191060948077
191060952960
191060958026
191060963885
191060970050
191060975665
191060981768
191060985430
191060990985
191060994952
191060998980
191061004779
191061009234
191061015338
191061019366
191061024554
191061029681
191061034808
191061038165
191061043902
191061049700
191061053546
191061058306
191061062823
191061066729
191061073321
191061077898
191061082476
191061086504
191061093157
191061097674
191061103533
191061107562
191061112749
191061116717
191061121600
191061127337
191061132281
191061137530
191061142840
191061146746
191061151507
191061156573
191061160052
191061165911
191061171831
191061175921
191061181536
191061185869
191061191118
191061195513
191061200213
191061204790
191061211016
191061218218
191061220965
191061227312
191061231646
191061237200
191061242571
191061249773
191061255877
191061262102
191061266741
191061273394
191061278948
191061283770
191061287798
191061292925
191061299700
191061305193
191061311602
191061317034
191061323015
191061328447
191061332659
191061338579
191061344194
191061351824
191061356401
191061363298
191061368303
191061373308
191061378191
191061384844
191061390459
191061395830
191061402483
191061407182
191061413408
191061419328
191061425066
191061429948
191061434404
191061439104
191061444536
191061449480
191061453691
191061459184
191061464616
191061469621
191061475114
191061481584
191061487199
191061493059
191061497270
191061503984
191061509538
191061512895
191061519487
191061526078
191061531816
191061537187
191061543962
191061546220
191061553544
191061557939
191061562577
191061569352
191061575212
191061579911
191061586015
191061591752
191061596513
191061601701
191061606645
191061614579
191061619035
191061625016
191061630326
191061634477
191061640031
191061644608
191061649552
191061655656
191061662919
191061667497
191061672562
191061675980
191061682755
191061687211
191061693314
191061698258
191061703751
191061708634
191061714799
191061720231
191061725846
191061729325
191061735245
191061740372
191061746598
191061752579
191061757035
191061762711
191061768021
191061772416
191061778092
191061782425
191061790360
191061796341
191061801896
191061807755
191061814286
191061817276
191061823990
191061829789
191061836686
191061843338
191061849442
191061854691
191061860062
191061865555
191061869645
191061874344
191061880204
191061885147
191061890335
191061895706
191061901749
191061907059
191061913773
191061917557
191061924271
191061929154
191061933731
191061938370
191061945694
191061950089
191061956741
191061961624
191061966995
191061973160
191061979385
191061983780
191061988724
191061995255
191061997330
191062006912
191062013870
191062019363
191062024307
191062028458
191062031753
191062038162
191062043838
191062048294
191062055923
191062060257
191062065689
191062071182
191062075516
191062081070
191062085708
191062090408
191062096451
191062101028
191062106460
191062112259
191062116043
191062121841
191062126297
191062130752
191062137710
191062142471
191062147232
191062151870
191062157058
191062161697
191062167434
191062172378
191062177139
191062181839
191062187942
191062191482
191062198623
191062202896
191062209487
191062215713
191062220779
191062226699
191062231826
191062235488
191062242507
191062246108
191062252517
191062258682
191062264419
191062269058
191062274551
191062279067
191062284621
191062290481
191062295852
191062301467
191062307204
191062312637
191062316787
191062323074
191062327224
191062332961
191062337966
191062344680
191062350356
191062355788
191062362563
191062368423
191062371230
191062379592
191062384475
191062389663
191062394912
191062400771
191062405105
191062410964
191062415419
191062421950
191062427504
191062434768
191062440871
191062446303
191062450820
191062455519
191062462600
191062467543
191062472182
191062478408
191062482741
191062488112
191062493117
191062498305
191062504409
191062508742
191062514845
191062519423
191062526137
191062531447
191062536879
191062541457
191062547255
191062552016
191062558669
191062564711
191062569533
191062573927
191062577406
191062585219
191062589064
191062595290
191062599379
191062605544
191062610670
191062616042
191062621779
191062626051
191062631361
191062636671
191062641920
191062648207
191062653639
191062659498
191062664931
191062668959
191062674940
191062678969
191062683546
191062689589
191062696242
191062699415
191062709913
191062715895
191062727736
191062738417
191062747023
191062758985
