158819528723
158819539404
158819546118
158819554114
158819565222
158819572119
158819582373
158819589331
158819597693
158819606543
158819612768
158819623572
158819630163
158819639624
158819648413
158819657324
158819663122
158819672033
158819681616
158819687780
158819698889
158819706274
158819715368
158819725927
158819731604
158819742285
158819748449
158819757849
158819766455
158819774511
158819781957
158819792761
158819802221
158819810034
158819817602
158819828588
158819835851
158819845800
158819854467
158819862341
158819872961
158819880956
158819888463
158819898107
158819905736
158819915136
158819922155
158819931127
158819940099
158819948766
158819956456
158819962499
158819972814
158819979284
158819989232
158819995763
158820005712
158820012670
158820022435
158820029332
158820038304
158820045140
158820054174
158820061193
158820070836
158820080480
158820087316
158820096471
158820105443
158820115025
158820121678
158820131505
158820138219
158820148595
158820157628
158820166051
158820175572
158820184300
158820191136
158820203038
158820210240
158820221409
158820228184
158820240574
158820250096
158820258580
158820268345
158820278294
158820286656
158820294407
158820302586
158820313084
158820322178
158820330723
158820341099
158820352268
158820358738
158820370152
158820379856
158820388218
158820396946
158820407993
158820416721
158820425327
158820435398
158820444065
158820453098
158820464329
158820471958
158820482944
158820490818
158820501743
158820510532
158820518955
158820527927
158820538852
158820547580
158820556308
158820566501
158820577366
158820587925
158820597202
158820606906
158820614231
158820625095
158820632419
158820646640
158820651584
158820664462
158820669467
158820682346
158820694125
158820702792
158820712436
158820722995
158820731357
158820742282
158820750522
158820761874
158820769382
158820780490
158820791232
158820801059
158820807467
158820818149
158820825656
158820836642
158820847934
158820855380
158820865085
158820876498
158820885348
158820895419
158820905490
158820912692
158820923251
158820930880
158820939852
158820950656
158820960116
158820969821
158820978549
158820987704
158820995944
158821005587
158821015414
158821026400
158821032870
158821042086
158821051241
158821058016
158821068697
158821075594
158821087923
158821095064
158821105746
158821114107
158821125399
158821133516
158821142061
158821150850
158821161959
158821170198
158821178621
158821188143
158821196260
158821203157
158821213900
158821223482
158821234041
158821241670
158821249422
158821258028
158821268038
158821273653
158821284456
158821293977
158821302461
158821310396
158821320284
158821328523
158821338533
158821344453
158821354524
158821366365
158821375581
158821384004
158821393709
158821402070
158821410554
158821420137
158821426912
158821438630
158821445649
158821454561
158821463411
158821473542
158821480378
158821489778
158821499482
158821509065
158821516694
158821527375
158821534638
158821546968
158821553742
158821562165
158821571809
158821580903
158821589143
158821599702
158821607697
158821615449
158821624909
158821634126
158821644074
158821654938
158821663178
158821673554
158821682038
158821693085
158821703889
158821711335
158821722443
158821729828
158821739350
158821750092
158821757233
158821768036
158821777436
158821786225
158821795380
158821803986
158821812714
158821823151
158821831330
158821839691
158821846955
158821858307
158821866913
158821876496
158821885162
158821892975
158821903717
158821912262
158821923370
158821934967
158821942780
158821953583
158821960663
158821970367
158821980011
158821988617
158821995819
158822007110
158822012237
158822024017
158822030853
158822040497
158822050689
158822060577
158822070404
158822081878
158822089996
158822097808
158822106720
158822114532
158822124298
158822132110
158822140594
158822150176
158822157928
158822168792
158822176177
158822184783
158822192657
158822203704
158822213165
158822223907
158822232513
158822243560
158822252471
158822262359
158822268584
158822279632
158822289702
158822299163
158822309356
158822317168
158822328277
158822335845
158822346831
158822356963
158822367339
158822375335
158822383941
158822392913
158822401458
158822409331
158822417937
158822425322
158822435759
158822442717
158822452971
158822459929
158822470427
158822477324
158822489226
158822500151
158822508452
158822517180
158822526884
158822534819
158822545500
158822554045
158822563322
158822573271
158822582487
158822593535
158822602324
158822612944
158822622404
158822632902
158822642912
158822650175
158822660734
158822667875
158822678190
158822689177
158822698332
158822703398
158822717558
158822726103
158822735380
158822743681
158822754423
158822763944
158822772611
158822782194
158822793058
158822803861
158822813322
158822821561
158822831693
158822840604
158822847990
158822860136
158822864835
158822876554
158822884000
158822896024
158822905851
158822915189
158822923490
158822935331
158822944242
158822954984
158822965116
158822972806
158822985990
158822998502
158823011991
158823021329
158823038846
158823050687
158823064664
158823075589
158823089139
158823100369
158823116177
158823127591
158823139493
158823152432
158823166409
158823174161
158823190762
158823203457
158823217984
158823230069
158823242825
158823254055
158823267361
158823278592
158823288967
158823304409
158823317410
158823328884
158823340786
158823350125
158823358120
158823367581
158823374844
158823386135
158823392910
158823403469
158823409573
158823419399
158823423489
158823436184
158823440456
158823451748
158823460354
158823469387
158823478725
158823486721
158823495144
158823503322
158823511928
158823518093
158823527492
158823537563
158823546779
158823554042
158823562404
158823571010
158823578640
158823589016
158823593227
158823605312
158823614101
158823622524
158823631740
158823637355
158823646938
158823657192
158823665004
158823672633
158823682521
158823689723
158823697047
158823705531
158823714565
158823724025
158823732509
158823740993
158823749721
158823757411
158823763576
158823775111
158823779811
158823791286
158823800380
158823809840
158823817042
158823825770
158823834620
158823842860
158823851466
158823860682
158823868556
158823878199
158823886805
158823891810
158823905421
158823910243
158823922816
158823930140
158823943141
158823947779
158823961756
158823966761
158823980006
158823985377
158823997584
158824007166
158824015223
158824023341
158824034327
158824043909
158824051600
158824059717
158824069727
158824078394
158824086390
158824095118
158824105066
158824111597
158824121607
158824129725
158824139856
158824147913
158824157862
158824167078
158824176599
158824186060
158824195520
158824204798
158824214136
158824222864
158824230310
158824238916
158824245691
158824256372
158824263513
158824274927
158824284692
158824294397
158824302881
158824313440
158824321863
158824332544
158824342859
158824352563
158824362695
158824370203
158824380517
158824388818
158824401330
158824409631
158824421899
158824428918
158824437890
158824446313
158824456384
158824462793
158824473718
158824484765
158824492700
158824503564
158824510766
158824519189
158824529321
158824536706
158824546777
158824556603
158824563195
158824573632
158824580346
158824590295
158824597375
158824609521
158824614343
158824627282
158824638207
158824647546
158824656457
158824665612
158824675133
158824683617
158824693200
158824701562
158824711083
158824719933
158824729455
158824740197
158824751427
158824761254
158824769310
158824779137
158824790367
158824798119
158824809655
158824818749
158824828209
158824833336
158824845604
158824856224
158824865624
158824873619
158824882958
158824890099
158824901451
158824909447
158824921288
158824926353
158824940147
158824948753
158824957970
158824967125
158824976707
158824981651
158824996116
158825005882
158825014488
158825023155
158825032554
158825040245
158825052147
158825060997
158825070579
158825078147
158825090110
158825097984
158825107566
158825116050
158825125633
158825133140
158825145835
158825154075
158825163535
158825173545
158825183128
158825192283
158825201865
158825206687
158825218406
158825229575
158825238975
158825247459
158825257163
158825266318
158825275657
158825285544
158825297263
158825305991
158825314658
158825323508
158825332785
158825342185
158825351584
158825360312
158825369895
158825380088
158825389670
158825397910
158825409690
158825414572
158825428122
158825438376
158825446982
158825455100
158825464621
158825472617
158825484641
158825489401
158825500754
158825508200
158825521445
158825526266
158825539938
158825545065
158825558737
158825566489
158825576071
158825583517
158825595602
158825603110
158825614157
158825621847
158825635275
158825643759
158825653891
158825662802
158825674520
158825681478
158825693380
158825702474
158825711019
158825719808
158825731588
158825740438
158825748922
158825759054
158825767599
158825777120
158825785787
158825795248
158825806234
158825815694
158825826620
158825835226
158825846334
158825852865
158825864034
158825873311
158825884237
158825892476
158825903524
158825912984
158825920614
158825929281
158825940145
158825950704
158825958150
158825967549
158825978658
158825987142
158825998433
158826006124
158826016988
158826026448
158826034200
158826044881
158826054646
158826063741
158826073811
158826080037
158826091084
158826101582
158826111653
158826119038
158826130147
158826137715
158826148823
158826155904
158826166829
158826177998
158826185444
158826196553
158826204060
158826214741
158826224873
158826233357
158826243123
158826249409
158826260701
158826272786
158826282551
158826292500
158826300068
158826310810
158826320637
158826329792
158826337361
158826348530
158826355976
158826365925
158826375874
158826386311
158826394001
158826404133
158826414021
158826425068
158826432514
158826443378
158826450703
158826460651
158826470417
158826480305
158826487934
158826498798
158826508869
158826518512
158826526020
158826538166
158826546283
158826557209
158826567768
158826578937
158826586322
158826597614
158826604999
158826614826
158826626056
158826636127
158826644122
158826657245
158826668048
158826675006
158826682513
158826694049
158826704791
158826714252
158826725482
158826734088
158826742816
158826750751
158826759173
158826767901
158826776080
158826787189
158826795367
158826806537
158826814959
158826824115
158826833453
158826842730
158826850604
158826861895
158826873797
158826883563
158826891314
158826901263
158826911273
158826918780
158826932879
158826945269
158826960101
158826971880
158826988055
158827003374
158827016009
158827027911
158827042315
158827055865
158827067095
158827080279
158827094195
158827107317
158827122027
158827134844
158827147539
158827157732
158827166887
158827174639
158827183611
158827191667
158827200762
158827210649
158827217546
158827227617
158827234514
158827245195
158827254961
158827263811
158827271013
158827280534
158827287676
158827297807
158827308061
158827316301
158827324113
158827332536
158827344194
158827352434
158827362626
158827370439
158827378068
158827387773
158827395952
158827406450
158827417680
158827425248
158827435868
158827445634
158827456193
158827463945
158827474504
158827486344
158827496110
158827505693
158827515397
158827520463
158827535600
158827540910
158827554948
158827560197
158827573991
158827582780
158827591386
158827602616
158827611039
158827621720
158827629960
158827640641
158827651383
158827658890
158827669633
158827679642
158827689347
158827695633
158827706559
158827718888
158827726517
158827736039
158827746170
158827753922
158827764786
158827773697
158827783768
158827792557
158827802689
158827810257
158827821671
158827831253
158827841141
158827849930
158827860062
158827869095
158827878922
158827885696
158827896805
158827903397
158827914749
158827923843
158827934891
158827944351
158827954605
158827964554
158827972061
158827983108
158827993118
158828000137
158828011306
158828019180
158828030410
158828037490
158828048782
158828055191
158828066177
158828073623
158828084854
158828095046
158828103774
158828112075
158828123184
158828132522
158828143569
158828151992
158828160720
158828171096
158828182388
158828189712
158828201064
158828208022
158828219253
158828226943
158828238235
158828246352
158828257400
158828265273
158828276626
158828284316
158828295485
158828304580
158828313125
158828322768
158828331557
158828339980
158828351943
158828361464
158828370192
158828379592
158828388381
158828399123
158828407790
158828417922
158828426589
158828436415
158828447585
158828456679
158828466811
158828477370
158828487379
158828496657
158828504103
158828515944
158828527724
158828536574
158828544691
158828556044
158828565016
158828573500
158828583388
158828594191
158828602980
158828614027
158828621656
158828632521
158828642714
158828652174
158828661634
158828668592
158828679212
158828690382
158828698927
158828706190
158828716078
158828723341
158828736768
158828747083
158828755811
158828765394
158828776930
158828785230
158828796217
158828804639
158828813367
158828823743
158828832593
158828842847
158828853712
158828863843
158828871290
158828883008
158828890638
158828900403
158828911573
158828921827
158828931226
158828939038
158828948377
158828959180
158828966260
158828978040
158828985974
158828995313
158829005872
158829015149
158829023328
158829032788
158829042371
158829054212
158829064282
158829075147
158829085034
158829093518
158829102002
158829113293
158829121716
158829132947
158829142041
158829153332
158829163769
158829171338
158829179211
158829190320
158829198742
158829210034
158829217541
158829228650
158829235730
158829247326
158829255871
158829266980
158829275646
158829284069
158829292553
158829303356
158829312695
158829323986
158829330700
158829341564
158829351635
158829360485
158829368969
158829380199
158829388561
158829397106
158829406383
158829417736
158829426586
158829435314
158829445324
158829454296
158829462719
158829474682
158829481823
158829491283
158829500072
158829512096
158829521740
158829530590
158829541393
158829550243
158829560070
158829568859
158829578685
158829587291
158829595592
158829607677
158829613963
158829626048
158829633251
158829645091
158829652110
158829661632
158829671703
158829681468
158829690318
158829702342
158829711558
158829720164
158829727305
158829738841
158829749217
158829757396
158829765697
158829776927
158829785045
158829795848
158829804576
158829812877
158829821605
158829832530
158829841380
158829852305
158829859202
158829869761
158829878367
158829889170
158829899912
158829907298
158829918223
158829928538
158829935435
158829946360
158829956431
158829966563
158829974009
158829984385
158829994578
158830004343
158830014536
158830022105
158830031565
158830041697
158830053293
158830062815
158830072275
158830077341
158830091929
158830096994
158830109201
158830116953
158830130686
158830139536
158830148935
158830157907
158830167307
158830175974
158830185495
158830193918
158830203317
158830214060
158830223520
158830231699
158830241220
158830251840
158830258859
158830269540
158830279306
158830287057
158830298105
158830305612
158830316782
158830324228
158830335702
158830345956
158830355356
158830362741
158830373727
158830381540
158830392343
158830399789
158830410531
158830420846
158830430978
158830438607
158830450143
158830457406
158830467233
158830476937
158830487130
158830494638
158830505013
158830514962
158830523812
158830533883
158830542489
158830552071
158830562875
158830570565
158830580148
158830590035
158830599068
158830609017
158830619088
158830626473
158830637704
158830645150
158830657357
158830664864
158830675484
158830683053
158830694100
158830705025
158830712166
158830722054
158830732857
158830740548
158830750740
158830760933
158830770699
158830778450
158830789498
158830799629
158830809395
158830817391
158830826424
158830836556
158830846993
158830854439
158830865486
158830873116
158830883980
158830894417
158830906319
158830919380
158830933723
158830945259
158830960396
158830979316
158830988777
158831005745
158831017036
158831031074
158831044014
158831054817
158831065925
158831079719
158831092781
158831105598
158831119636
158831128425
158831138557
158831146064
158831156684
158831164985
158831175056
158831185004
158831192207
158831199531
158831209663
158831220283
158831229011
158831236762
158831242927
158831254096
158831262519
158831269172
158831278632
158831285590
158831294135
158831301947
158831306891
158831316413
158831324225
158831332038
158831341742
158831347480
158831357978
158831364752
158831372016
158831380133
158831386603
158831397528
158831406622
158831413397
158831420966
158831429389
158831437628
158831444830
158831450751
158831461920
158831469977
158831476508
158831483221
158831492743
158831501227
158831509039
158831517767
158831528754
158831538763
158831548041
158831556219
158831566473
158831573248
158831583380
158831595343
158831605291
158831613653
158831622747
158831630926
158831640020
158831649603
158831656378
158831669073
158831678045
158831686041
158831693670
158831705328
158831713323
158831721258
158831731146
158831739813
158831744268
158831757452
158831762029
158831774358
158831778997
158831790472
158831802984
158831810857
158831818426
158831827520
158831835760
158831844182
158831854925
158831862981
158831873174
158831882818
158831893071
158831901616
158831909368
158831919561
158831928411
158831938970
158831946843
158831957524
158831964299
158831974370
158831984502
158831991399
158832001286
158832010808
158832019597
158832029546
158832038030
158832045110
158832054448
158832063725
158832072087
158832081486
158832092839
158832102177
158832110966
158832115544
158832126530
158832135625
158832144169
158832151127
158832164433
158832173039
158832181950
158832189702
158832198369
158832205326
158832215397
158832225834
158832235539
158832242802
158832251530
158832260685
158832269352
158832278691
158832287358
158832295780
158832305119
158832313175
158832324162
158832331608
158832340336
158832348759
158832357548
158832364750
158832377995
158832382389
158832393131
158832399906
158832411808
158832419987
158832428654
158832436649
158832446049
158832456913
158832465336
158832474064
158832481815
158832489383
158832500248
158832509403
158832517826
158832525516
158832536319
158832543949
158832554019
158832562015
158832569766
158832582279
158832589542
158832599368
158832606449
158832617740
158832627445
158832636234
158832646671
158832657230
158832667422
158832676089
158832683047
158832691592
158832698489
158832709231
158832721805
158832730594
158832739017
158832746951
158832757266
158832765262
158832775149
158832783145
158832791995
158832800662
158832809695
158832819217
158832826968
158832836306
158832842410
158832851992
158832861819
158832870242
158832878726
158832886904
158832896731
158832907351
158832915469
158832924075
158832935915
158832944338
158832952334
158832957217
158832970827
158832979189
158832987063
158832996645
158833005068
158833015444
158833023318
158833032778
158833040774
158833048952
158833059450
158833070009
158833080568
158833086062
158833096315
158833104555
158833114687
158833121584
158833131777
158833140016
158833150576
158833159548
158833168825
158833174318
158833184511
158833192201
158833202333
158833213197
158833222780
158833228090
158833238161
158833247926
158833254701
158833264284
158833273500
158833283571
158833291139
158833301637
158833308778
158833315858
158833327272
158833336915
158833344545
158833355653
158833363466
158833375062
158833383058
158833390260
158833402040
158833411073
158833418885
158833431520
158833439637
158833449464
158833459168
158833466249
158833476625
158833485902
158833492799
158833504701
158833514100
158833522340
158833529115
158833539430
158833548951
158833556275
158833565919
158833574769
158833582764
158833593568
158833601746
158833610535
158833618775
158833627625
158833636963
158833647950
158833655152
158833665772
158833673401
158833683411
158833693177
158833700074
158833711609
158833719849
158833730774
158833738037
158833748841
158833756287
158833766846
158833773987
158833785034
158833793335
158833805908
158833814575
158833824585
158833833557
158833844238
158833849060
158833863464
158833867798
158833881287
158833885681
158833896179
158833903137
158833915283
158833924194
158833930542
158833940796
158833949096
158833957031
158833965576
158833972534
158833982788
158833991394
158834002807
158834012390
158834020813
158834029235
158834040649
158834047119
158834057861
158834066223
158834074768
158834083496
158834091369
158834099609
158834108276
158834117553
158834126220
158834134643
158834143981
158834152221
158834163146
158834171630
158834179504
158834187438
158834196044
158834205077
158834214477
158834222228
158834231872
158834242431
158834250976
158834260863
158834269164
158834280944
158834289611
158834296874
158834306090
158834315795
158834327208
158834334899
158834346068
158834357482
158834367064
158834375975
158834382872
158834391722
158834400878
158834411498
158834418639
158834427855
158834437743
158834446471
158834453307
158834463438
158834470274
158834481139
158834487852
158834498228
158834508238
158834517637
158834524473
158834533690
158834542845
158834552122
158834559141
158834570067
158834580931
158834589659
158834596678
158834606504
158834616636
158834629515
158834638853
158834656553
158834669248
158834685240
158834698423
158834716123
158834727232
158834741392
158834752439
158834764402
158834778379
158834791196
158834803953
158834816343
158834825010
158834839231
158834848325
158834855649
158834865049
158834875242
158834880979
158834890683
158834902463
158834909055
158834917539
158834925901
158834934934
158834941220
158834950315
158834960568
158834969602
158834977597
158834986752
158834994016
158835003781
158835010495
158835021909
158835030209
158835040829
158835050839
158835059018
158835070187
158835078000
158835086117
158835097165
158835106869
158835116940
158835123410
158835134579
158835144772
158835154599
158835163998
158835171383
158835182431
158835192257
158835198483
158835209225
158835216915
158835227719
158835235348
158835246701
158835258602
158835265499
158835274655
158835284786
158835293575
158835303341
158835312069
158835319698
158835331905
158835339596
158835349117
158835358334
158835366939
158835377132
158835383968
158835394466
158835403499
158835411556
158835422420
158835429256
158835437740
158835447811
158835454830
158835465145
158835474544
158835481990
158835492855
158835500972
158835509517
158835517879
158835526607
158835534969
158835547115
158835555721
158835566585
158835573909
158835581661
158835590999
158835598934
158835611141
158835619685
158835627376
158835637996
158835645747
158835655757
158835662593
158835672664
158835683894
158835691585
158835701594
158835711238
158835719295
158835728206
158835738032
158835745601
158835757747
158835765559
158835774348
158835781184
158835791560
158835805720
158835824580
158835835871
158835844599
158835852473
158835863581
158835873774
158835883723
158835890864
158835901789
158835910090
158835921259
158835930476
158835940241
158835947138
158835957941
158835965815
158835976557
158835984370
158835995478
158836003596
158836014643
158836021540
158836032770
158836041071
158836051996
158836060724
158836071528
158836080561
158836089228
158836098078
158836109064
158836118463
158836126947
158836136652
158836147577
158836157343
158836167352
158836176996
158836184503
158836195245
158836205072
158836211847
158836222711
158836232904
158836242670
158836249261
158836260370
158836268243
158836279230
158836289422
158836296991
158836305108
158836316034
158836323968
158836334894
158836342584
158836353692
158836365838
158836373468
158836384027
158836394036
158836399957
158836411126
158836418878
158836430047
158836441094
158836448419
158836457269
158836468438
158836475518
158836486566
158836495965
158836504266
158836516412
158836523919
158836532769
158836544183
158836550652
158836561578
158836570550
158836579339
158836589959
158836601128
158836609246
158836618157
158836627617
158836636162
158836645562
158836656670
158836665154
158836673760
158836683281
158836692192
158836701287
158836712395
158836722100
158836730767
158836742424
158836749809
158836758476
158836769585
158836777886
158836788933
158836795952
158836806877
158836818291
158836828300
158836834160
158836845451
158836853142
158836864006
158836872490
158836883415
158836890617
158836901909
158836912285
158836919792
158836929497
158836938408
158836947563
158836959465
158836969291
158836977897
158836986198
158836998283
158837007194
158837015800
158837025444
158837034233
158837045707
158837054313
158837064140
158837072502
158837084098
158837093437
158837103141
158837111930
158837124747
158837133414
158837141593
158837152640
158837160453
158837171439
158837179191
158837190238
158837200126
158837208488
158837217277
158837226127
158837236930
158837245658
158837254996
158837263846
158837273978
158837284659
158837292105
158837303031
158837312125
158837319937
158837330374
158837340872
158837348136
158837359244
158837370047
158837376456
158837388236
158837395255
158837408072
158837419730
158837430167
158837440115
158837449149
158837458670
158837465994
158837478995
158837488394
158837497793
158837506582
158837516165
158837523733
158837536429
158837546621
158837554190
158837562429
158837575125
158837582571
158837594473
158837602652
158837612112
158837619619
158837630422
158837637930
158837648977
158837656362
158837666921
158837677725
158837687124
158837694387
158837704885
158837711904
158837723684
158837734609
158837743337
158837753713
158837762441
158837772512
158837783681
158837792409
158837803090
158837812185
158837821706
158837830739
158837840566
158837850698
158837858144
158837870351
158837875600
158837887685
158837895253
158837907338
158837914907
158837926381
158837935414
158837945607
158837953298
158837965383
158837970265
158837982167
158837989919
158838001210
158838011952
158838021779
158838029347
158838040944
158838051625
158838061024
158838065968
158838079640
158838084462
158838100087
158838109181
158838117909
158838127858
158838136464
158838144398
158838153859
158838163319
158838172902
158838181569
158838193226
158838201466
158838210926
158838218800
158838230824
158838239735
158838249195
158838257313
158838266834
158838277577
158838287037
158838295765
158838305286
158838315357
158838324940
158838333851
158838343189
158838351185
158838363026
158838371815
158838381214
158838388904
158838400989
158838409229
158838418628
158838427723
158838437183
158838446216
158838455677
158838465992
158838475452
158838484974
158838491993
158838502613
158838512500
158838522449
158838531848
158838541980
158838553272
158838563587
158838575427
158838588977
158838601245
158838615710
158838631091
158838643603
158838657275
158838671680
158838681384
158838696521
158838705554
158838718860
158838733508
158838746020
158838756091
158838770861
158838780444
158838786731
158838799365
158838807971
158838816455
158838824206
158838833972
158838843005
158838851061
158838860766
158838868823
158838878039
158838885973
158838896410
158838904162
158838912463
158838922717
158838929369
158838939806
158838947558
158838957629
158838964159
158838974474
158838984240
158838991015
158839001818
158839009081
158839021471
158839030748
158839036913
158839047716
158839057909
158839067919
158839074083
158839084948
158839096483
158839106249
158839114305
158839123949
158839133470
158839140367
158839149950
158839159654
158839168993
158839179552
158839188951
158839196520
158839206712
158839217638
158839227098
158839235826
158839247789
158839257188
158839265794
158839273912
158839283250
158839291978
158839303819
158839316453
158839325120
158839334886
158839343675
158839352647
158839363878
158839372972
158839381517
158839390977
158839402024
158839408860
158839419908
158839429307
158839440598
158839448411
158839459458
158839466721
158839477647
158839486070
158839496995
158839506821
158839514695
158839523423
158839534592
158839545518
158839555772
158839565903
158839573411
158839584702
158839592332
158839603623
158839613694
158839622178
158839632432
158839642075
158839649826
158839661118
158839671738
158839681076
158839688645
158839699448
158839706894
158839718918
158839726425
158839736862
158839746872
158839756516
158839764328
158839775131
158839782517
158839792770
158839802963
158839812119
158839822128
158839830795
158839840622
158839849350
158839859299
158839869491
158839877365
158839888779
158839899277
158839908310
158839918808
158839930954
158839939010
158839950790
158839957260
158839969040
158839977157
158839989181
158839997055
158840008895
158840016525
158840027877
158840036422
158840046188
158840053695
158840064010
158840071822
158840083053
158840093795
158840103439
158840108749
158840124374
158840132430
158840141708
158840150313
158840159835
158840167281
158840179061
158840187057
158840199874
158840207747
158840219344
158840228560
158840238143
158840245894
158840255050
158840266036
158840274337
158840283614
158840291487
158840299056
158840310774
158840320296
158840328780
158840337691
158840347762
158840356551
158840363631
158840373213
158840383467
158840392928
158840402449
158840408858
158840419539
158840429427
158840436751
158840446883
158840457503
158840466902
158840474287
158840484358
158840491865
158840505171
158840511946
158840524336
158840533186
158840541914
158840552229
158840560591
158840569990
158840578535
158840589704
158840598249
158840607649
158840619856
158840627180
158840638227
158840648786
158840656538
158840664961
158840675459
158840686384
158840694074
158840704206
158840711897
158840722578
158840730207
158840742292
158840752363
158840762372
158840770002
158840780805
158840788251
158840799177
158840812299
158840821943
158840830121
158840840314
158840848859
158840858564
158840868573
158840878034
158840888715
158840898236
158840903180
158840917401
158840922589
158840936505
158840941632
158840953351
158840960858
158840972455
158840980206
158840993512
158841001080
158841010724
158841018170
158841029095
158841040143
158841049969
158841057477
158841067120
158841077374
158841087018
158841096905
158841103985
158841114056
158841123517
158841133709
158841143109
158841153607
158841163006
158841170575
158841180096
158841190655
158841200115
158841208599
158841219952
158841226788
158841238201
158841247357
158841255291
158841266399
158841275005
158841284710
158841295574
158841306316
158841316082
158841324322
158841334148
158841344036
158841353741
158841363140
158841370647
158841381511
158841391643
158841401104
158841412029
158841420818
158841428631
158841437725
158841448650
158841457866
158841466045
158841475444
158841483379
158841495281
158841503643
158841513225
158841522014
158841531352
158841539043
158841552409
158841561138
158841570781
158841578899
158841591167
158841596050
158841609538
158841617107
158841626750
158841634380
158841647807
158841652934
158841666728
158841674357
158841683818
158841691997
158841704509
158841715678
158841724345
158841734355
158841743022
158841752848
158841761454
158841771708
158841780314
158841791667
158841800212
158841808695
158841820048
158841828410
158841837199
158841848002
158841856730
158841866496
158841875163
158841883158
158841895304
158841902140
158841914225
158841920451
158841932474
158841941752
158841952982
158841962504
158841971354
158841979960
158841991312
158842000345
158842011332
158842019510
158842030619
158842040995
158842048807
158842060404
158842068521
158842078592
158842087076
158842098612
158842107218
158842115640
158842127542
158842137308
158842146646
158842157388
158842166544
158842178262
158842187112
158842197305
158842205850
158842215311
158842223856
158842234598
158842243021
158842253335
158842264200
158842272195
158842284036
158842292520
158842304178
158842314126
158842324380
158842334146
158842341592
158842352884
158842360208
158842367776
158842379068
158842389993
158842400064
158842409890
158842417459
158842425881
158842437173
158842445657
158842456765
158842463967
158842475442
158842486062
158842493447
158842501992
158842513161
158842525124
158842534524
158842547341
158842560403
158842575478
158842584755
158842600441
