184582637696
184582642945
184582646790
184582651734
184582656861
184582661195
184582666078
184582669862
184582674317
184582679871
184582684510
184582689332
184582692933
184582697144
184582701417
184582705872
184582709718
184582714356
184582718568
184582722474
184582726990
184582730530
184582736512
184582741090
184582745667
184582748902
184582753358
184582757813
184582761780
184582767335
184582771668
184582775941
184582780274
184582784913
184582788880
184582792969
184582797669
184582802247
184582807190
184582810853
184582814942
184582819519
184582824402
184582829346
184582834412
184582838379
184582842102
184582846558
184582850281
184582856507
184582860291
184582865235
184582868836
184582872498
184582877625
184582883118
184582888001
184582892273
184582897827
184582901734
184582906006
184582910340
184582915344
184582919739
184582923706
184582927674
184582932434
184582936463
184582939819
184582944641
184582948547
184582953064
184582957031
184582961060
184582966187
184582969971
184582974487
184582980164
184582983643
184582986939
184582990417
184582996460
184583000793
184583005127
184583009460
184583013977
184583018555
184583021057
184583025879
184583030701
184583036011
184583039917
184583045105
184583049194
184583052673
184583058044
184583062439
184583065796
184583071472
184583075928
184583080810
184583084900
184583091369
184583095459
184583100342
184583106323
184583110840
184583115234
184583119873
184583125183
184583129089
184583135193
184583139465
184583143982
184583148559
184583154846
184583159851
184583164611
184583169799
184583174865
184583180603
184583184387
184583188903
184583194335
184583199218
184583205078
184583208129
184583213378
184583219299
184583223998
184583229125
184583235412
184583241271
184583245422
184583249633
184583254943
184583259582
184583265014
184583269408
184583274902
184583279357
184583284362
184583288329
184583294128
184583298156
184583304137
184583309081
184583313476
184583317687
184583322265
184583326903
184583331847
184583337096
184583342345
184583346923
184583351012
184583355895
184583361632
184583367187
184583371703
184583377379
184583382506
184583387023
184583391356
184583396483
184583399840
184583408324
184583413878
184583418395
184583422850
184583427733
184583432860
184583437499
184583442443
184583447875
184583452330
184583457885
184583461669
184583466307
184583471068
184583477660
184583482360
184583487914
184583492186
184583496642
184583501647
184583505553
184583512633
184583517577
184583522093
184583526244
184583531920
184583534911
184583540709
184583545409
184583550841
184583555357
184583560423
184583565306
184583569029
184583573607
184583579771
184583587157
184583592101
184583597044
184583602354
184583606261
184583610960
184583616881
184583624022
184583628844
184583633604
184583638304
184583643736
184583648863
184583654234
184583659666
184583664610
184583670347
184583675230
184583679442
184583685240
184583691160
184583697752
184583702696
184583706968
184583712339
184583717588
184583722349
184583727720
184583734800
184583740171
184583744993
184583749205
184583754454
184583758787
184583763365
184583768797
184583773374
184583778746
184583783140
184583787779
184583791746
184583797117
184583801878
184583808164
184583812925
184583817991
184583821897
184583827207
184583831724
184583837583
184583843260
184583847227
184583852110
184583856626
184583860532
184583865843
184583871397
184583876218
184583880796
184583886167
184583891599
184583896665
184583901792
184583907590
184583914487
184583919736
184583925413
184583931211
184583936033
184583940488
184583945432
184583951536
184583956113
184583961179
184583966062
184583970884
184583975583
184583981321
184583986448
184583993650
184583996335
184584001706
184584005979
184584011594
184584016294
184584022825
184584027646
184584033628
184584037290
184584043088
184584047361
184584051572
184584057187
184584061582
184584067441
184584071714
184584076596
184584080930
184584086179
184584092588
184584097470
184584103879
184584108518
184584113461
184584118222
184584122128
184584128476
184584132626
184584139218
184584143674
184584149228
184584153317
184584158872
184584161618
184584165830
184584171750
184584178769
184584183957
184584189267
184584194028
184584197995
184584202451
184584207516
184584212338
184584218198
184584222592
184584228329
184584232663
184584236752
184584240903
184584249020
184584253781
184584258481
184584263669
184584268307
184584273251
184584277829
184584282773
184584287655
184584293637
184584297909
184584302548
184584307370
184584313839
184584322812
184584330441
184584334286
184584343319
184584350399
184584358456
184584365414
184584374081
184584380978
184584390011
184584399960
184584406063
184584416989
184584424008
184584430172
184584438229
184584444882
184584455990
184584462521
184584473690
184584481380
184584490292
184584496578
184584505062
184584512630
184584522640
184584529232
184584537960
184584545650
184584549740
184584553463
184584557918
184584562923
184584566829
184584570980
184584575557
184584579220
184584584285
184584589657
184584593441
184584598324
184584601925
184584605831
184584610286
184584614254
184584618709
184584623653
184584627620
184584630977
184584636043
184584639949
184584645015
184584649471
184584654598
184584658260
184584663265
184584666194
184584671138
184584676570
184584681514
184584684993
184584689632
184584693294
184584697627
184584702571
184584706233
184584711971
184584716670
184584719234
184584725337
184584728999
184584733943
184584737727
184584741878
184584746150
184584750972
184584754268
184584758235
184584762325
184584766963
184584772212
184584776302
184584780147
184584783931
184584788081
184584792110
184584797725
184584802364
184584806880
184584811397
184584815913
184584821590
184584825801
184584830745
184584835383
184584840083
184584845637
184584850337
184584855830
184584860774
184584865474
184584870357
184584874446
184584880794
184584885615
184584890498
184584895625
184584900081
184584904719
184584909236
184584914424
184584919734
184584923274
184584927668
184584932612
184584936885
184584941157
184584946101
184584952204
184584956660
184584961177
184584965327
184584970637
184584976069
184584980158
184584986506
184584991023
184584995234
184584999751
184585005488
184585010310
184585014948
184585019343
184585023127
184585029109
184585032893
184585037715
184585042536
184585047358
184585053400
184585057612
184585062251
184585068232
184585072443
184585077265
184585081660
184585087397
184585091425
184585096918
184585101801
184585107050
184585111750
184585116511
184585121210
184585126276
184585131037
184585136774
184585142084
184585147150
184585151850
184585156244
184585160883
184585166376
184585170649
184585176081
184585180597
184585185419
184585189692
184585194880
184585200434
184585204523
184585210199
184585217402
184585221979
184585226618
184585231440
184585237055
184585241693
184585246515
184585252924
184585259149
184585264032
184585268732
184585273004
184585277643
184585281610
184585287287
184585292780
184585297174
184585302667
184585307184
184585312311
184585318292
184585322870
184585325372
184585333002
184585337030
184585341730
184585346674
184585353388
184585358820
184585364252
184585369379
184585374445
184585380121
184585385065
184585390924
184585395380
184585399591
184585405633
184585410211
184585414972
184585419733
184585424493
184585429742
184585434808
184585438775
184585443719
184585448907
184585453668
184585458795
184585463800
184585469171
184585473932
184585478265
184585483209
184585488458
184585494745
184585499383
184585503656
184585509881
184585514642
184585517328
184585523614
184585527948
184585534906
184585538751
184585545587
184585549066
184585555841
184585559075
184585565057
184585569512
184585575921
184585580316
184585584832
184585589959
184585595147
184585600152
184585604608
184585609490
184585614678
184585620538
184585624505
184585629510
184585634087
184585639520
184585645196
184585650018
184585654046
184585658563
184585664300
184585669244
184585674187
184585678582
184585683831
184585688287
184585693963
184585699029
184585704278
184585710564
184585715264
184585718377
184585723809
184585728203
184585733147
184585738274
184585744561
184585749138
184585753411
184585758599
184585764519
184585768487
184585773613
184585778924
184585783989
184585788933
184585793145
184585797234
184585802422
184585806694
184585812554
184585817437
184585822075
184585827080
184585831536
184585835747
184585840264
184585845635
184585849907
184585856316
184585861809
184585866814
184585870720
184585874626
184585879265
184585884636
184585889275
184585894829
184585900749
184585905571
184585911492
184585916435
184585921074
184585925774
184585931694
184585936455
184585941216
184585947319
184585953178
184585957390
184585961845
184585966850
184585971550
184585976555
184585981743
184585985954
184585991692
184585996391
184586000542
184586006401
184586011040
184586015251
184586020744
184586025017
184586028068
184586034965
184586040092
184586046440
184586051506
184586056145
184586060722
184586065483
184586070610
184586075493
184586080375
184586085075
184586089470
184586095146
184586098808
184586103264
184586107048
184586112724
184586118827
184586122123
184586129814
184586135551
184586140190
184586143913
184586148124
184586153923
184586160575
184586164970
184586171379
184586175651
184586180290
184586184928
184586189445
184586194328
184586200614
184586204826
184586211112
184586215934
184586220085
184586224296
184586229728
184586236259
184586241630
184586248222
184586252494
184586256767
184586260612
184586266349
184586271354
184586275687
184586281303
184586287162
184586292045
184586296989
184586301383
184586306327
184586311210
184586316886
184586321952
184586326407
184586330985
184586335990
184586342277
184586347404
184586351615
184586357535
184586361991
184586366630
184586371512
184586376395
184586381949
184586386954
184586393363
184586398490
184586402518
184586408011
184586412528
184586419669
184586430411
184586438590
184586446707
184586456168
184586466483
184586473319
184586481558
184586492789
184586501151
184586512137
184586519766
184586527274
184586531424
184586544302
184586553336
184586560721
184586567374
184586571524
184586575980
184586581107
184586586478
184586591910
184586596060
184586600882
184586605521
184586609366
184586613516
184586619131
184586624441
184586629568
184586634329
184586639334
184586643728
184586648245
184586652640
184586656912
184586661429
184586667471
184586671438
184586675161
184586678763
184586685293
184586689077
184586692923
184586696646
184586702261
184586706411
184586712210
184586716360
184586721182
184586724905
184586730337
184586735159
184586740042
184586745901
184586750357
184586754324
184586760000
184586763723
184586768240
184586774649
184586779714
184586785818
184586790151
184586793875
184586799917
184586803884
184586809744
184586814749
184586819509
184586822988
184586829092
184586834829
184586840322
184586844595
184586850332
184586854238
184586861318
184586865896
184586870351
184586875051
184586879873
184586884939
184586890615
184586895315
184586899892
184586905813
184586909719
184586915029
184586919668
184586924917
184586930166
184586934621
184586938528
184586943960
184586948781
184586952993
184586958425
184586963125
184586967702
184586972646
184586978566
184586982656
184586988210
184586992666
184586996694
184587001638
184587006459
184587009999
184587016652
184587020803
184587024953
184587029470
184587034780
184587039174
184587044301
184587048329
184587053151
184587058156
184587061879
184587066823
184587072133
184587076711
184587080922
184587086232
184587090077
184587094655
184587099538
184587104604
184587111073
184587116200
184587121694
184587125844
184587130177
184587135976
184587140248
184587145070
184587150990
184587156361
184587160390
184587165944
184587170338
184587174977
184587180897
184587186330
184587191701
184587197255
184587201466
184587206837
184587209889
184587215565
184587222218
184587226918
184587232594
184587237294
184587241200
184587245839
184587250905
184587255665
184587262501
184587265797
184587271107
184587276600
184587280446
184587285450
184587290333
184587295582
184587301259
184587305165
184587309864
184587314808
184587319264
184587323353
184587327870
184587334278
184587339222
184587343312
184587348988
184587353688
184587358570
184587364186
184587369984
184587375233
184587379383
184587385182
184587389393
184587395130
184587400074
184587406178
184587410816
184587416004
184587419788
184587424854
184587430470
184587434193
184587441639
184587447132
184587450306
184587455921
184587460316
184587465809
184587470753
184587475758
184587482227
184587486805
184587492359
184587497059
184587501148
184587505848
184587513233
184587518726
184587524158
184587529468
184587534290
184587538441
184587542957
184587545154
184587553272
184587557789
184587562732
184587567981
184587572193
184587577381
184587581592
184587586902
184587592945
184587597278
184587603443
184587608265
184587612781
184587617054
184587622058
184587628284
184587633350
184587637928
184587642993
184587647144
184587650989
184587655323
184587662891
184587667652
184587672351
184587676868
184587681507
184587686084
184587690723
184587696704
184587702014
184587708118
184587713245
184587717456
184587722095
184587726184
184587731799
184587737109
184587742969
184587747730
184587752551
184587757251
184587761584
184587766467
184587772083
184587777393
184587783496
184587788684
184587793079
184587797717
184587802417
184587809070
184587815356
184587821155
184587826037
184587830798
184587835254
184587840747
184587843432
184587849170
184587855761
184587860400
184587865222
184587870105
184587874011
184587878711
184587883777
184587889758
184587895007
184587899157
184587905566
184587909777
184587913989
184587920275
184587925158
184587930651
184587935473
184587940783
184587945300
184587950000
184587954760
184587961230
184587966662
184587971850
184587977282
184587981982
184587987170
184587991992
184587996081
184588002062
184588006823
184588012621
184588016100
184588020434
184588024828
184588029467
184588036608
184588041674
184588047533
184588051196
184588056078
184588061816
184588066271
184588071459
184588077746
184588083544
184588086657
184588092699
184588098070
184588102282
184588105456
184588113085
184588119250
184588124010
184588129076
184588133898
184588138598
184588143114
184588148302
184588152758
184588158922
184588162645
184588168261
184588173937
184588178576
184588183336
184588188341
184588193712
184588199755
184588203112
184588208971
184588213182
184588218004
184588224474
184588230333
184588235216
184588239977
184588244799
184588248949
184588254869
184588259691
184588264574
184588269213
184588275865
184588280016
184588285631
184588289842
184588294664
184588299913
184588305773
184588310289
184588314684
184588320116
184588324022
184588328661
184588333116
184588339464
184588345445
184588349962
184588354845
184588360582
184588365038
184588369615
184588376268
184588382616
184588387254
184588390794
184588396898
184588402025
184588406236
184588412828
184588419054
184588426805
184588433580
184588442979
184588451707
184588460252
184588468919
184588476793
184588487535
184588495591
184588504686
184588511033
184588517808
184588525376
184588532457
184588540818
184588547532
184588556138
184588564378
184588568589
184588574204
184588578599
184588583360
184588587632
184588592088
184588596360
184588601853
184588606614
184588612229
184588616441
184588621323
184588625108
184588629502
184588633836
184588637437
184588642320
184588648301
184588655442
184588659715
184588664658
184588668748
184588673020
184588676865
184588681870
184588686448
184588691575
184588695176
184588699692
184588703843
184588708970
184588713486
184588718674
184588723008
184588727219
184588731492
184588735520
184588738755
184588745102
184588749070
184588753586
184588757309
184588761704
184588767136
184588770859
184588775193
184588781052
184588786789
184588791428
184588796799
184588802658
184588807541
184588812119
184588816941
184588820969
184588825974
184588831040
184588835862
184588840012
184588844773
184588849716
184588854599
184588859177
184588864548
184588869736
184588874741
184588879257
184588884262
184588889206
184588893601
184588899521
184588904587
184588909409
184588914719
184588920273
184588925461
184588929550
184588933701
184588940659
184588946091
184588950302
184588956650
184588960434
184588965561
184588971359
184588976486
184588980881
184588986374
184588991440
184588996323
184589001816
184589006760
184589010971
184589015915
184589020492
184589025741
184589031601
184589035873
184589042038
184589045212
184589051437
184589055832
184589060409
184589066330
184589070785
184589075485
184589081649
184589085739
184589090683
184589095688
184589100570
184589105392
184589111801
184589116378
184589121200
184589125778
184589130661
184589134994
184589139938
184589145797
184589150497
184589154891
184589159957
184589164230
184589168624
184589174728
184589179183
184589184066
184589188705
184589193099
184589199020
184589203964
184589207931
184589214401
184589218246
184589223251
184589228500
184589233627
184589239120
184589244125
184589249191
184589254195
184589258407
184589263412
184589268233
184589273055
184589278548
184589283553
184589287704
184589292525
184589297408
184589302352
184589306869
184589313155
184589318038
184589322310
184589327498
184589333236
184589338424
184589342879
184589347640
184589355025
184589359725
184589365035
184589369613
184589374678
184589379256
184589383590
184589388656
184589393782
184589398970
184589405440
184589410323
184589415023
184589419905
184589424483
184589430464
184589437117
184589441573
184589446395
184589452864
184589457259
184589462325
184589467513
184589471846
184589477461
184589483992
184589488692
184589493819
184589498885
184589502242
184589506941
184589512862
184589517928
184589524092
184589527571
184589533186
184589538435
184589542952
184589549422
184589553755
184589559492
184589565230
184589569929
184589575423
184589581099
184589586958
184589590742
184589596358
184589600630
184589607100
184589613814
184589617598
184589623640
184589628584
184589634138
184589639143
184589644758
184589650190
184589654890
184589659529
184589666060
184589671370
184589675703
184589680830
184589686262
184589691694
184589696760
184589701582
184589706709
184589711592
184589715315
184589720686
184589724531
184589731123
184589735701
184589740522
184589744917
184589749861
184589754988
184589760237
184589764936
184589770124
184589775678
184589780561
184589785383
184589790022
184589795088
184589799787
184589804670
184589809736
184589814680
184589819196
184589824384
184589829206
184589834394
184589839338
184589843916
184589849592
184589855207
184589859968
184589864790
184589869733
184589874250
184589879255
184589883588
184589890729
184589895246
184589899274
184589905561
184589910566
184589915327
184589920453
184589923871
184589930036
184589934430
184589938520
184589943281
184589948957
184589952924
184589957258
184589962995
184589968793
184589974897
184589979596
184589984357
184589988813
184589994123
184589997907
184590002790
184590007734
184590013227
184590017560
184590023664
184590028119
184590032941
184590037580
184590043500
184590048993
184590053754
184590060041
184590063458
184590069928
184590073041
184590079144
184590085309
184590091168
184590096967
184590101361
184590106061
184590111615
184590116132
184590120099
184590125470
184590132001
184590136334
184590141461
184590147015
184590151837
184590156110
184590161114
184590166547
184590171612
184590177289
184590182355
184590186749
184590191876
184590196698
184590201031
184590207623
184590212567
184590218670
184590223614
184590227765
184590232647
184590237897
184590242901
184590249310
184590255475
184590261395
184590264935
184590270672
184590274884
184590280438
184590285382
184590290509
184590296002
184590301800
184590306683
184590310955
184590315960
184590321392
184590326397
184590330426
184590337933
184590342694
184590347576
184590352459
184590357220
184590362408
184590367169
184590373394
184590378460
184590383648
184590387798
184590392254
184590396282
184590400372
184590404400
184590407940
184590413616
184590418682
184590422649
184590426922
184590431744
184590435284
184590439129
184590446209
184590451702
184590455486
184590460491
184590464703
184590469707
184590473858
184590477398
184590483440
184590488567
184590493023
184590497173
184590501324
184590505657
184590509746
184590514324
184590518719
184590523479
184590527996
184590532940
184590536724
184590543865
184590553142
184590560711
184590567852
184590575176
184590585552
184590593059
184590603252
184590612224
184590620159
184590627971
184590634990
184590643047
184590651409
184590659831
184590668193
184590676311
184590680095
184590684490
184590690959
184590695232
184590700725
184590706096
184590710796
184590715190
184590719219
184590724284
184590727885
184590732890
184590736552
184590743571
184590750652
184590755595
184590761089
184590766093
184590771403
184590776713
184590781474
184590786296
184590789836
184590793986
184590799296
184590801555
184590808024
184590812053
184590817119
184590821757
184590825908
184590830058
184590834086
184590839152
184590843364
184590847453
184590851481
184590855998
184590860026
184590863810
184590869059
184590872599
184590877848
184590883464
184590887309
184590891093
184590896098
184590899943
184590904094
184590909037
184590912699
184590917033
184590921855
184590926615
184590930705
184590936442
184590940470
184590945353
184590950419
184590955058
184590961344
184590964274
184590970194
184590975504
184590979411
184590983988
184590989298
184590994425
184590998393
184591003031
184591007426
184591011820
184591016032
184591020243
184591025675
184591029398
184591033305
184591039347
184591044291
184591049052
184591052836
184591059428
184591064982
184591068461
184591074808
184591079447
184591083720
184591088602
184591094279
184591099161
184591105021
184591109598
184591113993
184591119791
184591123820
184591128336
184591133036
184591138407
184591142618
184591147318
184591152018
184591156351
184591161051
184591166422
184591172525
184591176188
184591180887
184591186014
184591191263
184591195047
184591199747
184591205179
184591210123
184591214273
184591219278
184591223551
184591228495
184591233133
184591239481
184591243692
184591249307
184591252298
184591258035
184591264017
184591269815
184591275430
184591280618
184591284586
184591289224
184591294290
184591298929
184591303384
184591307840
184591314859
184591318216
184591324197
184591327310
184591334146
184591338174
184591342325
184591348123
184591353128
184591359109
184591363870
184591368692
184591373697
184591378702
184591383523
184591387979
184591393106
184591398843
184591403604
184591407388
184591411844
184591416543
184591421487
184591426004
184591431924
184591436441
184591441324
184591446145
184591451028
184591455545
184591461648
184591467569
184591473489
184591477700
184591482888
184591486856
184591492227
184591496926
184591502175
184591507241
184591512063
184591516763
184591522439
184591526956
184591531655
184591536294
184591543374
184591547463
184591551553
184591557656
184591561563
184591565774
184591569619
184591575845
184591581277
184591585732
184591591348
184591595803
184591600381
184591604775
184591609658
184591614297
184591620339
184591625283
184591629372
184591634805
184591637856
184591644143
184591649270
184591654214
184591659280
184591663369
184591669594
184591674050
184591678139
184591682717
184591688149
184591693032
184591697671
184591702309
184591707314
184591712136
184591716286
184591721596
184591726113
184591730629
184591735085
184591739174
184591744607
184591749123
184591753273
184591759438
184591764321
184591769753
184591774270
184591778298
184591783120
184591788124
184591792641
184591798561
184591803933
184591809121
184591813515
184591817726
184591822426
184591827492
184591831826
184591838051
184591842507
184591846718
184591850991
184591855812
184591861244
184591865151
184591869850
184591877724
184591882301
184591886879
184591891091
184591895729
184591900307
184591905190
184591910378
184591916969
184591921303
184591927162
184591931191
184591935463
184591940468
184591944740
184591950111
184591956154
184591960792
184591964821
184591970924
184591974831
184591979225
184591985023
184591990639
184591996193
184592001015
184592005165
184592009926
184592014198
184592019447
184592025917
184592032997
184592037086
184592041847
184592045997
184592051552
184592056068
184592061500
184592067176
184592071144
184592075721
184592081337
184592086036
184592090858
184592095680
184592101295
184592105751
184592110755
184592114967
184592121315
184592127235
184592131690
184592135658
184592142433
184592148292
184592152992
184592157691
184592162818
184592167396
184592171974
184592176978
184592183082
184592187110
184592191871
184592197852
184592200904
184592207008
184592212379
184592217384
184592221900
184592226295
184592230750
184592236610
184592240272
184592245094
184592250098
184592256995
184592260718
184592266639
184592270057
184592276221
184592280311
184592284705
184592290687
184592295630
184592301185
184592304969
184592310828
184592316565
184592321265
184592326575
184592332190
184592337501
184592342200
184592346229
184592352149
184592356116
184592360877
184592366980
184592371680
184592376014
184592381751
184592385718
184592390845
184592394934
184592401343
184592407141
184592412207
184592416724
184592420935
184592425635
184592430518
184592435095
184592440467
184592445044
184592450476
184592454810
184592460486
184592464636
184592468665
184592474585
184592479529
184592485022
184592489600
184592493567
184592499732
184592503455
184592507849
184592513892
184592519324
184592529944
184592540015
184592547278
184592556372
184592566016
184592577185
184592582617
184592594519
184592602270
184592608923
184592616797
184592623755
184592631079
184592638464
184592646704
184592654333
184592660864
184592665381
184592669409
184592673803
184592678930
184592682531
184592686010
184592690771
184592695166
184592698523
184592703344
184592707861
184592712133
184592715795
184592719580
184592724340
184592727697
184592732275
184592735510
184592740332
184592744238
184592747961
184592752600
184592756140
184592760839
184592764562
184592771459
184592774816
184592779394
184592783483
184592787389
184592791174
184592795324
184592800634
184592805761
184592810400
184592814245
184592818517
184592823095
184592827062
184592832555
184592837133
184592843237
184592848363
184592851476
184592858068
184592863988
184592869298
184592875341
184592882787
184592888891
184592894384
184592899206
184592904394
184592909398
184592914586
184592920507
184592925817
184592931127
184592936498
184592941015
184592946142
184592951268
184592956701
184592962316
184592968847
184592975316
184592979345
184592985326
184592990636
184592995153
184593000035
184593006078
184593011510
184593016576
184593021947
184593026891
184593032323
184593037328
184593042089
184593046727
184593054296
184593059850
184593064549
184593069859
184593074132
184593079930
184593083592
184593091710
184593095616
184593099767
184593105443
184593110204
184593114842
184593119786
184593124852
184593132359
184593138951
184593144078
184593147740
184593153661
184593158848
184593163182
184593168248
184593174779
184593179722
184593184117
184593189976
184593194127
184593199864
184593204259
184593209935
184593215489
184593221104
184593226170
184593231236
184593235814
184593240574
184593244725
184593252903
184593258641
184593263890
184593268711
184593273472
184593278843
184593283116
184593288487
184593293736
184593298436
184593303624
184593309666
184593313023
184593318577
184593324009
184593329502
184593336277
184593341160
184593345127
184593349766
184593355381
184593360264
184593365025
184593369908
184593375889
184593381077
184593384678
184593391697
184593396397
184593401463
184593407078
184593412754
184593419224
184593424473
184593428745
184593433384
184593437534
184593442417
184593448887
184593455601
184593460606
184593465183
184593470188
184593475193
184593479893
184593484043
184593491367
184593496555
184593501560
184593506382
184593510654
184593514377
184593519687
184593527561
184593533725
184593538364
184593543125
184593547825
184593552280
184593558262
184593563572
184593568454
184593574192
184593579380
184593583408
184593588291
184593593174
184593598667
184593604465
184593608982
184593614231
184593618930
184593625583
184593629672
184593633823
184593638034
184593645114
184593650730
184593655612
184593660312
184593665134
184593669834
184593675021
184593680820
184593686008
184593690341
184593695346
184593700229
184593706149
184593709750
184593714023
184593719821
184593725497
184593730380
184593734897
184593739169
184593744784
184593749301
184593754611
184593763400
184593767490
184593773715
184593777316
184593783114
184593788119
184593792392
184593797519
184593803561
184593809909
184593813449
184593818759
184593824618
184593828891
184593834140
184593839633
184593845675
184593850985
184593854953
184593859774
184593864413
184593869662
184593875888
184593881320
184593887973
184593892672
184593897921
184593903109
184593907382
184593912265
184593918368
184593923373
184593928256
184593933444
184593938021
184593942843
184593947665
184593951754
184593958895
184593964144
184593968966
184593973544
184593978182
184593983370
184593988253
184593993990
184593999667
184594004672
184594009493
184594014193
184594018954
184594023592
184594027621
184594036288
184594041903
184594046542
184594051424
184594056246
184594061373
184594065035
184594070528
184594076815
184594082796
184594087435
184594092013
184594096285
184594100008
184594106173
184594110750
184594117830
184594122347
184594127230
184594132540
184594137850
184594143831
184594147921
184594155306
184594162630
184594166353
184594170992
184594176729
184594180574
184594185579
184594191011
184594195772
184594201937
184594206575
184594211397
184594216158
184594221956
184594225984
184594232454
184594237947
184594242891
184594247652
184594252413
184594257173
184594261690
184594266573
184594271578
184594278597
184594283724
184594289034
184594293245
184594297456
184594302217
184594308077
184594314363
184594319002
184594324129
184594328218
184594332857
184594337007
184594341341
184594348482
184594353792
184594359407
184594364107
184594369295
184594374177
184594379121
184594383882
184594392671
184594397310
184594402437
184594407136
184594411836
184594416902
184594422334
184594429353
184594436250
184594439546
184594445527
184594450288
184594454744
184594458955
184594464753
184594469941
184594476350
184594481355
184594485688
184594495210
184594499971
184594506318
184594511201
184594517915
184594523713
184594528291
184594533479
184594537873
184594542085
184594549592
184594555268
184594561433
184594566010
184594570405
184594575715
184594580110
184594585481
184594589997
184594596650
184594601472
184594607148
184594611420
184594617158
184594624543
184594632722
184594639863
184594650849
184594661530
184594671479
