156748230376
156748240264
156748250578
156748259306
156748266875
156748274748
156748284819
156748295195
156748302946
156748310515
156748318327
156748327788
156748336638
156748346037
156748352629
156748361906
156748371916
156748380400
156748388029
156748396574
156748403898
156748412382
156748420256
156748427885
156748438444
156748446989
156748456938
156748465055
156748473295
156748483122
156748491667
156748500395
156748511381
156748520475
156748528776
156748538358
156748547025
156748557890
156748566251
156748574552
156748585539
156748594999
156748603300
156748612516
156748620878
156748629362
156748639982
156748649198
156748657560
156748666837
156748677701
156748688382
156748695463
156748704007
156748714750
156748725003
156748732206
156748740689
156748748990
156748759122
156748769681
156748779752
156748787381
156748796720
156748805448
156748814969
156748825650
156748832547
156748843472
156748851651
156748861539
156748871549
156748882474
156748891568
156748901150
156748910367
156748915433
156748927273
156748937527
156748947232
156748958645
156748968472
156748975796
156748987088
156748993985
156749005948
156749013577
156749023709
156749034817
156749044949
156749054470
156749064480
156749072537
156749082669
156749091946
156749102688
156749113308
156749123623
156749128872
156749142239
156749150295
156749162441
156749171230
156749181423
156749192226
156749202541
156749210537
156749219814
156749229092
156749239712
156749248928
156749258388
156749270839
156749280544
156749289577
156749298427
156749310329
156749319423
156749328518
156749336940
156749350063
156749360500
156749369655
156749379238
156749388271
156749399562
156749408595
156749415920
156749429530
156749438686
156749449184
156749457912
156749467983
156749477321
156749487392
156749496791
156749509669
156749517604
156749530360
156749538356
156749548549
156749559108
156749569240
156749578212
156749588771
156749598658
156749608729
156749619593
156749629725
156749637904
156749647853
156749657984
156749669825
156749679591
156749689479
156749700038
156749710291
156749719691
156749729334
156749739283
156749749476
156749757960
156749768092
156749776392
156749786341
156749798670
156749808619
156749816614
156749824793
156749837244
156749846827
156749855860
156749866236
156749875391
156749886377
156749895411
156749903345
156749916163
156749924158
156749934351
156749943262
156749953333
156749962976
156749972742
156749981470
156749991968
156750003992
156750011621
156750022852
156750033228
156750041284
156750051233
156750059412
156750070764
156750082300
156750092859
156750100977
156750111047
156750121850
156750128320
156750140039
156750151208
156750159570
156750169824
156750178979
156750189660
156750198938
156750209741
156750219384
156750229516
156750238733
156750250207
156750259423
156750269311
156750278283
156750285729
156750298303
156750305688
156750319360
156750326623
156750336816
156750345788
156750358300
156750365014
156750377648
156750385339
156750395592
156750406213
156750416283
156750425011
156750435448
156750445458
156750455529
156750465722
156750476037
156750485253
156750495324
156750503563
156750513878
156750521935
156750533532
156750541649
156750551415
156750563256
156750571129
156750582665
156750592247
156750601402
156750609581
156750622399
156750629357
156750642052
156750649498
156750662132
156750668968
156750681664
156750688927
156750698997
156750709190
156750721825
156750729332
156750742149
156750752037
156750761192
156750771568
156750780784
156750791465
156750801170
156750810386
156750820335
156750828819
156750839073
156750849266
156750859397
156750870323
156750881248
156750891197
156750901267
156750909263
156750919395
156750929832
156750940086
156750948936
156750959129
156750970481
156750980735
156750989585
156750999717
156751009116
156751018882
156751029685
156751040488
156751048240
156751060142
156751068442
156751077720
156751086570
156751096457
156751106345
156751116477
156751126365
156751136374
156751145224
156751155295
156751166587
156751174155
156751185630
156751193320
156751204184
156751214499
156751225485
156751235373
156751240927
156751251730
156751260947
156751271628
156751284811
156751291220
156751303061
156751310629
156751322592
156751331076
156751342734
156751352194
156751363791
156751372397
156751384176
156751391195
156751403036
156751411215
156751422995
156751432455
156751441915
156751452291
156751461508
156751471578
156751480673
156751488302
156751500875
156751508261
156751518575
156751528219
156751538351
156751547811
156751558126
156751570211
156751580038
156751589803
156751600118
156751609029
156751619222
156751627767
156751637838
156751648580
156751658651
156751668355
156751678548
156751687337
156751697530
156751705404
156751715230
156751728109
156751738423
156751743917
156751758626
156751766866
156751775777
156751785237
156751796407
156751805501
156751816365
156751825643
156751835774
156751845174
156751855977
156751865376
156751875325
156751884297
156751896504
156751905843
156751914754
156751926472
156751936116
156751945515
156751955708
156751964863
156751974446
156751983418
156751994404
156752004536
156752013874
156752026387
156752035298
156752044331
156752053059
156752065449
156752075581
156752090962
156752101826
156752117207
156752128864
156752144001
156752153950
156752169147
156752181782
156752192768
156752204426
156752218891
156752228535
156752242756
156752256183
156752265583
156752277851
156752295795
156752307758
156752321918
156752334613
156752347797
156752358478
156752370502
156752385028
156752396686
156752408588
156752426227
156752437763
156752450397
156752457782
156752465411
156752478168
156752485858
156752495013
156752502582
156752514545
156752521258
156752536273
156752544635
156752553302
156752563617
156752572040
156752581866
156752592913
156752601214
156752609393
156752618548
156752626178
156752635333
156752646868
156752656085
156752663470
156752674151
156752681719
156752691363
156752698687
156752709551
156752719195
156752728594
156752736163
156752747271
156752754534
156752764727
156752770647
156752780047
156752786150
156752796892
156752803118
156752811358
156752821978
156752830340
156752837725
156752845598
156752855059
156752863115
156752870012
156752878557
156752887529
156752895525
156752904924
156752911943
156752919817
156752928972
156752937517
156752946978
156752955583
156752966509
156752974809
156752983537
156752993852
156753002336
156753010881
156753021013
156753028642
156753039629
156753049944
156753057817
156753068437
156753078996
156753086748
156753099504
156753109819
156753118974
156753126543
156753138872
156753148881
156753157731
156753167192
156753181962
156753193315
156753200944
156753209855
156753221452
156753227739
156753239091
156753247148
156753259782
156753269548
156753277299
156753288407
156753295365
156753304093
156753312089
156753325089
156753335832
156753344132
156753352738
156753362992
156753368180
156753381242
156753391129
156753401139
156753409745
156753419144
156753427994
156753437516
156753449296
156753458939
156753467667
156753478348
156753488236
156753498612
156753508500
156753518265
156753527237
156753537247
156753546524
156753557266
156753566788
156753577713
156753587540
156753596817
156753605179
156753613724
156753623978
156753634110
156753643570
156753653030
156753661270
156753670547
156753680313
156753689590
156753698196
156753708145
156753716141
156753725662
156753734329
156753744278
156753752884
156753761307
156753775650
156753783401
156753791214
156753802444
156753809829
156753821121
156753828567
156753839187
156753847183
156753857315
156753866531
156753877273
156753887100
156753896499
156753903762
156753915481
156753922805
156753931472
156753941726
156753954421
156753963515
156753972671
156753979995
156753988479
156754000014
156754010207
156754019118
156754029128
156754039382
156754048720
156754056106
156754064162
156754072524
156754081740
156754093642
156754101760
156754112746
156754122267
156754129470
156754138137
156754149123
156754160109
156754171340
156754178603
156754189589
156754195509
156754204176
156754213820
156754222426
156754232558
156754241591
156754250746
156754259718
156754268141
156754278456
156754288588
156754296583
156754305434
156754314528
156754326307
156754334059
156754343031
156754353773
156754363661
156754371046
156754379591
156754391371
156754397047
156754407484
156754417189
156754426344
156754435133
156754442213
156754451063
156754460768
156754472120
156754478834
156754489576
156754497205
156754509046
156754515821
156754523573
156754532667
156754545972
156754555372
156754565260
156754573682
156754582716
156754590284
156754602796
156754611829
156754622266
156754630750
156754640149
156754647413
156754657239
156754665906
156754674695
156754684705
156754695203
156754703931
156754712354
156754723218
156754732740
156754741040
156754749707
156754759717
156754770093
156754776868
156754789197
156754799207
156754808850
156754817578
156754827893
156754837415
156754846265
156754854932
156754863171
156754874768
156754881299
156754892834
156754899365
156754909497
156754917859
156754927807
156754935437
156754946972
156754954663
156754963757
156754971875
156754981945
156754991406
156755003979
156755011303
156755020642
156755031445
156755040905
156755050061
156755057385
156755068310
156755078991
156755088513
156755099926
156755106213
156755117565
156755124889
156755135571
156755144238
156755154797
156755162670
156755173595
156755182079
156755192089
156755200512
156755212536
156755221203
156755232799
156755241405
156755251293
156755259105
156755271007
156755279003
156755289745
156755298107
156755309520
156755316417
156755327343
156755336559
156755344921
156755354747
156755363658
156755371593
156755382457
156755390087
156755399303
156755407909
156755419505
156755426830
156755439525
156755449168
156755458202
156755465770
156755476939
156755484935
156755496532
156755503856
156755515636
156755525096
156755533641
156755542430
156755553355
156755560557
156755571605
156755580333
156755590525
156755598887
156755609751
156755619212
156755627269
156755636729
156755646739
156755655955
156755667857
156755677439
156755683177
156755697581
156755707224
156755717051
156755727366
156755737986
156755748789
156755756541
156755766611
156755776621
156755784678
156755794260
156755802866
156755812815
156755824595
156755833018
156755841074
156755852976
156755860788
156755870127
156755878244
156755888620
156755898447
156755907724
156755916269
156755925913
156755934030
156755943552
156755953684
156755961313
156755971140
156755980478
156755990976
156756000375
156756009165
156756018320
156756026498
156756036935
156756046396
156756056833
156756066782
156756075449
156756083139
156756091867
156756100778
156756110055
156756119882
156756128366
156756137338
156756144235
156756155038
156756164682
156756177316
156756189706
156756201120
156756217050
156756230050
156756247933
156756260690
156756277169
156756293771
156756306832
156756318002
156756330453
156756343941
156756352303
156756366402
156756378548
156756392708
156756401497
156756409981
156756421212
156756429757
156756439705
156756448189
156756456002
156756464608
156756472481
156756481270
156756492684
156756500985
156756509102
156756517525
156756526619
156756534432
156756538704
156756550850
156756559212
156756567024
156756573494
156756584419
156756591194
156756599373
156756607491
156756618782
156756628426
156756638741
156756648628
156756657417
156756666267
156756675239
156756686714
156756695747
156756702827
156756714241
156756722664
156756734077
156756742134
156756750129
156756758979
156756766914
156756775520
156756783393
156756790718
156756799690
156756810066
156756817756
156756826362
156756834724
156756845893
156756854682
156756864936
156756874458
156756883308
156756894721
156756901008
156756910651
156756921333
156756929939
156756941840
156756953193
156756959479
156756971748
156756983283
156756991401
156756999518
156757011359
156757019355
156757032233
156757043830
156757051337
156757062262
156757069953
156757082038
156757089850
156757099433
156757108832
156757119757
156757128424
156757137641
156757149909
156757159857
156757167609
156757179083
156757187323
156757197455
156757206915
156757216803
156757225775
156757234259
156757244391
156757255438
156757264716
156757272894
156757282477
156757292486
156757299750
156757309149
156757319220
156757329901
156757340033
156757349249
156757358831
156757366644
156757376226
156757384893
156757394171
156757405157
156757416449
156757425360
156757435064
156757443975
156757453375
156757462469
156757472112
156757483526
156757493475
156757501714
156757512518
156757522100
156757535223
156757543584
156757553228
156757564275
156757573980
156757583501
156757592840
156757602422
156757614019
156757623479
156757633001
156757642705
156757655950
156757662053
156757673833
156757683843
156757692388
156757704656
156757715276
156757725652
156757734502
156757744756
156757755864
156757765630
156757774236
156757783635
156757792363
156757802312
156757811284
156757817448
156757829961
156757839299
156757848149
156757854008
156757865971
156757872502
156757885075
156757894230
156757902958
156757912297
156757921208
156757930302
156757939030
156757949528
156757961125
156757968998
156757977421
156757988285
156757996708
156758006718
156758015202
156758022465
156758032048
156758040653
156758052677
156758059025
156758070744
156758078678
156758088444
156758096562
156758106388
156758114994
156758124027
156758133854
156758143131
156758151798
156758160587
156758171024
156758180363
156758188541
156758200199
156758206425
156758217350
156758224369
156758236271
156758243046
156758254154
156758266178
156758275943
156758286991
156758297061
156758307865
156758315494
156758326114
156758337711
156758348941
156758358341
156758368167
156758377872
156758388126
156758398685
156758411014
156758419620
156758428043
156758440128
156758447452
156758458865
156758471255
156758483462
156758489749
156758502322
156758512576
156758520999
156758533572
156758541995
156758549991
156758563174
156758570071
156758582949
156758589602
156758599673
156758609072
156758619204
156758630435
156758640811
156758649783
156758660159
156758669253
156758679385
156758688845
156758699099
156758708743
156758719302
156758728762
156758738345
156758744448
156758755190
156758764590
156758775088
156758786806
156758795717
156758809145
156758819033
156758827028
156758838625
156758846743
156758858217
156758866335
156758875307
156758887453
156758898500
156758906374
156758918093
156758926454
156758936220
156758945436
156758957094
156758966371
156758978761
156758986757
156758995363
156759007326
156759016847
156759026186
156759036012
156759048585
156759057497
156759066713
156759074892
156759085145
156759093690
156759106508
156759116517
156759125978
156759136964
156759145814
156759153444
156759165162
156759174684
156759183351
156759190919
156759203126
156759210878
156759220216
156759228761
156759238221
156759246705
156759258485
156759266175
156759275514
156759284974
156759295228
156759300355
156759313660
156759324281
156759333619
156759342835
156759352540
156759359864
156759369080
156759379700
156759388856
156759397278
156759406739
156759414368
156759423890
156759434937
156759444092
156759453247
156759462525
156759473328
156759480286
156759490052
156759499756
156759510559
156759519776
156759527771
156759537049
156759545777
156759555054
156759565491
156759575501
156759584778
156759594116
156759602478
156759611877
156759621399
156759630432
156759640564
156759650635
156759659424
156759669617
156759677673
156759688476
156759696350
156759704956
156759716858
156759726074
156759738220
156759747192
156759756286
156759765808
156759774963
156759783630
156759793579
156759802368
156759814758
156759823059
156759833068
156759842468
156759852477
156759861816
156759871520
156759882079
156759892699
156759901733
156759911864
156759921996
156759932067
156759943236
156759953063
156759962279
156759971801
156759979980
156759989684
156759997741
156760009459
156760017455
156760030394
156760040160
156760050292
156760059691
156760069701
156760077575
156760089110
156760097106
156760107054
156760121459
156760133605
156760141112
156760151244
156760162352
156760172545
156760181944
156760192015
156760201598
156760214232
156760224486
156760235777
156760252501
156760266234
156760278990
156760291868
156760309630
156760322569
156760337950
156760348387
156760362425
156760374144
156760387388
156760398741
156760409239
156760426878
156760436277
156760452635
156760460996
156760471006
156760480650
156760487547
156760498716
156760507871
156760516477
156760525571
156760533933
156760541807
156760550291
156760559141
156760567625
156760576475
156760584958
156760593931
156760602659
156760612058
156760619932
156760629636
156760637510
156760646665
156760656553
156760664304
156760674070
156760680600
156760690610
156760698789
156760709409
156760717832
156760725095
156760735410
156760742978
156760755490
156760764035
156760773923
156760783566
156760792844
156760800168
156760810788
156760818173
156760827084
156760836423
156760849545
156760859128
156760868710
156760876034
156760886532
156760893124
156760904477
156760914425
156760923642
156760931942
156760941281
156760948727
156760957821
156760966305
156760975582
156760987301
156760996334
156761006710
156761014401
156761019161
156761031979
156761041989
156761051876
156761059750
156761068173
156761077633
156761086117
156761094540
156761103146
156761110226
156761121273
156761131466
156761140011
156761147945
156761156612
156761165096
156761173702
156761182674
156761191768
156761199581
156761208492
156761218380
156761227474
156761235897
156761244869
156761253353
156761266414
156761274288
156761283931
156761292964
156761301448
156761309993
156761318172
156761326351
156761335262
156761342647
156761353999
156761360957
156761373409
156761381343
156761392085
156761401363
156761410762
156761420711
156761429988
156761439998
156761448421
156761457271
156761466304
156761477656
156761486751
156761498469
156761508113
156761515315
156761524897
156761533931
156761542292
156761549434
156761559932
156761572200
156761581477
156761589350
156761599665
156761608332
156761621821
156761630610
156761643305
156761650019
156761662470
156761669856
156761682185
156761693171
156761701960
156761713068
156761722163
156761732966
156761742487
156761752802
156761761957
156761771662
156761784113
156761793574
156761802851
156761814448
156761823420
156761833918
156761843073
156761853754
156761863337
156761873163
156761882196
156761893183
156761902155
156761910944
156761921625
156761929743
156761939691
156761949823
156761958124
156761968256
156761976740
156761984613
156761996149
156762002374
156762014947
156762024591
156762033075
156762041070
156762053155
156762061639
156762072809
156762081354
156762090631
156762103082
156762110895
156762121881
156762129144
156762139032
156762147332
156762156854
156762166619
156762175958
156762186761
156762195306
156762206109
156762213189
156762223809
156762232110
156762241021
156762249749
156762261224
156762268060
156762278741
156762287652
156762298455
156762305535
156762317742
156762325982
156762334954
156762345147
156762356499
156762362298
156762373406
156762384820
156762392998
156762401848
156762413018
156762422173
156762429436
156762438042
156762448967
156762456292
156762468560
156762477837
156762486138
156762494377
156762505242
156762514153
156762522820
156762531487
156762543633
156762552971
156762561455
156762568413
156762577751
156762588554
156762596977
156762603752
156762613579
156762624443
156762634453
156762644585
156762653862
156762661980
156762671257
156762679313
156762689873
156762701530
156762708610
156762719352
156762728569
156762736808
156762745781
156762752861
156762761222
156762773979
156762783805
156762794120
156762801139
156762811759
156762821159
156762826591
156762840629
156762849723
156762859550
156762869010
156762878410
156762889335
156762898673
156762907218
156762917228
156762925468
156762934867
156762943839
156762953178
156762962272
156762971610
156762978995
156762988578
156762997123
156763008231
156763019034
156763024894
156763036612
156763046012
156763053275
156763062369
156763074881
156763081046
156763091971
156763100272
156763108512
156763117118
156763128165
156763137320
156763147574
156763157095
156763165701
156763175101
156763186331
156763192435
156763204398
156763213492
156763222647
156763232413
156763243155
156763252127
156763261282
156763268667
156763280752
156763287405
156763300039
156763310232
156763318960
156763327871
156763338797
156763347403
156763356131
156763365164
156763375784
156763386343
156763393728
156763403189
156763411062
156763420584
156763428457
156763436880
156763447927
156763457388
156763465383
156763474355
156763482900
156763493337
156763502004
156763508779
156763522146
156763531789
156763539968
156763548879
156763556875
156763567373
156763575429
156763582143
156763594777
156763604482
156763613027
156763620107
156763629506
156763637502
156763647634
156763657705
156763667958
156763679189
156763687673
156763695546
156763705068
156763712392
156763722157
156763733388
156763741628
156763753163
156763762868
156763772328
156763780202
156763788991
156763798634
156763809132
156763820180
156763830373
156763839101
156763847951
156763856007
156763868947
156763876637
156763888966
156763899342
156763910878
156763918751
156763929371
156763939869
156763945362
156763958790
156763969288
156763978688
156763988331
156763999439
156764009266
156764019459
156764026417
156764036854
156764045887
156764058888
156764068653
156764077930
156764088551
156764098072
156764105457
156764118397
156764126392
156764136402
156764147144
156764156971
156764168445
156764181385
156764195972
156764207447
156764220203
156764237964
156764250476
156764260303
156764275989
156764285572
156764300281
156764315540
156764326526
156764336170
156764351550
156764361804
156764375293
156764388232
156764395190
156764406299
156764416125
156764424609
156764432910
156764441455
156764450427
156764459094
156764467029
156764477832
156764484240
156764495105
156764503833
156764511767
156764520007
156764531115
156764538745
156764548754
156764557360
156764565173
156764572802
156764582751
156764591357
156764599108
156764607531
156764618029
156764626452
156764635973
156764644335
156764653368
156764662280
156764671130
156764680224
156764689623
156764698290
156764706835
156764716235
156764727160
156764737780
156764746752
156764755663
156764764940
156764774523
156764784289
156764792894
156764801134
156764812609
156764822313
156764831408
156764840075
156764852648
156764860582
156764870470
156764879869
156764889879
156764899278
156764909349
156764918688
156764929064
156764940355
156764950548
156764959947
156764967577
156764979540
156764987291
156764998949
156765009019
156765017931
156765028062
156765036302
156765049303
156765054552
156765068529
156765076768
156765086473
156765094468
156765104661
156765116197
156765126573
156765134446
156765144700
156765154405
156765164415
156765176316
156765185533
156765194566
156765204515
156765214219
156765224107
156765236375
156765242783
156765255601
156765262376
156765272813
156765282273
156765292649
156765301316
156765314316
156765323533
156765333848
156765343369
156765350937
156765363144
156765370591
156765378892
156765391282
156765399582
156765411850
156765419785
156765429734
156765438950
156765448899
156765462021
156765471848
156765481186
156765490708
156765502670
156765508713
156765521652
156765531296
156765543991
156765551682
156765563522
156765571274
156765583176
156765590012
156765600143
156765609054
156765622726
156765631454
156765641708
156765650070
156765660568
156765669845
156765679916
156765689804
156765700546
156765711044
156765718979
156765726852
156765739120
156765750595
156765757003
156765766525
156765778060
156765787399
156765796981
156765808944
156765818221
156765827377
156765836410
156765848312
156765857589
156765867233
156765877547
156765887069
156765896102
156765906417
156765914901
156765925216
156765935897
156765948958
156765957320
156765967574
156765976546
156765986922
156765997542
156766007918
156766016585
156766027266
156766036361
156766046614
156766057723
156766065413
156766076705
156766086898
156766094954
156766104109
156766113570
156766123335
156766135237
156766145125
156766154402
156766164107
156766173506
156766182234
156766195479
156766204939
156766214094
156766224165
156766233320
156766242354
156766252791
156766261336
156766272200
156766282515
156766292830
156766303083
156766313520
156766321943
156766332197
156766341230
156766351606
156766363447
156766370161
156766382795
156766393110
156766400984
156766409895
156766422773
156766429243
156766442060
156766449751
156766461958
156766470991
156766483015
156766492109
156766501630
156766511396
156766520734
156766528547
156766541486
156766550397
156766560407
156766569318
156766579572
156766589521
156766600141
156766610517
156766618146
156766629682
156766639875
156766648297
156766658551
156766667340
156766677289
156766689130
156766699384
156766707929
156766718244
156766725934
156766734845
156766746625
156766756207
156766766400
156766776898
156766786053
156766796796
156766806073
156766817059
156766826214
156766836835
156766846905
156766857342
156766866864
156766875592
156766885785
156766896771
156766907208
156766915570
156766926129
156766940594
156766952740
156766960308
156766974957
156766986004
156766993450
156767004193
156767014630
156767025250
156767035503
156767040997
156767056011
156767065411
156767075603
156767085430
156767095562
156767106121
156767116131
156767126140
156767136761
156767144634
156767154949
156767166607
156767174541
156767186992
156767194378
156767202617
156767214336
156767225139
156767235454
156767245464
156767255413
156767263347
156767272136
156767281230
156767296489
156767306743
156767316814
156767324931
156767336040
156767344219
156767353496
156767365276
156767374736
156767384441
156767395000
156767404399
156767413982
156767425822
156767433818
156767445476
156767455485
156767465007
156767475383
156767484721
156767496196
156767505412
156767514445
156767523539
156767534343
156767546122
156767555766
156767564372
156767574259
156767582926
156767591532
156767602946
156767611125
156767623271
156767632304
156767643473
156767651102
156767662150
156767672221
156767681315
156767695475
156767703776
156767713908
156767722025
156767734171
156767742350
156767753824
156767762125
156767774576
156767786417
156767793009
156767804117
156767813822
156767825235
156767835001
156767840494
156767853250
156767861307
156767873697
156767881754
156767892374
156767904886
156767914774
156767923441
156767933572
156767941873
156767951700
156767960916
156767971841
156767981241
156767991678
156768000772
156768011697
156768025735
156768036172
156768044290
156768055093
156768065713
156768072061
156768084329
156768093972
156768103311
156768113015
156768124917
156768133889
156768143228
156768152139
156768164224
156768174600
156768184487
156768194131
156768203469
156768215310
156768224526
156768234658
156768243447
156768253945
156768262673
156768272378
156768283547
156768291238
156768302956
156768309853
156768322671
156768330239
156768344704
156768355385
156768367043
156768379799
156768393044
156768405678
156768419838
156768434548
156768449562
156768460488
156768475441
156768488198
156768497902
156768509010
156768523537
156768539711
156768553688
156768568947
156768579689
156768592262
156768600380
156768609718
156768620949
156768629494
156768638893
156768649757
156768657387
156768667457
156768675636
156768683143
156768692665
156768700904
156768713661
156768720924
156768732032
156768737159
156768749061
156768758705
156768768409
156768780250
156768790565
156768799476
156768809547
156768818214
156768827491
156768837257
156768847144
156768855750
156768865211
156768874061
156768882545
156768890479
156768902198
156768913062
156768923011
156768932349
156768943213
156768951453
156768960120
156768970435
156768979041
156768989539
156768998755
156769008643
156769018958
156769027869
156769037085
156769047217
156769056616
156769068091
156769078467
156769088660
156769099402
156769109412
156769116858
156769125586
156769136145
156769146155
156769154089
156769164832
156769177100
156769187353
156769196020
156769205786
156769213598
156769224951
156769236181
156769246435
156769255346
156769265722
156769273596
156769283056
156769294897
156769305212
156769313696
156769322180
156769332861
156769341162
156769349646
156769359777
156769367773
156769377172
156769389196
156769398168
156769407140
156769415624
156769424047
156769432775
156769442480
156769452367
156769462011
156769470983
156769479467
156769488012
156769497655
156769506139
156769513647
156769523595
156769532934
156769542150
156769550023
156769559484
156769569372
156769578649
156769586889
156769596776
156769607091
156769616185
156769626195
156769638585
156769647191
156769655553
156769664769
156769677403
156769686681
156769695470
156769706273
156769715245
156769725255
156769734349
156769745335
156769754491
156769763585
156769772008
156769780980
156769791783
156769800633
156769809544
156769819310
156769829014
156769838048
156769849034
156769857823
156769866551
156769875462
156769884007
156769894566
156769903904
156769913426
156769921360
156769930027
156769939976
156769947483
156769957676
156769965855
156769976658
156769986180
156769994419
156770003208
156770010960
156770019077
156770029209
156770038059
156770047215
156770056248
156770066929
156770075596
156770082676
156770090855
156770098667
156770107273
156770119968
156770129246
156770138157
156770146518
156770153354
156770163059
156770170383
156770180820
156770188877
156770197239
156770207859
156770216465
156770223178
156770231113
156770239658
156770252170
156770261447
156770271274
156770280246
156770289096
156770296726
156770308078
156770316318
156770327243
156770335544
156770344333
156770355441
156770364230
156770368564
156770381625
156770390414
156770397861
156770409152
156770419284
156770428866
156770438144
156770447848
156770458041
156770467868
156770478122
156770487826
156770498080
156770509372
156770519320
156770524569
156770536654
156770546115
156770556246
156770564486
156770575595
156770586276
156770595675
156770603976
156770613375
156770620944
156770629610
156770642428
156770651827
156770659884
156770671542
156770676791
156770687594
156770696261
156770706454
156770715914
156770727938
156770736239
156770748568
156770757906
156770767244
156770775606
156770785189
156770796785
156770806307
156770813936
156770823275
156770834017
156770840059
156770852693
156770858248
156770867525
156770878328
156770886873
156770896272
156770906709
156770914156
156770924959
156770933992
156770943147
156770954683
156770962740
156770973909
156770981294
156770990999
156771000032
156771010286
156771020479
156771030488
156771042390
156771051606
156771060334
156771069551
156771077180
156771087007
156771096528
156771107270
156771115266
156771127290
156771134797
156771143220
156771153047
156771162629
156771172212
156771183076
156771191377
156771201692
156771210175
156771219758
156771230805
156771239106
156771248566
156771258271
156771269318
156771276704
156771287934
156771295502
156771306550
156771314789
156771328522
156771338776
156771344391
156771356354
156771363739
156771374909
156771383149
156771391510
156771403473
156771412201
156771420746
156771431366
156771440583
156771450470
156771460114
156771470795
156771481049
156771490570
156771499054
156771508698
156771518463
156771528534
156771537994
156771548859
156771558441
156771569061
156771578888
156771587494
156771596954
156771608490
156771617950
156771628021
156771637176
156771644439
156771653961
156771664642
156771673126
156771681671
156771691070
156771698944
156771709320
156771721954
156771732452
156771741119
156771752960
156771762786
156771772308
156771781829
156771791107
156771799041
156771811126
156771820770
156771829314
156771839080
156771847808
156771856963
156771868499
156771875091
156771887420
156771897430
156771907134
156771913543
156771926421
156771935027
156771944304
156771955169
156771966521
156771973357
156771985625
156771994109
156772001494
156772010649
156772019744
156772030974
156772038115
156772045745
156772056853
156772065825
156772074431
156772082976
156772092497
156772102934
156772111906
156772122160
156772130705
156772141203
156772150114
156772158354
156772171538
156772179961
156772191313
156772198515
156772209685
156772218596
156772228117
156772237394
156772247526
156772254240
156772266813
156772273222
156772286161
156772292631
156772304716
156772312712
156772322966
156772331571
156772344206
156772350248
156772364591
156772373258
156772389738
156772400907
156772417387
156772433927
156772443327
