141176993810
141177002843
141177009679
141177020177
141177027868
141177036290
141177043493
141177050573
141177061010
141177069371
141177076085
141177083165
141177092809
141177099034
141177109105
141177116979
141177124242
141177133824
141177141576
141177148168
141177157079
141177165746
141177173741
141177181859
141177191319
141177197606
141177206944
141177212926
141177222264
141177228246
141177238011
141177244908
141177256077
141177264378
141177272923
141177280736
141177289281
141177301426
141177310216
141177319981
141177326939
141177336155
141177346531
141177352269
141177363743
141177372593
141177380955
141177390843
141177400303
141177409275
141177418186
141177425328
141177437351
141177445591
141177453404
141177462254
141177472386
141177479832
141177490269
141177500828
141177509190
141177517857
141177524509
141177535313
141177544651
141177553318
141177561436
141177569492
141177577976
141177588840
141177597690
141177603550
141177615879
141177626560
141177636326
141177646824
141177656406
141177664035
141177673496
141177682346
141177695163
141177703708
141177713291
141177725437
141177733737
141177742160
141177753330
141177762424
141177771396
141177784457
141177794345
141177803806
141177812412
141177821933
141177831821
141177841952
141177849216
141177862643
141177871799
141177882846
141177890719
141177901034
141177913119
141177920749
141177933505
141177941439
141177951632
141177961581
141177971225
141177980746
141177988925
141177998141
141178007418
141178019259
141178028048
141178037264
141178047946
141178057162
141178065218
141178074801
141178084811
141178095797
141178105257
141178114962
141178124850
141178134371
141178144686
141178154879
141178164217
141178174410
141178184542
141178193697
141178201143
141178210665
141178221895
141178228670
141178239473
141178249178
141178259676
141178269136
141178278719
141178287996
141178295931
141178305025
141178313570
141178325350
141178332979
141178341829
141178352388
141178359346
141178370760
141178381014
141178388704
141178399690
141178408968
141178419771
141178428804
141178438509
141178448701
141178458040
141178465364
141178477693
141178483919
141178494905
141178501253
141178512178
141178518403
141178529390
141178536470
141178549226
141178558137
141178566133
141178574311
141178583039
141178591523
141178600129
141178608674
141178622468
141178630708
141178639192
141178646882
141178654695
141178665070
141178673676
141178681306
141178693513
141178702180
141178710725
141178719147
141178729462
141178737519
141178748017
141178757233
141178765046
141178778107
141178787812
141178796601
141178803376
141178812958
141178823151
141178834565
141178843110
141178853974
141178863373
141178871735
141178880463
141178888459
141178896881
141178907868
141178917328
141178925751
141178937836
141178945954
141178955353
141178966400
141178975189
141178983856
141178994720
141179005951
141179014130
141179025665
141179035126
141179044708
141179056122
141179066009
141179075409
141179082855
141179095855
141179104828
141179114715
141179124176
141179135223
141179147247
141179158538
141179168365
141179177032
141179187042
141179197662
141179206756
141179215240
141179224761
141179234649
141179244354
141179254424
141179263763
141179273406
141179283782
141179292083
141179304290
141179311492
141179320892
141179332427
141179340911
141179348357
141179360442
141179368499
141179378081
141179386870
141179396636
141179408172
141179416778
141179424468
141179434661
141179444060
141179453643
141179462371
141179475371
141179484893
141179495207
141179502715
141179513030
141179524870
141179532561
141179542693
141179552947
141179561614
141179571074
141179581328
141179591765
141179602812
141179609953
141179621550
141179630827
141179640349
141179649809
141179658476
141179668120
141179676176
141179685820
141179695219
141179704985
141179716215
141179723295
141179734831
141179744291
141179753263
141179763761
141179772734
141179783415
141179794218
141179800382
141179813627
141179824003
141179834501
141179840971
141179853727
141179863310
141179872831
141179882230
141179890897
141179900114
141179911405
141179920744
141179926603
141179939908
141179949247
141179958280
141179967679
141179978116
141179989713
141179998075
141180006864
141180017057
141180026273
141180037381
141180045438
141180055326
141180067228
141180075589
141180084134
141180093778
141180102506
141180112821
141180122037
141180135709
141180146329
141180156583
141180166226
141180177579
141180185941
141180194974
141180205411
141180214261
141180226285
141180235379
141180247342
141180256070
141180266263
141180274502
141180283108
141180294156
141180304104
141180314297
141180323819
141180333340
141180342617
141180350125
141180359829
141180372036
141180382473
141180391079
141180400601
141180411099
141180418240
141180429409
141180439114
141180447415
141180457119
141180467190
141180476650
141180486660
141180496914
141180507473
141180517239
141180525173
141180537502
141180546535
141180556606
141180564297
141180574428
141180583950
141180594448
141180607448
141180620815
141180631008
141180647548
141180660366
141180673000
141180689968
141180702663
141180714870
141180723903
141180763576
141180775478
141180785365
141180799709
141180810451
141180819789
141180830775
141180847316
141180859157
141180872523
141180879847
141180895350
141180907252
141180916713
141180929469
141180939051
141180950404
141180959925
141180971156
141180983729
141180993556
141181004847
141181015101
141181025965
141181038355
141181049342
141181058924
141181070216
141181081690
141181092738
141181105311
141181116175
141181128260
141181139368
141181151026
141181162073
141181172877
141181183802
141181193201
141181206324
141181219324
141181229639
141181239100
141181252100
141181261743
141181271631
141181282678
141181295496
141181309534
141181319971
141181331751
141181344995
141181355310
141181367029
141181381128
141181392175
141181404138
141181415857
141181427881
141181438135
141181450281
141181462732
141181474878
141181486841
141181501855
141181512903
141181528405
141181538781
141181550927
141181565637
141181571984
141181589746
141181600610
141181612512
141181623986
141181638818
141181649621
141181661279
141181675744
141181687951
141181698693
141181710229
141181724450
141181735192
141181747155
141181758019
141181773217
141181784447
141181795067
141181810448
141181820824
141181833092
141181843651
141181859093
141181871422
141181880760
141181893578
141181908959
141181922020
141181933983
141181952416
141181963219
141181974815
141181982994
141181988914
141182000206
141182007225
141182015831
141182026024
141182031883
141182044639
141182052147
141182059227
141182069053
141182078941
141182087852
141182097130
141182107078
141182118858
141182127281
141182135887
141182146873
141182155723
141182165306
141182173851
141182183433
141182195762
141182204429
141182214744
141182223472
141182231895
141182241477
141182252769
141182261863
141182272971
141182280845
141182289756
141182302634
141182312583
141182321311
141182327048
141182336082
141182349570
141182356772
141182365928
141182378013
141182387473
141182399619
141182407920
141182418784
141182425986
141182435141
141182443503
141182455893
141182461264
141182471701
141182484030
141182492758
141182503867
141182513388
141182522971
141182533103
141182542990
141182552939
141182561850
141182571799
141182583151
141182591940
141182599936
141182609763
141182618613
141182627463
141182637472
141182645529
141182654989
141182663168
141182671347
141182681418
141182692648
141182698324
141182709616
141182717733
141182726095
141182734213
141182743734
141182756735
141182764730
141182773825
141182781576
141182789633
141182798605
141182806661
141182816061
141182826132
141182836935
141182842855
141182854513
141182863302
141182873983
141182884786
141182893392
141182902608
141182910909
141182919515
141182930746
141182941244
141182949666
141182960836
141182969198
141182981222
141182990987
141183000814
141183006673
141183015462
141183025960
141183034688
141183045125
141183057820
141183067525
141183075215
141183084310
141183095479
141183104085
141183115499
141183125386
141183134297
141183144002
141183152852
141183162190
141183171895
141183181844
141183190755
141183201192
141183210774
141183220357
141183228474
141183237324
141183246174
141183255086
141183263753
141183274678
141183283772
141183292683
141183300862
141183310139
141183318745
141183327412
141183336750
141183346516
141183355793
141183364704
141183372944
141183381733
141183390827
141183399739
141183407429
141183415974
141183427754
141183437214
141183446613
141183455341
141183463520
141183472248
141183480976
141183490803
141183501362
141183510700
141183518879
141183527912
141183535602
141183544575
141183554706
141183560627
141183572712
141183581745
141183589863
141183599689
141183608661
141183618305
141183626545
141183635028
141183645587
141183653339
141183662372
141183670063
141183680988
141183689777
141183698261
141183706378
141183716449
141183724140
141183734699
141183744037
141183753803
141183762470
141183771014
141183780536
141183791156
141183799457
141183809772
141183818500
141183828815
141183838031
141183849933
141183855609
141183869891
141183878863
141183887225
141183893634
141183907611
141183916156
141183924762
141183935015
141183944171
141183953448
141183962054
141183971820
141183980425
141183987933
141183997454
141184007830
141184016741
141184024004
141184032855
141184042071
141184050860
141184058550
141184070635
141184078936
141184087908
141184095965
141184104937
141184113177
141184122027
141184132097
141184142595
141184150347
141184160479
141184169878
141184178789
141184186419
141184195330
141184203447
141184212603
141184223040
141184231707
141184238604
141184247026
141184255388
141184266191
141184274675
141184285112
141184292986
141184301958
141184313005
141184322283
141184330766
141184339983
141184348955
141184358537
141184367632
141184377214
141184386186
141184396379
141184407182
141184414628
141184425554
141184436479
141184445939
141184455705
141184464189
141184473649
141184482744
141184492570
141184506974
141184526750
141184539506
141184547990
141184558549
141184567948
141184574601
141184587480
141184594804
141184605119
141184614518
141184624711
141184633805
141184643815
141184651994
141184662736
141184670731
141184680192
141184689042
141184700638
141184708024
141184717179
141184728959
141184739701
141184748978
141184758683
141184773575
141184783036
141184793045
141184803421
141184812149
141184822831
141184831925
141184842423
141184853470
141184862503
141184871598
141184883621
141184893143
141184902908
141184912247
141184921829
141184930374
141184940567
141184949966
141184959976
141184970657
141184980850
141184990005
141184998856
141185007767
141185016434
141185024612
141185035782
141185046097
141185057327
141185065689
141185073379
141185081253
141185091934
141185099685
141185110061
141185119217
141185128494
141185135086
141185145462
141185154251
141185164321
141185172927
141185180679
141185190811
141185199783
141185208328
141185216079
141185226455
141185233840
141185244460
141185252273
141185264602
141185273696
141185282302
141185291701
141185298720
141185307510
141185320266
141185328750
141185339309
141185348952
141185357741
141185367751
141185375502
141185387832
141185395827
141185409011
141185416823
141185422377
141185434829
141185445327
141185454970
141185464430
141185475356
141185487441
141185496535
141185504897
141185514540
141185523268
141185532729
141185540846
141185551100
141185564406
141185569899
141185581251
141185590895
141185600539
141185609999
141185619887
141185635512
141185648024
141185657850
141185673536
141185687391
141185702040
141185715651
141185733900
141185746962
141185759352
141185771376
141185780897
141185791517
141185806410
141185818617
141185825269
141185839979
141185855787
141185867628
141185879163
141185891126
141185902357
141185914625
141185928296
141185940442
141185952039
141185964246
141185970594
141185984449
141185998182
141186013684
141186025342
141186037488
141186048780
141186060926
141186070630
141186081250
141186094556
141186105237
141186120313
141186132520
141186142163
141186153088
141186168591
141186176282
141186191907
141186202649
141186214673
141186225171
141186236340
141186251294
141186263989
141186274548
141186286572
141186297436
141186313305
141186324963
141186337048
141186348400
141186362255
141186373974
141186387646
141186399059
141186414196
141186424633
141186438244
141186449718
141186464123
141186473949
141186488842
141186502636
141186513988
141186525036
141186536693
141186552624
141186565746
141186576183
141186589794
141186604015
141186614818
141186626354
141186639843
141186654613
141186665477
141186676097
141186691722
141186703380
141186713390
141186726146
141186741710
141186752574
141186767528
141186779979
141186791148
141186810557
141186826427
141186839122
141186853770
141186862437
141186871287
141186878795
141186889537
141186898936
141186906627
141186918101
141186928172
141186939402
141186948741
141186957591
141186966380
141186975779
141186985179
141186993418
141187005564
141187014109
141187023447
141187031016
141187040659
141187051768
141187060435
141187068796
141187079478
141187086985
141187098093
141187105479
141187114329
141187122935
141187132578
141187142283
141187152109
141187163706
141187171702
141187181223
141187189158
141187196604
141187205454
141187215952
141187225901
141187235971
141187243906
141187252878
141187260874
141187271982
141187281259
141187289255
141187299204
141187307443
141187316965
141187324655
141187330148
141187341928
141187350839
141187360605
141187372751
141187381967
141187392282
141187401132
141187408395
141187417734
141187427194
141187436838
141187445505
141187454965
141187462655
141187471689
141187481759
141187490487
141187498971
141187504953
141187513742
141187523751
141187535592
141187544381
141187552865
141187561776
141187569955
141187579965
141187588998
141187598641
141187607430
141187616403
141187624947
141187633553
141187641122
141187652840
141187659982
141187669076
141187678902
141187687447
141187695748
141187704415
141187713143
141187723092
141187733529
141187742440
141187751046
141187759530
141187767769
141187777352
141187785958
141187794991
141187802376
141187813179
141187820443
141187831246
141187839058
141187847847
141187859017
141187869332
141187877510
141187886849
141187894356
141187905708
141187914558
141187924202
141187934639
141187945015
141187954353
141187964058
141187972847
141187980904
141187992866
141188002083
141188012703
141188020271
141188031074
141188041878
141188052925
141188064644
141188074714
141188082710
141188093269
141188102729
141188113166
141188124336
141188134651
141188144355
141188152046
141188163093
141188173591
141188182746
141188192512
141188200874
141188210456
141188219856
141188229682
141188240668
141188251167
141188261359
141188267585
141188279487
141188289802
141188298225
141188306647
141188318671
141188328803
141188337592
141188347175
141188355903
141188365546
141188376166
141188385627
141188394843
141188404670
141188414130
141188423835
141188433905
141188443366
141188452704
141188462165
141188471564
141188483344
141188493048
141188503241
141188512335
141188521796
141188532477
141188541449
141188552740
141188561774
141188572211
141188580939
141188592535
141188601019
141188609869
141188618475
141188629767
141188638128
141188647223
141188657171
141188666205
141188676886
141188685431
141188695501
141188704107
141188712408
141188725042
141188733282
141188741949
141188752203
141188764288
141188774664
141188780096
141188791937
141188804083
141188813604
141188824102
141188833562
141188842718
141188852361
141188860784
141188873296
141188881658
141188891241
141188902227
141188911687
141188919378
141188929082
141188938604
141188951116
141188960149
141188969854
141188979558
141188989385
141188998967
141189008733
141189016912
141189030522
141189038579
141189051213
141189059331
141189068913
141189078313
141189088689
141189097844
141189108647
141189116704
141189126653
141189136479
141189145268
141189153630
141189162724
141189170720
141189183476
141189191533
141189200322
141189208256
141189217106
141189227299
141189235844
141189243046
141189252690
141189262578
141189271489
141189278752
141189289738
141189297612
141189306156
141189313969
141189329289
141189337406
141189345341
141189353642
141189361576
141189373051
141189378666
141189387211
141189399906
141189408085
141189416996
141189424686
141189432743
141189442020
141189452763
141189460880
141189470524
141189478886
141189489139
141189496891
141189505985
141189513614
141189525211
141189535221
141189546879
141189553653
141189560306
141189573246
141189581730
141189591983
141189600833
141189611087
141189620487
141189630863
141189643497
141189653812
141189661991
141189670474
141189681766
141189691593
141189701175
141189710574
141189720035
141189729678
141189734561
141189747928
141189757754
141189767459
141189776187
141189784671
141189794864
141189803470
141189814639
141189823062
141189833011
141189841372
141189851748
141189863833
141189872805
141189882693
141189893008
141189902591
141189912722
141189922366
141189933779
141189940798
141189951480
141189961123
141189970095
141189979495
141189987856
141189997927
141190009341
141190018740
141190027590
141190037234
141190047182
141190056704
141190066042
141190076174
141190085146
141190094729
141190105410
141190115053
141190123720
141190133242
141190143252
141190153261
141190161501
141190171206
141190182070
141190191835
141190198976
141190211183
141190218141
141190230104
141190236696
141190248720
141190255800
141190268007
141190274538
141190286562
141190295473
141190305544
141190318483
141190327943
141190336305
141190345094
141190356569
141190362978
141190376161
141190385744
141190394166
141190403383
141190411744
141190420656
141190432924
141190442628
141190451295
141190460206
141190471498
141190477784
141190489198
141190497804
141190505799
141190515260
141190527650
141190536439
141190543946
141190553346
141190565919
141190575013
141190586060
141190595826
141190603577
141190616029
141190631715
141190646607
141190659547
141190676331
141190688843
141190702393
141190718689
141190728760
141190740784
141190756775
141190767701
141190778016
141190790467
141190804749
141190817078
141190833679
141190842102
141190858399
141190869690
141190880066
141190892273
141190902771
141190914917
141190930115
141190941040
141190950561
141190962524
141190974975
141190986755
141190998718
141191011108
141191021423
141191033203
141191044555
141191059814
141191070922
141191082946
141191093994
141191106140
141191117248
141191132385
141191140991
141191156066
141191168029
141191178893
141191192565
141191203613
141191216186
141191226989
141191239562
141191250243
141191262755
141191276610
141191287169
141191297973
141191312072
141191323668
141191334105
141191345214
141191357482
141191368468
141191381346
141191397277
141191407775
141191419738
141191430236
141191441222
141191454772
141191467467
141191482848
141191489317
141191503539
141191516234
141191531432
141191542601
141191554747
141191566099
141191578306
141191590269
141191602293
141191615721
141191627501
141191637693
141191650206
141191663816
141191671690
141191687010
141191699095
141191709471
141191721617
141191736021
141191747618
141191762144
141191774534
141191785520
141191796201
141191811094
141191824705
141191835203
141191850828
141191861265
141191871824
141191881650
141191891904
141191900571
141191910947
141191919126
141191930051
141191940549
141191948911
141191958066
141191966306
141191976255
141191984250
141191995359
141192004331
141192014768
141192024472
141192034299
141192044492
141192051938
141192063657
141192070981
141192080930
141192090146
141192099728
141192110654
141192119443
141192130063
141192140378
141192152707
141192160947
141192173642
141192181698
141192192013
141192201596
141192212216
141192223507
141192232296
141192241879
141192250363
141192261532
141192273251
141192282833
141192291684
141192301571
141192309872
141192320126
141192330868
141192340450
141192350582
141192360348
141192368466
141192380428
141192389401
141192398800
141192407833
141192416744
141192426815
141192439083
141192447994
141192458614
141192467953
141192476497
141192488338
141192497066
141192505550
141192520809
141192530391
141192539486
141192550228
141192559139
141192568233
141192577694
141192588680
141192594783
141192605831
141192614376
141192626766
141192636653
141192645259
141192655086
141192663631
141192670039
141192683223
141192693355
141192701900
141192710445
141192720882
141192729976
141192739864
141192749690
141192760921
141192770198
141192779231
141192789546
141192799678
141192809321
141192821467
141192831111
141192841731
141192851558
141192860041
141192871089
141192880122
141192888301
141192896296
141192907038
141192916072
141192929865
141192939875
141192948725
141192958247
141192969538
141192979792
141192990962
141193001337
141193011164
141193021235
141193031367
141193041498
141193051020
141193060419
141193070429
141193079767
141193088129
141193097651
141193106196
141193115595
141193125422
141193135065
141193145319
141193154657
141193163996
141193173700
141193181879
141193194086
141193201532
141193210932
141193221369
141193231195
141193239435
141193251459
141193259088
141193268610
141193280817
141193289972
141193301508
141193310602
141193319208
141193327875
141193339899
141193349908
141193358575
141193367975
141193376520
141193385370
141193397455
141193403619
141193413141
141193425042
141193433587
141193443109
141193451593
141193463861
141193472589
141193481317
141193492425
141193501153
141193509027
141193518609
141193530145
141193539483
141193551385
141193560784
141193568658
141193581719
141193590875
141193600945
141193611138
141193620721
141193633233
141193639764
141193652886
141193663811
141193672906
141193683587
141193692681
141193704155
141193713494
141193723382
141193732598
141193742119
141193751458
141193762322
141193772698
141193783684
141193791802
141193802239
141193813774
141193824272
141193833916
141193844719
141193854729
141193865349
141193873222
141193883537
141193894096
141193904472
141193913139
141193922295
141193936027
141193942253
141193954704
141193964226
141193973991
141193983208
141193995964
141194005180
141194014885
141194025200
141194035270
141194043693
141194056999
141194065361
141194075981
141194085807
141194096611
141194107597
141194118156
141194128349
141194135917
141194146354
141194156120
141194166068
141194176139
141194185600
141194195365
141194207694
141194216605
141194224296
141194236747
141194246451
141194256095
141194267020
141194275748
141194286246
141194295279
141194306693
141194314383
141194323661
141194335807
141194344230
141194353690
141194365531
141194370902
141194382621
141194394156
141194403739
141194411856
141194423819
141194432852
141194443350
141194452689
141194463004
141194472037
141194486014
141194495535
141194506400
141194515372
141194525137
141194536246
141194546377
141194554678
141194564017
141194574270
141194582754
141194593802
141194602347
141194612417
141194621023
141194632498
141194641226
141194653433
141194663015
141194671072
141194684011
141194691519
141194701223
141194710928
141194723074
141194733084
141194743276
141194753530
141194761160
141194771230
141194780996
141194791250
141194803579
141194812124
141194821401
141194829946
141194839162
141194849660
141194858938
141194869008
141194878896
141194887014
141194896413
141194906484
141194915761
141194924306
141194936147
141194943349
141194956227
141194965505
141194974172
141194985280
141194994191
141195004079
141195013417
141195022450
141195033620
141195046559
141195055898
141195066457
141195075978
141195087514
141195096608
141195107045
141195116505
141195127736
141195134022
141195146229
141195156483
141195165211
141195174489
141195184315
141195199879
141195211415
141195221974
141195232228
141195243092
141195252613
141195260792
141195273243
141195281361
141195290821
141195302235
141195311451
141195320973
141195330616
141195339771
141195350025
141195359547
141195372669
141195381702
141195390980
141195399525
141195412037
141195422291
141195431019
141195442493
141195449329
141195462330
141195469105
141195478809
141195491749
141195500477
141195510303
141195519519
141195529224
141195537708
141195547168
141195556202
141195565906
141195576709
141195586353
141195594593
141195604053
141195613513
141195623279
141195631641
141195643543
141195652515
141195662158
141195671069
141195680042
141195693103
141195702136
141195711352
141195720508
141195732532
141195743457
141195757739
141195772632
141195785022
141195800647
141195812976
141195826770
141195842578
141195854358
141195864001
141195876391
141195886218
141195897204
141195907580
141195924548
141195936755
141195948168
141195961901
141195972949
141195983996
141195995043
141196010790
141196022997
141196033312
141196045702
141196056078
141196066576
141196078173
141196088610
141196106310
141196118822
141196130602
141196140245
141196152208
141196166124
141196177843
141196187914
141196202867
141196213365
141196225267
141196238329
141196250108
141196262987
141196274767
141196284959
141196299730
141196309068
141196323778
141196336351
141196346910
141196357042
141196368516
141196384080
141196396592
141196407151
141196421495
141196433030
141196443040
141196459947
141196470567
141196482286
141196493516
141196505174
141196518296
141196529954
141196541428
141196553330
141196567124
141196577866
141196591294
141196602036
141196614243
141196625107
141196637131
141196647874
141196661912
141196674912
141196685654
141196696396
141196709519
141196720505
141196734055
141196741684
141196757248
141196768174
141196781845
141196789597
141196802841
141196813584
141196828293
141196840073
141196851059
141196866928
141196879379
141196895004
141196907272
141196918869
141196931991
141196943283
141196956466
141196963180
141196974777
141196984298
141196994125
141197003769
141197013168
141197022995
141197028122
141197042770
141197050216
141197059677
141197070907
141197080001
141197089950
141197099838
141197109054
141197118026
141197125594
141197134261
141197144271
141197153671
141197160507
141197170699
141197180526
141197189498
141197198409
141197210006
141197219771
141197228133
141197239120
141197245284
141197255904
141197264632
141197275374
141197284163
141197294722
141197304000
141197312484
141197321456
141197331282
141197339644
141197349776
141197360640
141197368941
141197380416
141197388777
141197401045
141197410628
141197419966
141197429549
141197439620
141197449141
141197457442
141197467085
141197478804
141197487837
141197497237
141197506636
141197516218
141197525862
141197534224
141197546614
141197554732
141197564192
141197572554
141197584578
141197593916
141197602827
141197610518
141197620222
141197630415
141197639143
141197650251
141197658918
141197667219
141197676924
141197686445
141197696455
141197706220
141197715742
141197725507
141197735151
141197743940
141197756086
141197763960
141197773786
141197783247
141197792585
141197802167
141197811384
141197819746
141197831647
141197839948
141197849164
141197860029
141197869367
141197881513
141197892438
141197901410
141197911969
141197921064
141197927472
141197941632
141197951947
141197960614
141197971173
141197980084
141197991437
141198001203
141198010907
141198020307
141198027936
141198036359
141198046918
141198055280
141198067059
141198076581
141198085553
141198095441
141198104962
141198114484
141198123456
141198131817
141198141827
141198150494
141198159649
141198169049
141198177838
141198188092
141198196881
141198207684
141198216595
141198227520
141198233990
141198247235
141198253765
141198264691
141198273419
141198282391
141198291851
141198302838
141198311688
141198323406
141198329754
141198339398
141198349041
141198359356
141198369488
141198378460
141198392132
141198401165
141198411480
141198421734
141198431743
141198439678
141198448955
141198459514
141198469463
141198480205
141198489544
141198498638
141198508281
141198518718
141198526592
141198536663
141198547283
141198559062
141198566020
141198577312
141198586650
141198595500
141198604961
141198614116
141198624126
141198632732
141198641643
141198651347
141198659953
141198668010
141198676860
141198686443
141198696880
141198706706
141198716228
141198725505
141198734233
141198742290
141198750834
141198759501
141198769389
141198780314
141198789042
141198796916
141198805766
141198813701
141198824565
141198832316
141198841594
141198849589
141198858378
141198868144
141198876811
141198884196
141198892802
141198902506
141198911662
141198920451
141198929362
141198938517
141198946879
141198956583
141198966410
141198975748
141198985087
141198993693
141199005900
141199015971
141199023966
141199033427
141199044718
141199056193
141199064371
141199073404
141199082682
141199091166
141199100809
141199109354
141199118326
141199130594
141199139078
141199146524
141199156656
141199165506
141199175150
141199183512
141199195169
141199201700
141199213968
141199223367
141199231729
141199240213
141199251688
141199258157
141199269815
141199280496
141199286661
141199297647
141199305460
141199314676
141199322488
141199335123
141199344583
141199352212
141199362954
141199370340
141199378885
141199388406
141199394815
141199406045
141199416726
141199424539
141199433511
141199443765
141199452432
141199461282
141199470376
141199478555
141199489114
141199499001
141199508767
141199515969
141199527139
141199535317
141199544961
141199553994
141199565286
141199570718
141199581765
141199592934
141199601418
141199610207
141199620949
141199630654
141199638894
141199648659
141199658486
141199667153
141199679421
141199688027
141199695595
141199703530
141199713601
141199725075
141199734475
141199741860
141199749489
141199760231
141199769326
141199777870
141199787880
141199797829
141199807533
141199816750
141199826332
141199835793
141199845314
141199854775
141199860390
141199872047
141199880959
141199890236
141199899086
141199903786
141199914101
141199925758
141199931557
141199944618
141199950111
141199961769
141199969459
141199979530
141199989418
141199997291
141200005226
141200016883
141200026161
141200034889
141200045875
141200054542
141200064064
141200074317
141200086036
141200094398
141200104164
141200112586
141200123390
141200131324
141200140174
141200148841
141200160499
141200169898
141200178443
141200187904
141200196571
141200206458
141200215613
141200227149
141200237525
141200246680
141200255347
141200265357
141200276832
141200285132
141200297461
141200308387
141200317664
141200327124
141200336707
141200345984
141200355567
141200365271
141200372840
141200382605
141200404212
141200419898
141200429846
141200440527
141200448279
141200457129
141200464514
141200473791
141200481970
141200491736
141200500403
141200507056
141200514807
141200523352
141200530676
141200537451
141200546728
141200552954
141200560705
141200571753
141200579748
141200586340
141200595129
141200602331
141200610876
141200623632
141200631750
141200643530
141200653967
141200668005
141200678991
141200691320
141200703954
141200713354
141200726598
141200735632
141200747717
141200759863
141200772070
141200781469
141200793615
141200805395
141200814184
141200824010
141200836400
141200846166
141200858434
141200868383
141200878209
141200890355
141200898900
141200911168
141200918676
141200928563
141200939672
141200952184
141200961400
141200975255
141200985692
141200996007
141201006688
141201017125
141201030431
141201039464
141201052708
141201061986
141201075108
141201085057
141201096043
141201106663
141201117283
141201130589
141201141575
141201150853
141201164525
141201175084
141201186253
141201199803
141201210301
141201220860
141201232640
141201243138
141201252232
141201266026
141201275303
141201290074
141201299351
141201308933
141201319492
141201333653
141201342930
141201356907
141201367710
141201379185
141201389988
141201402683
141201413303
141201424473
141201435581
141201447666
141201460178
141201469333
141201482822
141201492832
141201506137
141201516452
141201531101
141201543003
141201556369
141201570896
141201581333
141201592990
141201607028
141201617832
141201631137
141201639865
141201654819
141201666049
141201679416
141201695956
141201713107
141201725314
141201737826
141201747226
141201756564
141201765475
141201772555
141201781649
141201790866
141201799777
141201808993
141201818148
141201825351
141201834323
141201842807
141201855136
141201862460
141201871493
141201880465
141201889620
141201897189
141201908541
141201916415
141201925692
141201933566
141201945406
141201952731
141201964999
141201972506
141201982027
141201992770
141202001681
141202009432
141202019015
141202027743
141202039950
141202048372
141202057955
141202066744
141202076326
141202085054
141202094393
141202104891
141202114473
141202124971
141202134493
141202144686
141202153597
141202164400
141202175875
141202184908
141202193941
141202205110
141202214571
141202224153
141202232820
141202244539
141202252779
141202261568
141202273714
141202283052
141202294343
141202302156
141202314119
141202322847
141202332551
141202343477
141202352449
141202362947
141202372651
141202384980
141202394624
141202403474
141202413789
141202422517
141202433686
141202443269
141202452668
141202463716
141202471894
141202479829
141202493257
141202503205
141202512605
141202522553
141202532136
141202540803
141202550263
141202559479
141202569184
141202580231
141202590058
141202600800
141202610688
141202619477
141202629365
141202638825
141202648591
141202658478
141202668854
141202678315
141202687897
141202696015
141202705536
141202714386
141202723969
141202732392
141202745514
141202754608
141202765351
141202776215
141202786163
141202794586
141202804718
141202814911
141202826325
141202835663
141202846405
141202857391
141202867279
141202875336
141202885101
141202897613
141202905365
141202917694
141202925384
141202936737
141202947296
141202955597
141202964630
141202976837
141202986358
141202994842
141203003570
141203015289
141203023773
141203035186
141203043670
141203053680
141203062286
141203071746
141203081512
141203090484
141203100677
141203112029
141203120757
141203129424
141203139129
141203152068
141203161834
141203170501
141203179107
141203189483
141203197967
141203207976
141203216704
141203225738
141203235991
141203244964
141203256438
141203262542
141203274566
141203283416
141203292083
141203304412
141203312896
141203321685
141203331877
141203340605
141203351775
141203361296
141203372099
141203381926
141203390898
141203401396
141203410918
141203421294
141203432280
141203439848
141203451567
141203462004
141203471892
141203482268
141203490874
141203501494
141203512602
141203522917
141203533415
141203543913
141203553312
141203563200
141203573332
141203582914
141203592680
141203602140
141203613554
141203622953
141203632231
141203641630
141203649687
141203661527
141203668791
141203680570
141203690580
141203699003
141203708585
141203717252
141203727811
141203736173
141203749235
141203756010
141203768217
141203777067
141203786527
141203798002
141203806180
141203817045
141203825101
141203834195
141203847989
141203856778
141203866483
141203875272
141203884977
141203895353
141203904935
141203913602
141203924100
141203935636
141203945890
141203953885
141203963834
141203974088
141203983792
141203994840
141204002774
141204014798
141204025235
141204034146
141204045071
141204053311
141204062283
141204075467
141204081998
141204094632
141204104092
141204114102
141204122952
141204132596
141204143826
141204153592
141204164883
141204174588
141204184231
141204194790
141204204373
141204214871
141204225430
141204236111
141204245144
141204256252
141204267849
141204278408
141204287991
141204298672
141204309170
141204319851
141204330044
141204338100
141204350368
141204358242
141204370266
141204380581
141204390041
141204400295
141204406093
141204422695
141204431301
141204441128
141204450161
141204459987
141204468715
141204479580
141204489101
141204498256
141204509975
141204520656
141204531154
141204538173
141204551357
141204560756
141204571559
141204581020
141204590907
141204601466
141204611110
141204619594
141204632777
141204641261
141204652187
141204660487
141204672938
141204680324
141204692409
141204700648
141204710048
141204719996
141204729762
141204737880
141204751185
141204762050
141204771083
141204778590
141204791835
141204800990
141204810511
141204822413
141204834498
141204843836
141204855494
141204865443
141204870387
141204881556
141204894129
141204904261
141204913294
141204921778
141204930872
141204939356
141204951807
141204957789
141204966395
141204977625
141204986292
141204996851
141205005335
141205016199
141205024866
141205036158
141205046106
141205058252
141205066797
141205077173
141205086634
141205096460
141205106348
141205115930
141205125391
141205135889
141205148218
141205155908
141205168054
141205174463
141205186121
141205195215
141205205957
141205215784
141205225610
141205234521
141205246118
141205255456
141205266687
141205275842
141205282495
141205295556
141205303674
141205314477
141205320886
141205332361
141205341211
141205350671
141205360132
141205369714
141205380090
141205388818
141205401086
141205409021
141205418176
141205426782
141205438439
141205448266
141205457177
141205466943
141205475060
141205484094
141205494958
141205503075
141205511376
141205522546
141205531518
141205539330
141205551781
141205561059
141205569054
141205578332
141205590478
141205601220
141205611229
141205621850
141205633385
141205645897
141205656579
141205669335
141205683800
141205696434
141205710289
