132371198787
132371207149
132371216609
132371225032
132371234248
132371242305
132371250667
132371259822
132371268794
132371276240
132371285152
132371292964
132371300654
132371308406
132371318233
132371327083
132371335505
132371342402
132371353816
132371360835
132371370417
132371379451
132371387690
132371394954
132371405513
132371413081
132371419917
132371432490
132371441950
132371450068
132371458613
132371468806
132371476496
132371487422
132371495966
132371506342
132371516779
132371524165
132371534296
132371542719
132371552119
132371559016
132371570856
132371577692
132371587763
132371594599
132371606806
132371611384
132371624079
132371633539
132371641413
132371651911
132371660090
132371664789
132371678461
132371687311
132371695307
132371703669
132371713678
132371722101
132371732416
132371741205
132371750299
132371760492
132371769586
132371778253
132371787287
132371795648
132371804865
132371814081
132371823175
132371831720
132371838495
132371848444
132371855218
132371868646
132371873712
132371887628
132371896051
132371907220
132371915399
132371925775
132371936456
132371945733
132371956537
132371966546
132371977166
132371988153
132371996148
132372005426
132372017388
132372027215
132372036859
132372045892
132372056390
132372067315
132372077020
132372086663
132372094415
132372105584
132372115655
132372124322
132372134454
132372143853
132372153680
132372162774
132372172845
132372182793
132372192437
132372204217
132372211846
132372221734
132372229912
132372242302
132372255669
132372265374
132372270928
132372286980
132372292412
132372304802
132372316094
132372326531
132372334526
132372345452
132372355705
132372364861
132372372185
132372383721
132372391228
132372403069
132372413261
132372422844
132372428215
132372441826
132372451836
132372460319
132372470268
132372481254
132372493523
132372502128
132372513664
132372521354
132372534660
132372539665
132372553703
132372558830
132372571525
132372576957
132372592338
132372600151
132372611564
132372621269
132372629936
132372639884
132372647514
132372659843
132372669364
132372676872
132372686942
132372695426
132372710136
132372717216
132372727470
132372734916
132372747794
132372756400
132372767753
132372772941
132372788383
132372797050
132372807792
132372815238
132372826407
132372840262
132372850882
132372859549
132372870231
132372881339
132372888968
132372899894
132372911795
132372921317
132372930045
132372940055
132372951163
132372958548
132372968619
132372978812
132372990347
132372995718
132373009390
132373020926
132373029471
132373039420
132373050223
132373058035
132373068655
132373079764
132373092947
132373101736
132373111624
132373120474
132373129995
132373140310
132373151541
132373161673
132373170767
132373180716
132373190603
132373200613
132373210012
132373220022
132373230337
132373240408
132373249868
132373260000
132373269155
132373277395
132373288931
132373296377
132373309194
132373318777
132373327383
132373336050
132373343984
132373353506
132373361562
132373374624
132373382558
132373391042
132373401418
132373406972
132373417348
132373426198
132373434438
132373443837
132373455312
132373463613
132373471608
132373479360
132373489797
132373498769
132373506887
132373517995
132373527333
132373537648
132373546071
132373556813
132373564565
132373575856
132373583913
132373595326
132373606557
132373618337
132373626149
132373637196
132373645192
132373658070
132373662953
132373678090
132373686024
132373694020
132373703908
132373711842
132373716420
132373728932
132373739491
132373748463
132373757618
132373765858
132373775196
132373785817
132373793080
132373803395
132373811329
132373819935
132373829640
132373837940
132373846974
132373857289
132373862049
132373875050
132373886158
132373894825
132373903065
132373914478
132373922230
132373933521
132373941944
132373953236
132373960743
132373972217
132373982532
132373992725
132374000416
132374010914
132374021839
132374029773
132374041980
132374049671
132374060535
132374068042
132374080494
132374088916
132374100757
132374109241
132374123218
132374128955
132374143238
132374153064
132374162647
132374173084
132374183215
132374192554
132374204761
132374212878
132374224902
132374233142
132374242175
132374252063
132374265735
132374275500
132374285083
132374293139
132374305469
132374314502
132374325915
132374335681
132374344592
132374352832
132374364428
132374373462
132374384997
132374391894
132374403369
132374411608
132374422595
132374430651
132374442004
132374452563
132374460253
132374469531
132374480883
132374488818
132374500109
132374508410
132374517382
132374527209
132374538439
132374545641
132374557116
132374565966
132374575243
132374587145
132374596667
132374607226
132374616625
132374628283
132374639818
132374647020
132374658251
132374668932
132374676683
132374688646
132374696581
132374705919
132374717455
132374725206
132374737352
132374746691
132374759203
132374770433
132374778124
132374787218
132374799059
132374808275
132374818590
132374831834
132374841478
132374855089
132374864976
132374878709
132374889512
132374904405
132374915086
132374929612
132374940172
132374954149
132374963975
132374979844
132374991685
132375005845
132375019151
132375029771
132375040147
132375056016
132375072617
132375084763
132375097520
132375109422
132375120469
132375133714
132375142319
132375157212
132375163254
132375180588
132375191575
132375205063
132375214402
132375227402
132375236069
132375248948
132375259629
132375272568
132375285385
132375297043
132375309738
132375318650
132375330734
132375342575
132375354721
132375363632
132375379990
132375391342
132375401596
132375414658
132375424850
132375435532
132375448532
132375460190
132375473373
132375484726
132375493515
132375503464
132375516769
132375529159
132375542160
132375551315
132375565841
132375579635
132375589523
132375603012
132375615829
132375624313
132375639022
132375650436
132375665023
132375673385
132375687972
132375700240
132375712814
132375721786
132375736190
132375748702
132375761703
132375773910
132375783858
132375795638
132375809859
132375822249
132375835189
132375843856
132375858382
132375870772
132375883651
132375891951
132375906050
132375917830
132375929183
132375945235
132375958174
132375966597
132375980940
132375993330
132376006209
132376018599
132376028181
132376042647
132376055647
132376068526
132376078535
132376092329
132376105086
132376119429
132376129377
132376142378
132376152937
132376169844
132376185591
132376197248
132376211409
132376222212
132376233381
132376240217
132376249311
132376259321
132376268049
132376275068
132376285749
132376293012
132376304060
132376313215
132376323042
132376330671
132376338850
132376349714
132376357831
132376362592
132376375593
132376386579
132376394819
132376402753
132376413373
132376421857
132376430402
132376441571
132376450238
132376458783
132376467023
132376476422
132376487226
132376496015
132376505109
132376514630
132376526410
132376534833
132376545880
132376553693
132376564984
132376573895
132376585736
132376595380
132376606061
132376615094
132376625409
132376634625
132376646710
132376657086
132376667157
132376675885
132376685406
132376695843
132376702923
132376713971
132376721173
132376730267
132376740155
132376749371
132376760418
132376770367
132376778241
132376787945
132376797833
132376806622
132376813641
132376824871
132376834942
132376843853
132376851116
132376861858
132376869549
132376881512
132376886150
132376900250
132376905315
132376919048
132376928997
132376938091
132376943279
132376958294
132376962932
132376977215
132376982525
132376995952
132377001323
132377015972
132377025188
132377033794
132377044048
132377056743
132377065776
132377074627
132377079570
132377094524
132377099712
132377112468
132377121929
132377131816
132377139873
132377150493
132377158244
132377170207
132377177409
132377188579
132377196147
132377207133
132377214946
132377226298
132377237712
132377245158
132377255595
132377266643
132377274516
132377284587
132377294536
132377303813
132377314128
132377323161
132377329997
132377338908
132377348124
132377359965
132377365397
132377377726
132377385722
132377399272
132377408427
132377419657
132377430766
132377439799
132377448588
132377460795
132377471415
132377480875
132377488627
132377498148
132377506449
132377515910
132377525492
132377532511
132377543864
132377553507
132377562113
132377571451
132377580729
132377590433
132377602640
132377610697
132377622477
132377630655
132377642191
132377650370
132377663431
132377670877
132377682718
132377691507
132377699808
132377710062
132377718302
132377727396
132377738382
132377746378
132377755045
132377763895
132377775858
132377785623
132377794046
132377803506
132377814493
132377826395
132377838418
132377849100
132377856607
132377869607
132377874307
132377889871
132377896036
132377910806
132377922097
132377931375
132377940652
132377951211
132377962075
132377973489
132377985147
132377992776
132378006997
132378016824
132378026528
132378040994
132378048989
132378061807
132378070535
132378081277
132378092507
132378102029
132378113381
132378125039
132378133279
132378142983
132378155190
132378163857
132378173073
132378178322
132378195351
132378203103
132378215615
132378225991
132378235878
132378246804
132378256325
132378266640
132378276100
132378286843
132378297097
132378308083
132378317848
132378323220
132378338783
132378344338
132378356728
132378368385
132378376930
132378385170
132378396339
132378403358
132378413673
132378424354
132378431068
132378440712
132378450783
132378460182
132378469948
132378476906
132378487160
132378496315
132378504982
132378511757
132378525428
132378535560
132378547096
132378554542
132378566200
132378575172
132378584632
132378593788
132378605018
132378615455
132378623084
132378634132
132378644019
132378654701
132378661537
132378673438
132378681678
132378694740
132378705299
132378714088
132378722816
132378734840
132378744056
132378753028
132378762733
132378773963
132378782081
132378793494
132378800940
132378812354
132378820411
132378831641
132378840979
132378852576
132378861121
132378870093
132378880591
132378889502
132378900305
132378911292
132378918677
132378929907
132378939490
132378949805
132378961035
132378968970
132378979834
132378990088
132379000037
132379007910
132379016394
132379026587
132379036963
132379047278
132379056555
132379066687
132379075293
132379085486
132379094580
132379104773
132379111364
132379122656
132379133520
132379141150
132379150000
132379161474
132379169348
132379180578
132379187658
132379199072
132379207739
132379216955
132379227636
132379236669
132379246679
132379255285
132379263036
132379275243
132379283117
132379293249
132379305395
132379314123
132379323888
132379332616
132379343053
132379352086
132379364293
132379373449
132379383397
132379392309
132379402440
132379413915
132379420995
132379432286
132379444249
132379451879
132379461217
132379473119
132379481664
132379490209
132379501988
132379509618
132379521459
132379531896
132379540563
132379550694
132379562108
132379570287
132379580113
132379591588
132379602879
132379610753
132379624119
132379629307
132379644261
132379653721
132379664097
132379675328
132379684910
132379694920
132379704381
132379713597
132379721226
132379732823
132379741063
132379754002
132379762486
132379775853
132379786473
132379796910
132379804112
132379815586
132379827305
132379837132
132379846897
132379857761
132379866734
132379877720
132379886448
132379895359
132379906040
132379915256
132379926609
132379934910
132379946018
132379954380
132379965427
132379975193
132379984958
132379993442
132380003513
132380014438
132380022312
132380032261
132380043186
132380055332
132380069919
132380084323
132380093723
132380113864
132380126804
132380137790
132380151523
132380166538
132380179721
132380192477
132380203830
132380216708
132380227939
132380240756
132380252536
132380265414
132380277011
132380289828
132380302035
132380314792
132380326938
132380339755
132380351413
132380364352
132380372653
132380387118
132380400241
132380410128
132380423983
132380433688
132380446871
132380459811
132380472140
132380481966
132380496371
132380505892
132380520724
132380530367
132380542208
132380556612
132380565218
132380579500
132380588778
132380603060
132380612886
132380627413
132380641695
132380651583
132380662447
132380676790
132380687837
132380702059
132380710604
132380725191
132380738008
132380749361
132380761018
132380772249
132380782991
132380798189
132380804658
132380820283
132380834199
132380845491
132380858308
132380869417
132380879182
132380894563
132380906770
132380918000
132380928743
132380941072
132380950654
132380967317
132380973542
132380991242
132380997834
132381012544
132381027131
132381039582
132381049287
132381063691
132381073518
132381088532
132381098481
132381115082
132381127045
132381138276
132381149628
132381162079
132381171723
132381187226
132381200531
132381210846
132381227631
132381239899
132381251252
132381268219
132381283234
132381292267
132381306671
132381320221
132381329437
132381340057
132381348053
132381357697
132381367767
132381378510
132381386078
132381398285
132381405914
132381414581
132381426178
132381433441
132381444855
132381453277
132381464569
132381473968
132381485199
132381493194
132381503448
132381511993
132381523162
132381532135
132381542389
132381553070
132381561126
132381569793
132381580902
132381591094
132381598602
132381607086
132381618438
132381625640
132381637054
132381646270
132381657623
132381665252
132381676604
132381684173
132381695464
132381705901
132381713592
132381721282
132381731841
132381742156
132381749358
132381757659
132381768096
132381780364
132381788054
132381797637
132381807219
132381813201
132381823455
132381831267
132381841643
132381854155
132381861846
132381871123
132381881560
132381889250
132381899077
132381906584
132381916472
132381926665
132381934355
132381945097
132381952666
132381963347
132381973235
132381980986
132381991179
132382000944
132382011137
132382022002
132382029631
132382039763
132382047331
132382055754
132382063627
132382075346
132382083159
132382094389
132382102018
132382112822
132382120268
132382130400
132382137907
132382149015
132382156401
132382168363
132382175810
132382185331
132382192716
132382203825
132382213835
132382224333
132382231596
132382243070
132382251127
132382261381
132382271696
132382282621
132382294889
132382303800
132382311979
132382323942
132382332242
132382341764
132382349271
132382362089
132382369596
132382379667
132382387540
132382399198
132382406766
132382418058
132382425443
132382435880
132382446256
132382457303
132382464871
132382476590
132382484342
132382495206
132382502652
132382513883
132382521512
132382532498
132382542325
132382552518
132382560208
132382570828
132382581021
132382589810
132382599942
132382611600
132382619168
132382629483
132382637173
132382647976
132382657254
132382665310
132382674710
132382684536
132382694546
132382702969
132382712490
132382720120
132382729397
132382738675
132382747708
132382759121
132382766445
132382777066
132382784024
132382792324
132382801541
132382810818
132382822109
132382831692
132382839993
132382851467
132382859829
132382869656
132382876797
132382888515
132382895840
132382905300
132382912990
132382923000
132382930263
132382940456
132382951137
132382960964
132382968410
132382979702
132382987575
132382999843
132383011440
132383020534
132383030361
132383039150
132383049343
132383058803
132383064846
132383077907
132383087917
132383096095
132383105617
132383113796
132383121852
132383131679
132383139247
132383150905
132383157985
132383169215
132383174037
132383186610
132383196742
132383205592
132383210414
132383223842
132383228541
132383241176
132383250087
132383258265
132383267848
132383279994
132383289271
132383298365
132383306666
132383318873
132383324000
132383337672
132383342982
132383359645
132383367091
132383378077
132383384547
132383395716
132383404383
132383415064
132383425929
132383435328
132383442713
132383451868
132383461024
132383470179
132383478602
132383487696
132383498560
132383505823
132383515162
132383526026
132383536219
132383544642
132383556482
132383563929
132383577112
132383586023
132383594202
132383602381
132383612268
132383619959
132383631067
132383641748
132383652552
132383662439
132383669519
132383677393
132383687708
132383695581
132383705957
132383715845
132383728174
132383737634
132383746729
132383756250
132383765649
132383775415
132383786096
132383796960
132383804468
132383815942
132383824853
132383837121
132383846155
132383855676
132383865320
132383877710
132383885949
132383897851
132383907861
132383917382
132383922631
132383938684
132383944299
132383958764
132383967492
132383976281
132383985070
132383997521
132384007897
132384016381
132384021386
132384036523
132384046105
132384054101
132384061120
132384072533
132384077355
132384089684
132384097863
132384108239
132384115868
132384127099
132384134362
132384143822
132384151757
132384162560
132384169762
132384181481
132384188744
132384200646
132384206322
132384221703
132384229699
132384240136
132384248497
132384259850
132384268761
132384277245
132384285973
132384294640
132384303002
132384312462
132384321007
132384331688
132384341332
132384350365
132384359886
132384369286
132384378014
132384384972
132384397301
132384405723
132384417381
132384426048
132384434227
132384443260
132384451439
132384458275
132384469810
132384479881
132384490989
132384499900
132384508506
132384517845
132384528282
132384535850
132384546775
132384556846
132384566673
132384575584
132384584739
132384593711
132384602683
132384610984
132384620139
132384630637
132384640769
132384650352
132384658103
132384668296
132384679404
132384690147
132384700828
132384709800
132384717734
132384727317
132384735129
132384746970
132384760459
132384770102
132384779014
132384788230
132384796042
132384809104
132384814170
132384828452
132384833884
132384849326
132384857505
132384867575
132384875449
132384885581
132384896750
132384906394
132384913962
132384925131
132384932394
132384944907
132384950217
132384964133
132384969382
132384981161
132384989035
132385002280
132385010702
132385023031
132385030844
132385041098
132385048544
132385058920
132385069296
132385081564
132385092794
132385107504
132385118612
132385132955
132385156393
132385168844
132385183004
132385192892
132385209738
132385216146
132385234090
132385247091
132385258321
132385271017
132385282918
132385289449
132385308309
132385316549
132385332113
132385344808
132385356038
132385366903
132385381185
132385392781
132385403768
132385415548
132385426839
132385441487
132385452657
132385465291
132385476460
132385489461
132385500691
132385507100
132385525777
132385532063
132385550191
132385562032
132385573323
132385587422
132385598653
132385605061
132385622761
132385634297
132385645711
132385660298
132385671528
132385683918
132385695149
132385707417
132385718586
132385728230
132385744343
132385760517
132385773274
132385781697
132385795796
132385806599
132385820759
132385831379
132385842426
132385859577
132385872456
132385883076
132385895954
132385908161
132385917682
132385931476
132385944294
132385952900
132385967731
132385981525
132385991291
132386002094
132386016376
132386027362
132386041645
132386052814
132386066974
132386075519
132386090045
132386100971
132386115009
132386127948
132386137592
132386151263
132386164325
132386172565
132386187152
132386200152
132386212848
132386222308
132386236468
132386249286
132386262042
132386280047
132386293780
132386307696
132386323565
132386335101
132386342669
132386355181
132386366961
132386376910
132386385699
132386397357
132386405474
132386416583
132386426531
132386436297
132386446124
132386454790
132386464983
132386475115
132386485369
132386496722
132386504473
132386514361
132386524370
132386535418
132386542009
132386552324
132386559527
132386574053
132386582171
132386593523
132386602190
132386613420
132386621843
132386632341
132386639971
132386651140
132386658159
132386668474
132386678362
132386685625
132386695696
132386705339
132386713396
132386721636
132386729692
132386739946
132386747575
132386758073
132386765703
132386776384
132386788652
132386796525
132386807085
132386814165
132386826677
132386832597
132386846147
132386856523
132386865190
132386873063
132386884233
132386892961
132386902482
132386911393
132386920365
132386931901
132386940629
132386951310
132386961625
132386973710
132386981523
132386991349
132387001725
132387012528
132387022538
132387031693
132387041886
132387052079
132387059769
132387071305
132387078812
132387090653
132387101212
132387110917
132387119034
132387129899
132387138016
132387150284
132387161881
132387172013
132387179459
132387190567
132387198319
132387211136
132387216629
132387230240
132387238297
132387250931
132387259293
132387270706
132387279251
132387291519
132387300064
132387313126
132387320755
132387332596
132387340347
132387352066
132387359634
132387370254
132387377762
132387389297
132387397293
132387408951
132387418960
132387428055
132387438247
132387446975
132387457046
132387466751
132387477127
132387487075
132387497207
132387506118
132387513320
132387524124
132387531326
132387542739
132387550308
132387563491
132387572158
132387581191
132387588210
132387600295
132387604934
132387619277
132387627151
132387638320
132387648452
132387657424
132387666152
132387678054
132387686416
132387698501
132387708938
132387721206
132387730178
132387742568
132387753310
132387761306
132387773635
132387783095
132387791823
132387802932
132387814162
132387822524
132387831801
132387843764
132387852370
132387862441
132387875441
132387886427
132387897536
132387904982
132387914870
132387925002
132387933607
132387940565
132387951857
132387959120
132387969618
132387980116
132387988051
132387995009
132388006361
132388016920
132388028517
132388036940
132388047743
132388055800
132388065321
132388072462
132388082960
132388093458
132388103285
132388113661
132388122633
132388131300
132388138075
132388148207
132388154981
132388165174
132388175794
132388184644
132388191725
132388201063
132388210218
132388219068
132388226575
132388237745
132388247449
132388256055
132388265516
132388274000
132388280775
132388291822
132388296766
132388312696
132388321302
132388333387
132388341016
132388351270
132388358960
132388369519
132388381421
132388390393
132388401441
132388412122
132388424024
132388431653
132388440442
132388449597
132388460584
132388469129
132388478589
132388488477
132388499829
132388507520
132388518445
132388527661
132388539868
132388550732
132388560010
132388569470
132388578015
132388588330
132388596997
132388607190
132388619031
132388626721
132388638562
132388646191
132388661633
132388670605
132388682812
132388693493
132388703076
132388713085
132388721875
132388732617
132388741589
132388750927
132388762707
132388770886
132388780285
132388791821
132388800488
132388809765
132388818920
132388827526
132388839794
132388845165
132388856945
132388868847
132388877758
132388885448
132388896740
132388903759
132388913769
132388920849
132388932689
132388944225
132388953014
132388961498
132388971141
132388978832
132388990978
132388998668
132389011730
132389016857
132389031444
132389038524
132389049022
132389055858
132389068309
132389077159
132389090282
132389098766
132389111461
132389120372
132389131541
132389138866
132389150401
132389161632
132389172008
132389179088
132389190257
132389198375
132389210093
132389216197
132389227977
132389239268
132389249461
132389257213
132389267466
132389277781
132389288035
132389296580
132389306651
132389318186
132389325755
132389335887
132389346079
132389357432
132389365367
132389376597
132389384470
132389397776
132389406199
132389415842
132389423594
132389436655
132389441904
132389455454
132389464365
132389477183
132389482310
132389495310
132389505564
132389514353
132389524363
132389535837
132389545054
132389556528
132389565805
132389574778
132389582712
132389594309
132389605966
132389613901
132389626291
132389634836
132389644296
132389656992
132389666696
132389676401
132389685739
132389698557
132389709421
132389719308
132389724985
132389740305
132389749094
132389760751
132389770456
132389779428
132389788827
132389800424
132389809945
132389818979
132389829477
132389838937
132389850412
132389859872
132389865487
132389881112
132389888436
132389899667
132389907663
132389918954
132389928781
132389937631
132389948190
132389957162
132389966927
132389978280
132389987008
132389996346
132390007211
132390016793
132390030282
132390039376
132390047799
132390059273
132390069649
132390080025
132390089791
132390099923
132390110177
132390117928
132390129525
132390137581
132390149727
132390157601
132390166634
132390179207
132390192269
132390204903
132390217659
132390230232
132390245857
132390260201
132390272591
132390287850
132390302376
132390316780
132390328743
132390340523
132390352852
132390368172
132390377510
132390395332
132390408088
132390422371
132390431587
132390445686
132390460029
132390469673
132390483528
132390496467
132390507087
132390520088
132390531501
132390544502
132390557319
132390570136
132390580940
132390593696
132390607673
132390617622
132390630256
132390643317
132390657172
132390670234
132390683051
132390692817
132390706550
132390716254
132390730781
132390743842
132390756110
132390765631
132390780585
132390790473
132390805304
132390815131
132390828314
132390838080
132390851325
132390865851
132390877875
132390887701
132390904730
132390915839
132390926886
132390939337
132390953558
132390967413
132390981573
132390993292
132391006109
132391018438
132391030829
132391042914
132391055426
132391069769
132391079046
132391091436
132391100714
132391118536
132391130560
132391144110
132391155462
132391169439
132391183172
132391192938
132391206060
132391218999
132391228460
132391242742
132391257696
132391270513
132391283575
132391293279
132391307134
132391316839
132391332097
132391346380
132391359014
132391368840
132391385503
132391397283
132391413030
132391427251
132391438420
132391448674
132391458623
132391467900
132391479558
132391485600
132391497136
132391505376
132391516789
132391526006
132391537602
132391544865
132391556523
132391563481
132391574956
132391584233
132391593205
132391602727
132391614262
132391622563
132391634037
132391640995
132391652470
132391662480
132391671330
132391681523
132391693058
132391700260
132391711857
132391720219
132391729008
132391739994
132391748844
132391754215
132391769108
132391774479
132391787357
132391797062
132391806156
132391815067
132391824955
132391837284
132391846378
132391856876
132391865665
132391876530
132391885502
132391895939
132391904789
132391915348
132391924625
132391935245
132391944156
132391949344
132391961429
132391969364
132391982853
132391992374
132392001651
132392012210
132392021427
132392030216
132392040103
132392047550
132392060428
132392065799
132392079654
132392087711
132392097354
132392105167
132392116031
132392123538
132392135135
132392145511
132392156436
132392163943
132392176028
132392183658
132392195010
132392202945
132392214175
132392221866
132392235965
132392244326
132392254397
132392262637
132392275088
132392283023
132392295291
132392303713
132392313723
132392321414
132392332461
132392340273
132392353640
132392363345
132392372256
132392379946
132392390688
132392401308
132392411318
132392419070
132392431521
132392439272
132392448977
132392459048
132392471621
132392476992
132392490725
132392498781
132392508486
132392519655
132392528505
132392536989
132392549562
132392558962
132392567934
132392577883
132392586916
132392599001
132392608278
132392618288
132392627382
132392636781
132392645693
132392657533
132392666200
132392674013
132392686403
132392691652
132392706239
132392711427
132392726381
132392736269
132392745119
132392753725
132392762575
132392771242
132392783815
132392788942
132392802430
132392812806
132392821779
132392832032
132392840944
132392849488
132392861634
132392870423
132392879396
132392888063
132392900392
132392909486
132392918519
132392926698
132392938966
132392948426
132392957276
132392966981
132392978455
132392987794
132392996827
132393006287
132393017945
132393027283
132393036988
132393047181
132393058594
132393067750
132393076905
132393088135
132393097107
132393108094
132393117798
132393129761
132393138855
132393150757
132393158997
132393173401
132393184693
132393194947
132393203430
132393215210
132393223572
132393233399
132393245911
132393255066
132393264649
132393275452
132393285217
132393291138
132393304810
132393315491
132393325134
132393333618
132393345642
132393358093
132393367859
132393376892
132393387695
132393395935
132393407837
132393416504
132393427856
132393439209
132393450500
132393459106
132393470642
132393481750
132393488891
132393501159
132393513122
132393524047
132393533813
132393544433
132393554809
132393563049
132393574950
132393583617
132393593688
132393604797
132393614501
132393624877
132393634093
132393644164
132393655761
132393663329
132393674132
132393681273
132393694579
132393703429
132393711425
132393720702
132393731505
132393739745
132393751036
132393758544
132393769652
132393778197
132393789794
132393796630
132393806883
132393818236
132393826415
132393836058
132393845458
132393853697
132393862975
132393872435
132393881957
132393891905
132393899901
132393910826
132393917723
132393929808
132393936827
132393946104
132393953184
132393968992
132393974425
132393987791
132393995787
132394006224
132394014158
132394025450
132394035765
132394045897
132394054197
132394063230
132394070311
132394080748
132394090940
132394100523
132394108274
132394121031
132394128721
132394139951
132394145139
132394159727
132394170225
132394178709
132394188413
132394198728
132394207395
132394219358
132394226865
132394237546
132394245359
132394253355
132394263486
132394272397
132394282102
132394290159
132394298459
132394308835
132394316831
132394327146
132394336118
132394345090
132394352842
132394364316
132394373716
132394382627
132394393735
132394402280
132394407224
132394420774
132394430295
132394442441
132394447751
132394460080
132394470212
132394478268
132394488828
132394497311
132394507260
132394515317
132394525204
132394533871
132394539181
132394553891
132394563656
132394575253
132394581662
132394592099
132394599545
132394610714
132394621945
132394630734
132394639157
132394649777
132394657956
132394668209
132394677059
132394684078
132394691830
132394702206
132394712582
132394719540
132394731686
132394739376
132394747494
132394758541
132394767574
132394777828
132394788509
132394796200
132394806759
132394816097
132394825436
132394832638
132394844845
132394852108
132394862850
132394868465
132394883541
132394894893
132394904415
132394913326
132394925716
132394935848
132394944942
132394953060
132394963314
132394971675
132394982173
132394990474
132395002498
132395013729
132395021419
132395033077
132395040462
132395051143
132395061275
132395068050
132395079280
132395093562
132395104366
132395112849
132395122249
132395133235
132395140559
132395150813
132395161494
132395171687
132395180537
132395190425
132395199275
132395209468
132395216914
132395225581
132395230952
132395244746
132395255671
132395266169
132395273188
132395283564
132395290400
132395301264
132395312800
132395325068
132395335627
132395352046
132395366084
132395382502
132395395747
132395405024
132395425715
132395441096
132395451472
132395466730
132395473383
132395492304
132395503840
132395517817
132395529902
132395544123
132395554621
132395566828
132395579279
132395588373
132395606867
132395617365
132395631647
132395642877
132395656732
132395664606
132395678461
132395692804
132395705255
132395718744
132395728326
132395744623
132395751275
132395769769
132395779657
132395795282
132395807855
132395818658
132395830560
132395841363
132395854058
132395867669
132395875909
132395889642
132395903741
132395916070
132395924310
132395937982
132395951409
132395963799
132395975884
132395988274
132396000115
132396009576
132396023675
132396033013
132396046563
132396064507
132396075738
132396089837
132396100884
132396111443
132396125420
132396137383
132396148430
132396161064
132396175225
132396188713
132396201225
132396211724
132396224358
132396238152
132396247490
132396262444
132396275383
132396287102
132396301384
132396312309
132396324272
132396338127
132396353569
132396366264
132396377006
132396389702
132396401664
132396414543
132396426811
132396439201
132396452201
132396464897
132396476066
132396489982
132396503959
132396519340
132396530326
132396540946
132396552177
132396559501
132396569816
132396577567
132396588004
132396596244
132396604423
132396614738
132396623771
132396633842
132396645194
132396654960
132396664481
132396672416
132396681327
132396692862
132396703299
132396713126
132396720572
132396733451
132396743338
132396752249
132396762809
132396771659
132396780265
132396792777
132396802847
132396812430
132396822928
132396832388
132396837943
132396854178
132396859305
132396873221
132396878531
132396892508
132396902090
132396910757
132396919791
132396932059
132396937369
132396950857
132396959280
132396968252
132396980093
132396989615
132396995108
132397010611
132397015432
132397026297
132397036428
132397044729
132397051870
132397061941
132397068960
132397081961
132397087149
132397102102
132397114858
132397124014
132397133779
132397141531
132397155325
132397165395
132397174490
132397179189
132397193044
132397204092
132397213125
132397224843
132397234731
132397245351
132397254751
132397264882
132397272085
132397283925
132397291738
132397306081
132397315358
132397326040
132397335744
132397345998
132397354482
132397363637
132397373830
132397383657
132397392812
132397400624
132397411000
132397420400
132397431874
132397439565
132397450490
132397461354
132397470509
132397476857
132397487538
132397495045
132397505666
132397517689
132397527699
132397536976
132397546437
132397554066
132397563527
132397571827
132397584095
132397594655
132397605824
132397612660
132397623097
132397632862
132397640309
132397649952
132397657460
132397671437
132397681202
132397690479
132397695545
132397709767
132397714832
132397726917
132397738453
132397749561
132397758167
132397766834
132397776356
132397784718
132397794849
132397803028
132397812366
132397821461
132397829395
132397839222
132397849476
132397858509
132397866627
132397876880
132397886097
132397896228
132397905689
132397914844
132397925037
132397932483
132397943409
132397951282
132397961963
132397973438
132397982105
132397991260
132397999378
132398009448
132398020984
132398031055
132398041003
132398048328
132398057727
132398067249
132398076526
132398086169
132398093677
132398102466
132398113635
132398123279
132398132251
132398140124
132398149707
132398160205
132398168689
132398181872
132398190478
132398200793
132398211901
132398221484
132398228747
132398240344
132398249438
132398261706
132398267016
132398281481
132398290881
132398299731
132398308947
132398317797
132398329272
132398338366
132398348925
132398357958
132398367297
132398376086
132398384447
132398396777
132398409045
132398418078
132398426317
132398437731
132398446459
132398457750
132398465502
132398476793
132398486132
132398494921
132398499926
132398515123
132398523058
132398534288
132398543138
132398552172
132398563158
132398574755
132398582384
132398593675
132398603014
132398611803
132398620287
132398631883
132398640733
132398652025
132398660753
132398669481
132398678270
132398689745
132398699083
132398710435
132398718553
132398729967
132398736864
132398748033
132398757249
132398768358
132398775926
132398787156
132398797593
132398805162
132398815049
132398826524
132398833238
132398844712
132398854112
132398865403
132398874681
132398883653
132398894700
132398902390
132398912400
132398923692
132398930467
132398941880
132398951157
132398962693
132398972520
132398982590
132398992478
132399000169
132399008774
132399020371
132399028977
132399040330
132399050156
132399057908
132399069321
132399079575
132399086350
132399097580
132399105698
132399117417
132399125534
132399136887
132399146897
132399154770
132399163498
132399174729
132399186081
132399196335
132399205612
132399213364
132399221909
132399233261
132399241623
132399253525
132399261581
132399274216
132399282150
132399293686
132399301010
132399311935
132399318893
132399329513
132399336838
132399349777
132399358627
132399369064
132399377975
132399387741
132399396225
132399405624
132399415390
132399422958
132399434799
132399444564
132399453537
132399460556
132399469589
132399478805
132399490829
132399498641
132399509872
132399519515
132399527511
132399537460
132399547469
132399555465
132399566878
132399578170
132399588241
132399596053
132399606490
132399616744
132399623031
132399634505
132399646712
132399657577
132399667403
132399675155
132399683577
132399695662
132399702254
132399716475
132399723128
132399734542
132399743880
132399754866
132399762984
132399773116
132399781294
132399791854
132399803450
132399813948
132399820723
132399830367
132399840010
132399849348
132399858260
132399865279
132399875899
132399886031
132399894942
132399901900
132399912703
132399923689
132399931013
132399942610
132399955427
132399965864
132399974592
132399983564
132399993086
132400002913
132400011213
132400020857
132400032148
132400042036
132400048384
132400057966
132400066694
132400073591
132400083540
132400095197
132400104536
132400111677
132400121381
132400130964
132400140241
132400149397
132400159956
132400169599
132400177473
132400189435
132400194257
132400208051
132400217451
132400227399
132400232953
132400248395
132400256879
132400266584
132400274030
132400286237
132400293927
132400312238
132400333783
132400345563
132400360089
132400369672
132400388104
132400402204
