136632900768
136632908275
136632918102
136632926708
136632935130
136632942271
136632951000
136632960033
136632968456
136632976085
136632983409
136632991954
136633000804
136633009044
136633014842
136633022838
136633030772
136633038585
136633047984
136633058238
136633065501
136633071971
136633081431
136633090220
136633098155
136633106456
136633114756
136633123545
136633133860
136633140574
136633151377
136633158030
136633166514
136633175975
136633186106
136633193858
136633203806
136633213267
136633219981
136633228831
136633238841
136633247446
136633254099
136633264475
136633271250
136633281931
136633291209
136633299815
136633307322
136633316965
136633326121
136633334727
136633343882
136633352488
136633359995
136633368662
136633377756
136633386545
136633394480
136633403147
136633414072
136633422800
136633429636
136633438364
136633446726
136633457590
136633464548
136633473032
136633482797
136633491281
136633499704
136633508310
136633516062
136633524667
136633532480
136633543344
136633550729
136633559152
136633569406
136633577158
136633589670
136633598520
136633603952
136633614450
136633622873
136633632211
136633640634
136633649179
136633658578
136633668100
136633676584
136633685251
136633693979
136633703622
136633713021
136633722177
136633731698
136633741647
136633751107
136633758126
136633767587
136633778634
136633785592
136633797189
136633806405
136633815011
136633824532
136633833627
136633842965
136633851998
136633862252
136633871224
136633881966
136633890145
136633901375
136633912118
136633918343
136633930306
136633939644
136633948922
136633958626
136633970406
136633979622
136633988961
136633998665
136634007943
136634015877
136634028694
136634035652
136634047249
136634056221
136634066170
136634074532
136634084847
136634095406
136634105599
136634113655
136634124275
136634133492
136634143623
136634153572
136634163826
136634172249
136634181526
136634192085
136634201607
136634209236
136634218941
136634226509
136634236275
136634248237
136634257759
136634262947
136634273933
136634282173
136634292183
136634303596
136634312873
136634319954
136634329780
136634341804
136634355049
136634364631
136634374946
136634382697
136634392280
136634403388
136634412849
136634423103
136634431953
136634441291
136634450690
136634459602
136634469672
136634479072
136634490913
136634501716
136634511359
136634520331
136634530646
136634539496
136634549079
136634558173
136634567756
136634576911
136634587409
136634598273
136634608283
136634616950
136634626410
136634634528
136634643866
136634655097
136634665534
136634673468
136634682929
136634693060
136634702399
136634709723
136634719306
136634730231
136634739996
136634748846
136634758429
136634766852
136634776312
136634786139
136634795477
136634802985
136634811774
136634823065
136634832586
136634839972
136634851324
136634858893
136634870184
136634880987
136634892218
136634900457
136634911627
136634920782
136634928961
136634938665
136634946722
136634956060
136634967291
136634978155
136634986761
136634996221
136635006414
136635015447
136635027166
136635037664
136635046575
136635057684
136635066473
136635076421
136635085332
136635095525
136635104925
136635115301
136635124700
136635133306
136635145025
136635153570
136635165349
136635175542
136635183049
136635191961
136635201116
136635211492
136635220708
136635232366
136635240972
136635252873
136635260320
136635269231
136635277837
136635288762
136635297246
136635305669
136635316716
136635325810
136635334477
136635342107
136635354131
136635363347
136635371709
136635379704
136635389348
136635399846
136635408391
136635416814
136635426152
136635434331
136635446049
136635454167
136635463749
136635474064
136635486760
136635495121
136635504033
136635512211
136635521733
136635530339
136635542240
136635549748
136635559391
136635567021
136635578861
136635586918
136635599003
136635607975
136635616459
136635624577
136635636112
136635644718
136635655766
136635663456
136635675297
136635685062
136635694462
136635704594
136635716739
136635724674
136635735050
136635743656
136635752323
136635759891
136635771732
136635780338
136635788822
136635799869
136635808597
136635816532
136635828678
136635837650
136635847354
136635859073
136635867618
136635877445
136635886356
136635896365
136635904971
136635914615
136635925479
136635936038
136635943668
136635955447
136635963443
136635973270
136635982120
136635991092
136636002627
136636012881
136636021976
136636032046
136636043338
136636052310
136636061160
136636070376
136636079593
136636087954
136636100955
136636109011
136636119448
136636128665
136636138430
136636148013
136636160525
136636167361
136636178958
136636187136
136636196597
136636205813
136636215212
136636224307
136636233523
136636242678
136636254275
136636263979
136636273012
136636281252
136636290713
136636299563
136636309023
136636318423
136636328127
136636336794
136636348635
136636355837
136636367678
136636374453
136636386354
136636393862
136636403688
136636412111
136636424196
136636432375
136636441652
136636451845
136636461794
136636469789
136636480226
136636489382
136636498842
136636508608
136636518984
136636530580
136636544923
136636556886
136636570741
136636582765
136636593935
136636609193
136636618226
136636638185
136636647157
136636661073
136636673097
136636685182
136636699037
136636709657
136636723329
136636738954
136636748841
136636762635
136636775697
136636786134
136636799317
136636810059
136636826112
136636834779
136636850831
136636863892
136636873963
136636882569
136636893555
136636901307
136636910889
136636918824
136636925965
136636936036
136636942933
136636951294
136636962037
136636970826
136636977723
136636988770
136636996643
136637005432
136637015320
136637024292
136637032715
136637041565
136637050415
136637058960
136637066223
136637076843
136637084107
136637092651
136637102173
136637110901
136637120239
136637128906
136637138794
136637146790
136637155457
136637164917
136637175781
136637183350
136637193359
136637201599
136637209595
136637218994
136637228882
136637234802
136637245788
136637253662
136637261474
136637270446
136637280212
136637290405
136637298706
136637309326
136637316223
136637324829
136637334289
136637343017
136637350463
136637362487
136637371215
136637383117
136637391174
136637398620
136637409728
136637419006
136637426879
136637438232
136637446593
136637453857
136637463561
136637472045
136637478942
136637492187
136637501098
136637510985
136637521667
136637529845
136637537658
136637546813
136637557433
136637566832
136637576293
136637585570
136637594481
136637603942
136637612670
136637624327
136637630675
136637642394
136637651427
136637661925
136637670714
136637679564
136637688780
136637699767
136637707091
136637718260
136637727354
136637738585
136637748106
136637758055
136637766661
136637775511
136637784849
136637794127
136637803648
136637814940
136637824400
136637835142
136637842344
136637853941
136637861876
136637871153
136637883116
136637891844
136637902281
136637911253
136637921263
136637930357
136637940184
136637949766
136637959287
136637971189
136637978330
136637990049
136637997251
136638008970
136638017881
136638028440
136638036069
136638046995
136638057859
136638065305
136638073301
136638084165
136638093320
136638104246
136638112607
136638121518
136638131101
136638139768
136638150571
136638158933
136638168210
136638179380
136638188047
136638196775
136638207151
136638216062
136638225400
136638236325
136638246091
136638254880
136638264096
136638272580
136638282041
136638293027
136638301877
136638310727
136638319821
136638330930
136638340024
136638348752
136638358823
136638367551
136638376584
136638387448
136638396969
136638405758
136638416440
136638425229
136638434384
136638443173
136638450680
136638462521
136638471554
136638480038
136638491696
136638501278
136638510617
136638519955
136638529354
136638542050
136638551449
136638560421
136638568173
136638580013
136638586605
136638598568
136638606197
136638615719
136638626339
136638636166
136638644283
136638653866
136638662594
136638674557
136638682918
136638692562
136638701534
136638711117
136638719356
136638731380
136638739681
136638749141
136638757503
136638766903
136638777645
136638787227
136638796505
136638806270
136638813900
136638823360
136638833431
136638843135
136638852657
136638859920
136638870540
136638880245
136638888912
136638898616
136638907405
136638917110
136638927852
136638937740
136638945369
136638954890
136638966121
136638973140
136638984187
136638993892
136639001887
136639013972
136639022212
136639031794
136639041865
136639051448
136639059687
136639069026
136639079524
136639086909
136639096980
136639106257
136639116572
136639126216
136639134211
136639143855
136639153803
136639163264
136639170710
136639182185
136639189875
136639198908
136639207453
136639217890
136639226801
136639237238
136639246699
136639254816
136639266657
136639274958
136639283869
136639295893
136639305109
136639313105
136639325434
136639331659
136639343561
136639352655
136639361567
136639372187
136639380915
136639392633
136639401545
136639411615
136639420832
136639431879
136639441095
136639451349
136639460809
136639471246
136639480402
136639488458
136639498773
136639509821
136639520013
136639528558
136639538934
136639544550
136639558710
136639570123
136639577875
136639588983
136639599176
136639604669
136639617425
136639625543
136639635248
136639644769
136639655877
136639665277
136639674005
136639684137
136639693780
136639703912
136639716973
136639726434
136639735345
136639745599
136639755853
136639766229
136639775567
136639785760
136639791497
136639805230
136639815606
136639825555
136639834527
136639844842
136639855645
136639865960
136639876092
136639888482
136639896294
136639905755
136639915947
136639925530
136639935051
136639944695
136639953118
136639965874
136639973442
136639983513
136639993523
136640003044
136640012017
136640023125
136640032952
136640043999
136640052300
136640063774
136640073418
136640080986
136640090141
136640098808
136640111015
136640118462
136640130119
136640137566
136640146782
136640155388
136640165520
136640174248
136640186821
136640195305
136640204887
136640216728
136640226677
136640234306
136640246574
136640257438
136640267387
136640279289
136640289604
136640294975
136640307121
136640315483
136640328178
136640333793
136640350822
136640360160
136640370109
136640375419
136640389030
136640398246
136640407462
136640417472
136640428153
136640437186
136640446891
136640455619
136640465018
136640473014
136640484550
136640492362
136640506034
136640512992
136640521964
136640530021
136640538627
136640545340
136640556510
136640563590
136640577323
136640587760
136640596915
136640601493
136640612784
136640620597
136640636588
136640649466
136640664053
136640676627
136640688101
136640703665
136640715445
136640730276
136640739371
136640754629
136640769644
136640780813
136640790823
136640806631
136640817129
136640833609
136640845022
136640854605
136640865103
136640872122
136640883108
136640890005
136640897634
136640911856
136640919119
136640928762
136640936514
136640945181
136640953970
136640960012
136640969534
136640978811
136640986257
136640995535
136641004385
136641011770
136641018362
136641029958
136641037893
136641045583
136641055715
136641063283
136641069875
136641079641
136641090261
136641097463
136641107290
136641113271
136641124196
136641131887
136641142385
136641152822
136641161428
136641172414
136641181081
136641189687
136641200551
136641209157
136641218190
136641230763
136641238393
136641246877
136641258656
136641268910
136641277577
136641289235
136641298146
136641309316
136641319020
136641329518
136641335255
136641349354
136641358082
136641367970
136641377064
136641389943
136641398793
136641407521
136641416554
136641427479
136641435170
136641444203
136641457325
136641466420
136641476796
136641486073
136641494191
136641507130
136641516590
136641525807
136641533375
136641543263
136641552479
136641561390
136641568775
136641577686
136641588123
136641596851
136641604298
136641616749
136641624195
136641632801
136641642567
136641650806
136641660023
136641671009
136641681568
136641692737
136641700062
136641711597
136641719227
136641730518
136641740040
136641749500
136641759510
136641771839
136641781543
136641789112
136641798206
136641808948
136641817981
136641826587
136641838550
136641845935
136641858447
136641867297
136641877246
136641884692
136641895129
136641904529
136641914783
136641922473
136641932666
136641941455
136641949939
136641959766
136641968249
136641978076
136641987170
136641996936
136642005847
136642014636
136642024035
136642031543
136642042529
136642052234
136642061145
136642069323
136642080249
136642086474
136642097521
136642105761
136642113635
136642121081
136642132861
136642141162
136642149035
136642158923
136642166918
136642173815
136642185229
136642194079
136642202441
136642210680
136642221545
136642229235
136642237048
136642245043
136642255907
136642265917
136642274279
136642282335
136642292406
136642300524
136642308397
136642317492
136642327746
136642335436
136642343798
136642353136
136642361742
136642371202
136642379503
136642391100
136642400194
136642413683
136642422533
136642431261
136642439806
136642446886
136642455065
136642467638
136642475816
136642485826
136642495714
136642502672
136642510179
136642521654
136642531724
136642541307
136642549180
136642561143
136642571153
136642582017
136642591539
136642601976
136642612108
136642622361
136642634263
136642644212
136642654161
136642661912
136642672654
136642682847
136642692063
136642702317
136642710557
136642721665
136642731492
136642740891
136642750413
136642759751
136642769029
136642775987
136642787034
136642796555
136642806077
136642815781
136642825852
136642835862
136642841416
136642854355
136642864792
136642874314
136642883774
136642893418
136642902268
136642911667
136642922959
136642931382
136642941269
136642950180
136642960007
136642968125
136642976364
136642987595
136642993454
136643004563
136643014267
136643022202
136643031174
136643041855
136643050827
136643059433
136643070786
136643078476
136643090988
136643100937
136643110580
136643120651
136643130722
136643140671
136643149887
136643157944
136643168991
136643177231
136643187485
136643194748
136643205673
136643214706
136643223068
136643232284
136643243209
136643250351
136643260849
136643271225
136643276840
136643284957
136643294784
136643305648
136643313095
136643323837
136643330734
136643340988
136643350570
136643359115
136643369369
136643379318
136643387862
136643396590
136643404525
136643413070
136643420943
136643429793
136643439559
136643449508
136643459151
136643468001
136643475875
136643486556
136643493636
136643503585
136643513900
136643523055
136643532943
136643540877
136643548995
136643559859
136643566695
136643577681
136643584334
136643596541
136643604537
136643614730
136643621749
136643631880
136643640486
136643648482
136643656539
136643667342
136643674544
136643685042
136643692244
136643702559
136643711104
136643719344
136643729842
136643738814
136643747908
136643758528
136643766096
136643777083
136643785566
136643794294
136643801802
136643811812
136643820784
136643830183
136643838972
136643850813
136643858198
136643869123
136643876997
136643887190
136643894697
136643905195
136643912824
136643923567
136643932783
136643941084
136643954511
136643959882
136643972212
136643979536
136643988630
136644000105
136644005659
136644013593
136644027204
136644037519
136644046186
136644054304
136644063276
136644071210
136644079938
136644089460
136644099347
136644109479
136644118329
136644126142
136644134931
136644143415
136644151960
136644160016
136644169965
136644180890
136644188275
136644199079
136644208539
136644219098
136644226666
136644234784
136644248578
136644257733
136644267499
136644277692
136644287824
136644296246
136644305829
136644314008
136644323773
136644331280
136644343976
136644349286
136644362347
136644369671
136644381268
136644388897
136644397687
136644410809
136644421490
136644430340
136644440533
136644448407
136644457745
136644469586
136644478680
136644492596
136644501568
136644517559
136644526226
136644543804
136644556866
136644571941
136644584454
136644591106
136644612102
136644623333
136644638348
136644649151
136644664532
136644675884
136644688762
136644701580
136644714946
136644726970
136644734966
136644743572
136644754314
136644762859
136644771892
136644779705
136644790386
136644798259
136644808391
136644816142
136644823406
136644833293
136644843974
136644850505
136644858379
136644869487
136644877605
136644885295
136644896587
136644905864
136644914226
136644922343
136644932658
136644941447
136644949626
136644961467
136644968547
136644977397
136644985576
136644997416
136645007792
136645017070
136645026347
136645036113
136645044780
136645054057
136645061564
136645074198
136645084819
136645093974
136645102397
136645112345
136645122050
136645131388
136645140177
136645151835
136645159159
136645170634
136645180521
136645188700
136645196329
136645207438
136645215372
136645225870
136645235758
136645244120
136645253092
136645265116
136645274393
136645281778
136645290995
136645299601
136645309000
136645317484
136645330118
136645340738
136645351114
136645359171
136645370340
136645377909
136645389627
136645397684
136645408182
136645421427
136645431070
136645438333
136645447000
136645457498
136645466287
136645476175
136645485452
136645493509
136645505289
136645513650
136645522989
136645531717
136645543313
136645554849
136645563394
136645571634
136645582681
136645591226
136645602151
136645609842
136645620523
136645628823
136645640725
136645650125
136645657510
136645668618
136645675943
136645687600
136645695046
136645705056
136645713540
136645725686
136645733499
136645744668
136645752175
136645761392
136645770669
136645782204
136645790322
136645802285
136645812600
136645822488
136645830544
136645841775
136645849404
136645861550
136645873269
136645883462
136645893837
136645903908
136645911599
136645923317
136645932228
136645941750
136645952187
136645961586
136645970925
136645980446
136645989784
136646000099
136646010170
136646020485
136646030007
136646039162
136646049477
136646059486
136646069191
136646079079
136646088356
136646100624
136646107765
136646117348
136646126076
136646137855
136646144325
136646156044
136646163734
136646175453
136646184486
136646193153
136646201088
136646212867
136646222572
136646231605
136646241920
136646253089
136646262245
136646270668
136646280189
136646291786
136646299964
136646310523
136646321143
136646328651
136646341102
136646348243
136646357642
136646368995
136646378638
136646387977
136646397681
136646407569
136646416785
136646425269
136646433997
136646442542
136646453712
136646460670
136646472632
136646480567
136646490088
136646498877
136646510352
136646520240
136646528724
136646539710
136646548316
136646556800
136646567908
136646575659
136646586646
136646596411
136646605139
136646615882
136646628394
136646638037
136646646948
136646656531
136646664526
136646676611
136646684790
136646694922
136646704260
136646714087
136646726233
136646734717
136646743017
136646752905
136646761328
136646772925
136646781469
136646790136
136646801184
136646810461
136646818823
136646827673
136646838903
136646847876
136646856787
136646864660
136646876684
136646886389
136646895605
136646903051
136646916052
136646925512
136646935827
136646943945
136646954199
136646964452
136646974523
136646984533
136646993871
136647002721
136647012121
136647020299
136647030004
136647039159
136647048559
136647058996
136647068334
136647077123
136647087072
136647095617
136647105016
136647115270
136647124547
136647134557
136647140783
136647152562
136647162267
136647169713
136647178441
136647190160
136647199498
136647206822
136647216466
136647225194
136647235021
136647246068
136647254369
136647262853
136647271275
136647282445
136647290990
136647299779
136647311925
136647320653
136647329991
136647338719
136647347386
136647358250
136647365269
136647374974
136647385228
136647395909
136647403904
136647415562
136647423497
136647432774
136647441441
136647451207
136647461155
136647470616
136647479344
136647488682
136647498997
136647508335
136647516087
136647525669
136647533970
136647543675
136647552891
136647562351
136647572422
136647582249
136647592197
136647599338
136647610142
136647619846
136647628879
136647638645
136647645908
136647656345
136647663669
136647672947
136647681675
136647695285
136647703647
136647712925
136647720371
136647731723
136647739414
136647749546
136647758152
136647768405
136647777683
136647790500
136647798129
136647807590
136647818881
136647828281
136647835666
136647846774
136647854221
136647863620
136647872348
136647881808
136647892490
136647901096
136647912570
136647919711
136647930881
136647940097
136647949130
136647958529
136647967013
136647977633
136647986178
136647995822
136648004611
136648014621
136648023532
136648031771
136648041049
136648051059
136648060336
136648068453
136648077975
136648086215
136648098055
136648107272
136648116915
136648125643
136648135287
136648144381
136648153841
136648162936
136648172091
136648182345
136648192171
136648203463
136648212435
136648223849
136648232393
136648241427
136648252962
136648262179
136648271334
136648280733
136648291475
136648298922
136648309298
136648319918
136648326693
136648334932
136648346773
136648356234
136648363558
136648376253
136648385469
136648395357
136648405367
136648415376
136648420809
136648433870
136648442964
136648452730
136648460054
136648471895
136648480684
136648494112
136648508150
136648518831
136648530916
136648545259
136648562166
136648574373
136648586641
136648600862
136648615022
136648628144
136648640168
136648649690
136648659944
136648675935
136648687104
136648698213
136648711884
136648723176
136648731782
136648741181
136648748383
136648758515
136648767121
136648774934
136648783051
136648793244
136648801911
136648809907
136648817658
136648828156
136648835908
136648846222
136648854645
136648862580
136648873932
136648880829
136648889069
136648899567
136648908173
136648915009
136648924103
136648931794
136648942047
136648952912
136648961396
136648968170
136648979584
136648989594
136648998993
136649007111
136649015778
136649024628
136649033295
136649041168
136649049652
136649058197
136649066803
136649076447
136649085175
136649094208
136649103424
136649112213
136649122040
136649127228
136649140106
136649151153
136649161468
136649167022
136649178009
136649187469
136649198150
136649207489
136649221160
136649230316
136649242584
136649252471
136649261383
136649271697
136649279754
136649290313
136649301605
136649312835
136649322601
136649332000
136649342010
136649351348
136649362395
136649372100
136649383453
136649392058
136649403533
136649412688
136649421416
136649431243
136649446441
136649454070
136649465239
136649472869
136649481292
136649492827
136649501372
136649513152
136649519927
136649532622
136649542693
136649551970
136649561553
136649571929
136649580351
136649589385
136649598296
136649610381
136649620024
136649629118
136649639800
136649648955
136649659087
136649668425
136649678801
136649690581
136649696867
136649708586
136649717497
136649729338
136649738005
136649747160
136649756682
136649768217
136649777617
136649786772
136649797758
136649805937
136649815702
136649824247
136649834501
136649846464
136649854582
136649866667
136649875700
136649885099
136649893766
136649906095
136649914457
136649925504
136649934721
136649943327
136649952421
136649963529
136649972868
136649981412
136649991605
136650003019
136650012540
136650020109
136650029874
136650038785
136650052396
136650060453
136650072782
136650080961
136650094815
136650103727
136650113065
136650122037
136650131620
136650142301
136650151517
136650159818
136650169278
136650179471
136650188748
136650196683
136650205899
136650216458
136650226712
136650237088
136650246548
136650255948
136650265347
136650273343
136650284878
136650293118
136650305813
136650313931
136650325101
136650335293
136650343960
136650353482
136650361966
136650374356
136650382657
136650392971
136650402066
136650413052
136650422818
136650431362
136650444058
136650454495
136650462795
136650472256
136650476834
136650489773
136650494717
136650507717
136650514248
136650527371
136650535854
136650544827
136650553371
136650562038
136650569607
136650578762
136650587795
136650597439
136650605556
136650614345
136650624782
136650633510
136650643398
136650652309
136650661220
136650671474
136650679714
136650690822
136650700100
136650709316
136650718166
136650726284
136650738735
136650745632
136650754360
136650762294
136650772914
136650782802
136650790126
136650797634
136650807277
136650816005
136650825038
136650835170
136650844020
136650852382
136650861171
136650869350
136650879909
136650888820
136650897731
136650905055
136650913661
136650922511
136650932277
136650942775
136650952235
136650959620
136650970363
136650977809
136650990870
136650995997
136651006556
136651017726
136651028956
136651038417
136651048304
136651057276
136651066920
136651073878
136651081935
136651089808
136651101344
136651108363
136651120142
136651128321
136651137171
136651145472
136651154261
136651165491
136651175257
136651183924
136651192713
136651202173
136651210840
136651218958
136651227686
136651238917
136651247400
136651256617
136651264795
136651272913
136651281702
136651291468
136651299524
136651309656
136651320764
136651329004
136651337183
136651346155
136651354334
136651363489
136651371668
136651381616
136651392847
136651400781
136651408655
136651417566
136651425317
136651434229
136651444971
136651456506
136651464136
136651474939
136651485132
136651493555
136651502832
136651511987
136651521203
136651530176
136651538965
136651548852
136651558740
136651569970
136651577356
136651587182
136651597741
136651605371
136651614770
136651623864
136651633325
136651642358
136651652673
136651660729
136651672997
136651682702
136651692895
136651702233
136651711388
136651719933
136651729089
136651739709
136651750024
136651755212
136651768212
136651775658
136651787804
136651792626
136651804345
136651812035
136651827233
136651835656
136651844384
136651851952
136651860802
136651867577
136651879845
136651888878
136651900231
136651909874
136651917504
136651929589
136651939842
136651948021
136651958397
136651969628
136651978417
136651988060
136651995384
136652003624
136652016319
136652025475
136652034203
136652044334
136652051659
136652061729
136652070457
136652078392
136652087059
136652097496
136652105919
136652114830
136652124718
136652133201
136652142662
136652151024
136652162742
136652169273
136652180198
136652186729
136652199302
136652207481
136652216453
136652226707
136652239463
136652249534
136652256919
136652268333
136652276267
136652285179
136652294151
136652303916
136652315208
136652322349
136652333640
136652342979
136652352256
136652362876
136652370139
136652379417
136652389793
136652397605
136652405601
136652415854
136652427817
136652438987
136652453513
136652465659
136652478598
136652493247
136652506186
136652522483
136652532798
136652547385
136652561301
136652570212
136652586386
136652602255
136652613791
136652628439
136652639609
136652648398
136652656576
136652665427
136652675375
136652682455
136652691550
136652701376
136652710592
136652717184
136652728720
136652737021
136652749716
136652758871
136652768942
136652778097
136652785055
136652795492
136652802389
136652812948
136652822470
136652831137
136652839804
136652848410
136652858114
136652867758
136652878317
136652889120
136652898885
136652908346
136652917623
136652927145
136652935201
136652944723
136652955648
136652965108
136652976034
136652984701
136652994649
136653003499
136653012838
136653022909
136653032918
136653043233
136653052816
136653063253
136653073568
136653083638
136653091634
136653101827
136653112508
136653122823
136653133260
136653140523
136653151448
136653159017
136653170125
136653179646
136653191426
136653199300
136653204366
136653221150
136653229207
136653238667
136653247945
136653257527
136653267598
136653277363
136653286336
136653296223
136653304890
136653314046
136653323445
136653335164
136653345479
136653354084
136653362202
136653374104
136653383564
136653392170
136653402729
136653411396
136653421589
136653430256
136653438740
136653449848
136653458332
136653467060
136653477680
136653486286
136653494160
136653506123
136653515766
136653524433
136653533405
136653542194
136653553059
136653561787
136653570270
136653582661
136653591450
136653599872
136653609333
136653618000
136653626056
136653638080
136653647907
136653656696
136653667377
136653676105
136653683063
136653695087
136653704364
136653712787
136653720783
136653732685
136653741657
136653750507
136653758258
136653769733
136653779559
136653788410
136653796649
136653816669
136653827594
136653838397
136653849445
136653859027
136653866229
136653878253
136653884967
136653896686
136653904925
136653914386
136653923785
136653936053
136653944293
136653955279
136653963580
136653971942
136653980609
136653992511
136653999469
136654011248
136654020953
136654029681
136654038043
136654049090
136654057696
136654068499
136654077105
136654088274
136654096636
136654109515
136654118731
136654129107
136654138323
136654147845
136654159746
136654167010
136654178911
136654187029
136654196673
136654205828
136654214983
136654223528
136654235674
136654245257
136654253862
136654265215
136654273638
136654282183
136654293108
136654303118
136654311846
136654320696
136654331743
136654341753
136654349443
136654359819
136654370378
136654379839
136654390520
136654400041
136654408342
136654417802
136654428056
136654437700
136654447527
136654457597
136654466508
136654476091
136654484514
136654496171
136654503618
136654515581
136654524003
136654536210
136654543168
136654555497
136654564592
136654573137
136654582292
136654591081
136654601579
136654610246
136654618974
136654631303
136654640092
136654648881
136654659623
136654668290
136654677445
136654685990
136654694596
136654706376
136654714799
136654725724
136654734147
136654745133
136654755692
136654765763
136654775345
136654783036
136654792191
136654803422
136654813126
136654820939
136654831803
136654842728
136654852005
136654861222
136654870804
136654881119
136654891434
136654900223
136654912796
136654918228
136654931778
136654940079
136654949478
136654959732
136654969376
136654979202
136654989151
136654998612
136655008926
136655017105
136655026688
136655034317
136655044876
136655056290
136655065933
136655075027
136655084671
136655092911
136655102249
136655113052
136655122696
136655131485
136655141189
136655148452
136655159256
136655170791
136655180496
136655188736
136655198196
136655208206
136655217788
136655228530
136655238662
136655246414
136655255874
136655266128
136655275588
136655283035
136655292495
136655300002
136655312026
136655320083
136655329787
136655337539
136655349502
136655359634
136655369704
136655380324
136655389663
136655400161
136655409926
136655417922
136655427504
136655437331
136655449111
136655456618
136655469008
136655478835
136655488845
136655497817
136655507338
136655516982
136655527053
136655538588
136655547621
136655554579
136655566359
136655574233
136655583876
136655593642
136655604201
136655613844
136655624403
136655636061
136655646132
136655655104
136655665419
136655674757
136655685683
136655696547
136655707045
136655717360
136655727614
136655736525
136655746656
136655755873
136655766310
136655777967
136655784254
136655797804
136655804090
136655813307
136655824476
136655836622
136655845655
136655853346
136655866407
136655875746
136655885999
136655894910
136655905103
136655914564
136655924879
136655936903
136655944654
136655955518
136655965894
136655977430
136655987623
136655997693
136656008802
136656019849
136656030103
136656039747
136656050061
136656058057
136656068006
136656076062
136656088086
136656099744
136656109998
136656118115
136656128491
136656136609
136656149549
136656160718
136656170239
136656179822
136656189282
136656198804
136656209302
136656218518
136656228894
136656240552
136656250745
136656260388
136656270886
136656279431
136656289563
136656299695
136656310559
136656318676
136656328564
136656339978
136656349743
136656359448
136656369091
136656378003
136656387646
136656396557
136656408520
136656417004
136656426464
136656438610
136656451245
136656464855
136656476086
136656487438
136656503857
136656518322
