146988056693
146988066336
146988075613
146988083670
146988090811
146988102164
146988109671
146988117789
146988127127
146988135184
146988144339
146988152029
146988158926
146988168875
146988177786
146988185049
146988192862
146988202017
146988209097
146988216238
146988225637
146988236563
146988244558
146988251455
146988259451
146988268057
146988278433
146988285879
146988294546
146988304312
146988312978
146988321645
146988330801
146988339895
146988351980
146988361684
146988370229
146988377920
146988387502
146988395925
146988407339
146988417104
146988427175
146988436208
146988444265
146988452016
146988462209
146988471181
146988479116
146988490102
146988497121
146988507192
146988516957
146988525563
146988535329
146988544057
146988553151
146988563893
146988571584
146988580312
146988588063
146988598988
146988605580
146988616567
146988625600
146988633473
146988641530
146988652638
146988660573
146988668385
146988677968
146988685963
146988695851
146988705983
146988713856
146988724293
146988732106
146988743153
146988752919
146988761036
146988770802
146988780140
146988791493
146988800282
146988809498
146988818043
146988828602
146988839955
146988848866
146988857655
146988868275
146988877491
146988887501
146988896900
146988908253
146988917774
146988926807
146988937183
146988945362
146988958607
146988967640
146988977894
146988986866
146988997364
146989007801
146989017505
146989027210
146989036793
146989045032
146989054676
146989064075
146989076099
146989086841
146989094654
146989104358
146989113269
146989122181
146989134632
146989145069
146989153614
146989163135
146989174365
146989182056
146989193225
146989200610
146989211780
146989220996
146989229724
146989241077
146989249377
146989259753
146989271167
146989277270
146989288379
146989297839
146989306750
146989317309
146989326098
146989335193
146989345324
146989353930
146989362597
146989373462
146989386828
146989397509
146989408252
146989417956
146989426501
146989435961
146989446459
146989456042
146989464282
146989473864
146989484484
146989494067
146989502306
146989511889
146989521899
146989531481
146989540148
146989552172
146989560534
146989570544
146989578295
146989587755
146989597887
146989607653
146989617968
146989627428
146989636461
146989650499
146989660509
146989672533
146989681994
146989690905
146989701036
146989709642
146989720446
146989729174
146989738268
146989749681
146989758776
146989767320
146989777880
146989789720
146989799303
146989806810
146989815904
146989824571
146989834947
146989847581
146989857408
146989865892
146989875474
146989886278
146989895616
146989903795
146989913194
146989924547
146989934312
146989942491
146989951707
146989959337
146989971544
146989981614
146989991136
146990002366
146990011766
146990021287
146990030625
146990038499
146990048692
146990059922
146990069444
146990077317
146990089585
146990096482
146990105515
146990114060
146990122910
146990132859
146990141709
146990150803
146990160142
146990168870
146990177903
146990184983
146990195969
146990204209
146990213181
146990226121
146990234665
146990242356
146990251206
146990258835
146990269761
146990277390
146990286850
146990294480
146990305771
146990312851
146990323654
146990332077
146990339951
146990348618
146990357102
146990368393
146990376816
146990387070
146990395004
146990403732
146990411606
146990419418
146990430222
146990439926
146990451462
146990459396
146990467392
146990477035
146990485214
146990496994
146990504196
146990515243
146990523422
146990532211
146990542099
146990550766
146990559128
146990567978
146990575302
146990587936
146990596054
146990604904
146990613632
146990622482
146990632247
146990637741
146990645675
146990658737
146990666976
146990675765
146990682540
146990692611
146990699630
146990710189
146990721786
146990731551
146990740279
146990749252
146990758285
146990767257
146990774886
146990783797
146990793441
146990802779
146990813521
146990822921
146990831649
146990840438
146990850570
146990858626
146990868636
146990878951
146990887130
146990894942
146990904097
146990912520
146990922957
146990931319
146990943953
146990954146
146990963240
146990971297
146990980086
146990990096
146990996016
146991004805
146991020735
146991027815
146991038985
146991046431
146991055098
146991064497
146991073592
146991083418
146991095442
146991103255
146991111494
146991121504
146991129622
146991138594
146991146711
146991156965
146991165876
146991176985
146991186262
146991199079
146991209578
146991219343
146991228865
146991238447
146991248030
146991257246
146991265302
146991274641
146991283918
146991293379
146991303022
146991312605
146991323957
146991330976
146991341535
146991350446
146991358320
146991367292
146991377180
146991387006
146991395368
146991404767
146991414777
146991423566
146991430829
146991440229
146991449628
146991459089
146991468915
146991477765
146991487104
146991495832
146991503217
146991512555
146991521955
146991531476
146991542584
146991552106
146991560346
146991572675
146991579938
146991591535
146991599347
146991609784
146991616864
146991627179
146991636456
146991644391
146991654095
146991669659
146991679913
146991691083
146991704266
146991721661
146991733746
146991744977
146991757550
146991771161
146991782635
146991793866
146991807843
146991816693
146991830426
146991841778
146991863262
146991873394
146991891033
146991902081
146991912762
146991922833
146991933575
146991944988
146991957867
146991969524
146991979412
146991990887
146992000774
146992010601
146992023784
146992035686
146992043926
146992056499
146992067424
146992077312
146992088909
146992098491
146992108562
146992120708
146992131206
146992140483
146992152934
146992162822
146992171855
146992185771
146992195659
146992205425
146992216411
146992228923
146992238933
146992251567
146992260905
146992274760
146992285319
146992295451
146992308330
146992318706
146992332072
146992344218
146992357158
146992367472
146992378276
146992390788
146992404826
146992416911
146992429789
146992441996
146992454203
146992466593
146992479289
146992490885
146992502543
146992514140
146992525248
146992539896
146992550394
146992561930
146992575968
146992586649
146992596720
146992611674
146992624308
146992635355
146992646341
146992660013
146992669535
146992683512
146992691202
146992706217
146992716715
146992730692
146992741251
146992751871
146992763040
146992776712
146992787332
146992801065
146992814371
146992823648
146992840066
146992851114
146992863260
146992874979
146992889200
146992900857
146992913553
146992929117
146992939554
146992952127
146992967569
146992976785
146992985940
146992994912
146993006082
146993015054
146993022988
146993030557
146993040078
146993049111
146993058755
146993066750
146993076699
146993085549
146993093423
146993102395
146993113015
146993121682
146993128579
146993141152
146993149026
146993156960
146993166177
146993174294
146993182351
146993190957
146993200173
146993211831
146993218972
146993230629
146993240883
146993249428
146993259011
146993269936
146993278115
146993286660
146993295632
146993306618
146993316384
146993325051
146993334023
146993345925
146993356178
146993363808
146993374672
146993382301
146993391884
146993402870
146993412453
146993422524
146993432289
146993442360
146993451942
146993461708
146993471290
146993482765
146993491676
146993504066
146993512672
146993520790
146993532692
146993541725
146993550453
146993560646
146993569252
146993580299
146993588966
146993598854
146993610511
146993620033
146993627540
146993636634
146993648658
146993658912
146993669654
146993679298
146993688697
146993698158
146993709022
146993718543
146993728614
146993738074
146993745643
146993757545
146993766700
146993776282
146993785682
146993795386
146993804725
146993816993
146993826270
146993834937
146993844092
146993856604
146993863379
146993875586
146993886023
146993895484
146993905371
146993917517
146993926306
146993935340
146993945227
146993953223
146993962195
146993972327
146993980689
146993988928
146993998328
146994006689
146994018286
146994025549
146994036841
146994044043
146994055640
146994064795
146994076269
146994084265
146994092871
146994101355
146994113073
146994120398
146994129065
146994139563
146994147619
146994156836
146994164587
146994173681
146994183752
146994191503
146994199560
146994209814
146994217932
146994225256
146994236364
146994246496
146994254553
146994263036
146994271093
146994281347
146994289282
146994296301
146994307531
146994315099
146994326330
146994335302
146994343481
146994352270
146994360326
146994367956
146994377050
146994389074
146994398473
146994407506
146994417638
146994428136
146994437841
146994445897
146994457860
146994468297
146994476415
146994487035
146994494359
146994505162
146994512792
146994524571
146994532201
146994544652
146994556676
146994566197
146994574803
146994584569
146994595372
146994604894
146994613805
146994623448
146994634862
146994643590
146994653416
146994662205
146994671971
146994683323
146994694981
146994703892
146994713597
146994724705
146994735020
146994744542
146994754795
146994763279
146994773716
146994784703
146994794773
146994803807
146994813511
146994824497
146994833531
146994842381
146994851353
146994859654
146994868443
146994877842
146994886631
146994896458
146994905369
146994915073
146994930332
146994946567
146994957310
146994968296
146994977695
146994988682
146994998264
146995008823
146995019260
146995026828
146995036228
146995044529
146995053562
146995063388
146995071628
146995081150
146995092502
146995102268
146995111728
146995121372
146995130954
146995140781
146995150791
146995160617
146995170322
146995179782
146995187351
146995196689
146995207553
146995216953
146995226779
146995236117
146995246188
146995255954
146995265536
146995274936
146995284213
146995294101
146995299106
146995311374
146995322482
146995332187
146995341403
146995350985
146995359591
146995369235
146995380770
146995390353
146995395358
146995407015
146995414706
146995426974
146995434298
146995445284
146995452731
146995464144
146995475802
146995485445
146995495211
146995504916
146995513705
146995523104
146995533297
146995543001
146995552218
146995561678
146995572115
146995582369
146995591280
146995601961
146995610384
146995620272
146995629244
146995644259
146995653658
146995663118
146995672884
146995685457
146995694246
146995707186
146995716463
146995727144
146995738008
146995748262
146995757234
146995768038
146995777986
146995786409
146995796053
146995805696
146995815462
146995824739
146995834322
146995845125
146995852327
146995859895
146995871797
146995882295
146995892732
146995903901
146995914338
146995920015
146995934907
146995942781
146995954927
146995965303
146995975618
146995985505
146995995942
146996008027
146996018586
146996028474
146996038667
146996048676
146996058259
146996063325
146996077729
146996089448
146996098359
146996105561
146996117951
146996128083
146996138337
146996147004
146996157441
146996167939
146996178925
146996191559
146996199555
146996211152
146996221711
146996227326
146996240448
146996251007
146996260651
146996269745
146996279572
146996291413
146996298004
146996311249
146996322113
146996331635
146996342377
146996353546
146996360077
146996372223
146996381683
146996391510
146996402191
146996413971
146996423309
146996432159
146996442474
146996451568
146996462189
146996470306
146996479461
146996490814
146996499115
146996507782
146996517181
146996528595
146996537506
146996549530
146996558319
146996568756
146996577179
146996585357
146996595550
146996604339
146996616607
146996627410
146996636627
146996646758
146996656341
146996666473
146996676666
146996687347
146996696929
146996706512
146996716277
146996727508
146996735503
146996746917
146996757537
146996766631
146996783111
146996794036
146996810088
146996824859
146996838652
146996853484
146996869719
146996880828
146996889983
146996907744
146996920073
146996932280
146996944792
146996959685
146996968413
146996983550
146996994902
146997009245
146997020415
146997031218
146997043669
146997058012
146997067534
146997081877
146997092558
146997103666
146997116423
146997131987
146997139494
146997153776
146997164640
146997175505
146997187712
146997202116
146997213957
146997228971
146997241178
146997250578
146997262174
146997276395
146997288541
146997298124
146997312894
146997322477
146997336820
146997346525
146997357877
146997373136
146997385038
146997394986
146997407499
146997418729
146997430387
146997445462
146997457608
146997467313
146997478910
146997489957
146997501920
146997516202
146997529996
146997539761
146997550687
146997564603
146997575589
146997589993
146997600980
146997612088
146997622891
146997637112
146997648770
146997659695
146997671780
146997687710
146997700039
146997713650
146997725491
146997738064
146997750088
146997762600
146997775112
146997786404
146997798428
146997810269
146997822476
146997836025
146997848354
146997859463
146997871365
146997884121
146997896389
146997909939
146997924038
146997934048
146997948330
146997958706
146997974758
146997989101
146997995876
146998015163
146998024929
146998034450
146998044277
146998054164
146998062831
146998073024
146998082973
146998092617
146998101711
146998111476
146998121181
146998130397
146998140163
146998148219
146998159267
146998167812
146998179042
146998187709
146998197963
146998206874
146998219875
146998227748
146998235622
146998242030
146998253017
146998262172
146998271022
146998281093
146998290736
146998298488
146998307460
146998317469
146998326320
146998334376
146998343104
146998353724
146998363368
146998371608
146998380458
146998388026
146998396815
146998406642
146998415614
146998424647
146998434351
146998444788
146998453883
146998461939
146998471949
146998482264
146998491358
146998499232
146998508692
146998517969
146998526636
146998535181
146998546046
146998553431
146998562037
146998572718
146998580469
146998590479
146998600611
146998608423
146998616358
146998628809
146998641932
146998648828
146998660181
146998669580
146998676905
146998688928
146998699060
146998707483
146998718591
146998727564
146998737085
146998745935
146998755212
146998766321
146998774744
146998786768
146998793237
146998804346
146998814355
146998825403
146998834070
146998844018
146998854333
146998864038
146998874292
146998884118
146998894922
146998902063
146998911706
146998921594
146998930688
146998940149
146998952356
146998960107
146998968774
146998976953
146998988061
146998994042
146999005639
146999016198
146999024560
146999034326
146999046960
146999056237
146999065942
146999074914
146999085107
146999094689
146999104699
146999113427
146999121606
146999130273
146999139428
146999148095
146999156151
146999167992
146999175194
146999184105
146999192894
146999201745
146999211693
146999220665
146999229393
146999238915
146999247155
146999257958
146999264366
146999275536
146999283165
146999291954
146999303917
146999312401
146999320763
146999331017
146999336937
146999347801
146999356712
146999364952
146999375511
146999386375
146999394493
146999402733
146999413963
146999422020
146999430504
146999442772
146999454002
146999461815
146999470787
146999480736
146999489586
146999500206
146999510338
146999518882
146999529625
146999540123
146999548851
146999556236
146999564964
146999574913
146999583824
146999594322
146999603599
146999612327
146999621116
146999629295
146999638206
146999647239
146999656028
146999664756
146999674094
146999684470
146999693992
146999702598
146999711326
146999719260
146999727988
146999740562
146999748984
146999758628
146999766807
146999773459
146999784263
146999791282
146999800071
146999811545
146999823142
146999832297
146999840964
146999850180
146999861533
146999870688
146999879843
146999890158
146999899619
146999911398
146999920249
146999927146
146999939536
146999949606
146999958334
146999969077
146999980124
146999991354
147000003500
147000012289
147000020468
147000032736
147000042380
147000053244
147000065207
147000075888
147000085714
147000095480
147000104940
147000116537
147000126425
147000135336
147000144735
147000156332
147000165243
147000174032
147000183798
147000192648
147000204000
147000212850
147000225607
147000233175
147000242452
147000251486
147000261373
147000272665
147000281393
147000290121
147000299459
147000310934
147000318380
147000329732
147000338888
147000351339
147000361287
147000369161
147000379476
147000388326
147000397970
147000406575
147000417073
147000425924
147000436483
147000445272
147000455159
147000466390
147000475179
147000484090
147000493917
147000505269
147000515035
147000523641
147000533223
147000542195
147000552022
147000563313
147000569783
147000582356
147000591267
147000600178
147000608540
147000620930
147000630147
147000638753
147000646748
147000659138
147000668782
147000677449
147000687397
147000696309
147000706196
147000715290
147000724202
147000736470
147000746907
147000755635
147000764363
147000775654
147000784138
147000792927
147000803120
147000814289
147000824787
147000833820
147000841877
147000854145
147000864338
147000874226
147000884968
147000894062
147000904926
147000914143
147000925007
147000933857
147000943073
147000955585
147000965046
147000975055
147000984272
147000997760
147001004596
147001017902
147001025104
147001038288
147001045612
147001058979
147001066791
147001076862
147001088092
147001097614
147001107196
147001116962
147001125324
147001135089
147001145526
147001155353
147001163409
147001173419
147001184467
147001193866
147001202228
147001211871
147001222735
147001232440
147001242023
147001251849
147001260272
147001269732
147001280475
147001290179
147001299640
147001309771
147001319537
147001330157
147001339373
147001349017
147001360430
147001370135
147001378619
147001388384
147001397418
147001407427
147001417681
147001428118
147001437457
147001447222
147001457964
147001467608
147001476580
147001486224
147001496477
147001506243
147001514056
147001523760
147001534563
147001544451
147001552080
147001562090
147001572405
147001582049
147001589678
147001601275
147001614641
147001625139
147001633684
147001643511
147001653765
147001663347
147001673662
147001683550
147001692644
147001702715
147001711260
147001720903
147001731279
147001740923
147001749223
147001758989
147001769426
147001778825
147001787187
147001797136
147001811967
147001823930
147001836137
147001851030
147001864824
147001878190
147001892350
147001909257
147001921159
147001932084
147001943193
147001956864
147001967912
147001978227
147001989762
147002000382
147002012589
147002026200
147002038407
147002049760
147002061845
147002073746
147002085770
147002095841
147002111100
147002119828
147002135026
147002145402
147002157486
147002168351
147002183609
147002196122
147002206742
147002217606
147002229264
147002241043
147002255814
147002264420
147002279434
147002287674
147002302994
147002315445
147002326431
147002339676
147002350540
147002365372
147002376358
147002388260
147002399002
147002411087
147002425735
147002433731
147002448929
147002458267
147002470596
147002485367
147002496231
147002508560
147002519302
147002532913
147002543838
147002556838
147002567886
147002577163
147002592483
147002601882
147002617019
147002630142
147002641189
147002650893
147002666091
147002678359
147002689407
147002700698
147002712783
147002724441
147002739882
147002748794
147002764174
147002773818
147002789077
147002800795
147002811843
147002826979
147002838271
147002850051
147002861220
147002873366
147002887526
147002898451
147002909438
147002924330
147002935622
147002946791
147002957655
147002972914
147002981520
147002993422
147003009657
147003025709
147003036940
147003052870
147003060255
147003070448
147003078566
147003091200
147003099073
147003108229
147003118727
147003126600
147003134779
147003146803
147003155165
147003164503
147003174330
147003183424
147003190931
147003201246
147003208326
147003219251
147003228773
147003240308
147003248609
147003255201
147003265882
147003275404
147003284009
147003292249
147003302076
147003311780
147003321302
147003329542
147003338575
147003350782
147003359693
147003369214
147003379529
147003389783
147003398999
147003407239
147003417554
147003425916
147003434339
147003443555
147003451978
147003462476
147003470532
147003481030
147003490064
147003498914
147003509351
147003518079
147003530408
147003538525
147003548169
147003557874
147003567212
147003578137
147003587109
147003596509
147003605908
147003614148
147003623791
147003634228
147003643506
147003653149
147003663098
147003671521
147003683423
147003691723
147003701184
147003712658
147003720959
147003731884
147003740612
147003750866
147003759716
147003773327
147003778515
147003791210
147003800671
147003810497
147003820385
147003830029
147003838390
147003847912
147003858410
147003867809
147003876659
147003885204
147003894482
147003903942
147003914562
147003923351
147003932506
147003941234
147003952770
147003961498
147003971264
147003980175
147003991283
147004002575
147004012096
147004021801
147004031627
147004041027
147004050670
147004060070
147004072399
147004080638
147004090465
147004099315
147004110973
147004117564
147004129588
147004139110
147004148204
147004160411
147004168224
147004180308
147004190074
147004199657
147004211192
147004220836
147004229442
147004239573
147004247935
147004259471
147004266307
147004279185
147004286570
147004296641
147004304942
147004316966
147004326915
147004335582
147004344493
147004354014
147004361766
147004371226
147004382823
147004392649
147004399851
147004411631
147004418406
147004428843
147004435618
147004446360
147004454417
147004465220
147004473887
147004481760
147004489878
147004500071
147004508066
147004518381
147004526987
147004535166
147004544565
147004555063
147004564097
147004572641
147004582346
147004590464
147004598703
147004609751
147004616953
147004628122
147004636118
147004644907
147004653391
147004664804
147004673837
147004681040
147004693674
147004701914
147004711252
147004719736
147004728403
147004738474
147004747446
147004755930
147004765085
147004772775
147004781747
147004788705
147004799875
147004807443
147004815317
147004827402
147004836313
147004845163
147004854318
147004861581
147004872079
147004879159
147004889596
147004896798
147004906442
147004918283
147004927316
147004935617
147004946298
147004954782
147004963204
147004971871
147004980538
147004990304
147004999215
147005007760
147005016549
147005025887
147005034615
147005045785
147005054391
147005064584
147005072823
147005081795
147005089974
147005099068
147005110116
147005117379
147005128731
147005137642
147005144784
147005153878
147005164376
147005173470
147005180733
147005189522
147005197762
147005207405
147005218026
147005225960
147005234017
147005242928
147005251045
147005260384
147005271370
147005280098
147005287972
147005297859
147005306404
147005316597
147005324593
147005334419
147005346504
147005355232
147005362312
147005374214
147005381843
147005392830
147005402901
147005411934
147005419502
147005430061
147005437874
147005448494
147005456367
147005466743
147005478035
147005485176
147005496284
147005503486
147005511360
147005519783
147005530403
147005539131
147005551643
147005560676
147005570320
147005581611
147005591316
147005598945
147005607307
147005618232
147005629585
147005637214
147005645209
147005656318
147005665595
147005671760
147005681037
147005692512
147005698005
147005709113
147005719916
147005727057
147005737616
147005744697
147005753608
147005761542
147005775458
147005784247
147005793219
147005802008
147005810920
147005815497
147005827460
147005834662
147005845038
147005856452
147005865302
147005873419
147005884467
147005893134
147005901984
147005910956
147005920233
147005931220
147005939948
147005948676
147005958258
147005968939
147005979010
147005989630
147005998175
147006007696
147006016363
147006025702
147006034247
147006044317
147006052984
147006063543
147006072271
147006081305
147006089972
147006099310
147006111029
147006120489
147006128302
147006138555
147006146185
147006155523
147006164434
147006175848
147006184576
147006194280
147006204839
147006214483
147006224188
147006233587
147006243230
147006250372
147006261907
147006268987
147006278203
147006290227
147006298650
147006310735
147006318975
147006327947
147006339300
147006348150
147006356206
147006366643
147006374700
147006382879
147006391851
147006402166
147006410710
147006418828
147006428411
147006437078
147006446477
147006454595
147006463140
147006474553
147006481328
147006492009
147006500676
147006509160
147006519292
147006527287
147006535893
147006546635
147006554570
147006562505
147006573796
147006583012
147006591374
147006599553
147006610173
147006618107
147006626591
147006637578
147006645024
147006657841
147006666691
147006675663
147006688176
147006699650
147006714115
147006726994
147006746342
147006757267
147006768803
147006784733
147006798039
147006812931
147006825016
147006839420
147006850529
147006861942
147006874760
147006885380
147006903202
147006916141
147006930912
147006943912
147006954715
147006969486
147006978458
147006993351
147007007999
147007019474
147007030399
147007045597
147007059757
147007070194
147007081485
147007095462
147007106632
147007117374
147007134525
147007145755
147007158328
147007169620
147007182132
147007195804
147007208011
147007219912
147007232242
147007242129
147007254458
147007267886
147007280337
147007291812
147007304385
147007316653
147007329043
147007343020
147007352114
147007365786
147007378115
147007391299
147007403811
147007415041
147007427493
147007437930
147007450198
147007461306
147007473452
147007487368
147007499758
147007511782
147007524111
147007537172
147007549440
147007559084
147007571291
147007586122
147007598329
147007608156
147007620668
147007632814
147007645204
147007658693
147007670961
147007682192
147007694521
147007707582
147007720094
147007731264
147007743471
147007754091
147007766298
147007780092
147007791627
147007801698
147007816896
147007827699
147007840150
147007855897
147007867006
147007884706
147007896974
147007909730
147007923280
147007933168
147007942811
147007952455
147007961854
147007971864
147007981019
147007992982
147008002931
147008011475
147008019288
147008031373
147008041505
147008050355
147008059510
147008069153
147008080140
147008088502
147008096985
147008106629
147008116822
147008126404
147008136780
147008145447
147008155274
147008164978
147008173767
147008183411
147008191834
147008202881
147008209900
147008218811
147008228028
147008236939
147008244141
147008256653
147008265686
147008274719
147008283325
147008292236
147008300720
147008309570
147008318604
147008327332
147008336609
147008345398
147008353638
147008362671
147008372742
147008381836
147008389587
147008398437
147008409179
147008418762
147008427551
147008437134
147008444214
147008455200
147008463195
147008471862
147008482238
147008491638
147008499511
147008510314
147008518127
147008530395
147008539489
147008548278
147008558410
147008569702
147008577758
147008585754
147008595092
147008602905
147008612792
147008621093
147008631225
147008639770
147008648986
147008657226
147008666198
147008676513
147008683654
147008694152
147008705504
147008712890
147008720946
147008729125
147008738036
147008748351
147008756835
147008764830
147008775512
147008785704
147008794249
147008807555
147008813658
147008825011
147008836302
147008843932
147008856383
147008864256
147008872557
147008883910
147008892516
147008901305
147008911070
147008922423
147008930296
147008941405
147008950194
147008958983
147008968626
147008979735
147008988341
147008996947
147009007322
147009018675
147009027220
147009035765
147009045591
147009054686
147009064512
147009073973
147009085325
147009094725
147009105345
147009114683
147009123228
147009131224
147009140135
147009150999
147009158079
147009166685
147009176328
147009188352
147009193723
147009203977
147009213132
147009221311
147009230955
147009239561
147009249387
147009257871
147009269895
147009277219
147009289304
147009300413
147009306943
147009319150
147009329038
147009336911
147009347837
147009358396
147009363767
147009375974
147009385739
147009393857
147009402646
147009409665
147009419858
147009430600
147009440244
147009450009
147009460446
147009466062
147009478818
147009489011
147009498715
147009506467
147009518246
147009525693
147009536862
147009547604
147009556943
147009565488
147009574460
147009582699
147009591611
147009601437
147009611020
147009621213
147009630063
147009640561
147009648800
147009659787
147009668209
147009679867
147009693234
147009699154
147009710629
147009719357
147009730526
147009739254
147009748165
147009760128
147009769528
147009778561
147009787045
147009796200
147009806698
147009814571
147009825497
147009834164
147009843136
147009854183
147009861751
147009871212
147009883053
147009892452
147009900265
147009913387
147009922237
147009930965
147009938595
147009949459
147009957027
147009965755
147009976070
147009984188
147009993221
147010002559
147010012325
147010022212
147010031734
147010041194
147010050838
147010060665
147010068355
147010077266
147010087825
147010094295
147010104243
147010113033
147010122249
147010131831
147010139461
147010148677
147010158565
147010168513
147010180293
147010189754
147010199397
147010210505
147010218989
147010229304
147010241267
147010249202
147010261042
147010271235
147010280757
147010293452
147010301936
147010310359
147010318965
147010330073
147010338435
147010346675
147010356745
147010367854
147010375605
147010383784
147010392878
147010403071
147010411189
147010419367
147010428461
147010440546
147010448481
147010456476
147010465937
147010473932
147010482783
147010491083
147010502741
147010510920
147010519465
147010530451
147010538202
147010546564
147010556025
147010564081
147010573786
147010582514
147010594660
147010602777
147010612055
147010620905
147010630426
147010642511
147010650141
147010659540
147010669672
147010677789
147010687616
147010699640
147010710199
147010719843
147010729974
147010739069
147010749444
147010758234
147010767816
147010777032
147010787774
147010798822
147010808832
147010820062
147010829644
147010838372
147010850824
147010859979
147010868158
147010877374
147010888299
147010896051
147010906304
147010913873
147010922112
147010932611
147010940606
147010954705
147010963250
147010972283
147010981561
147010990350
147010998223
147011007073
147011016351
147011026177
147011037652
147011047478
147011057305
147011066338
147011075188
147011084099
147011097039
147011106438
147011115288
147011126702
147011135918
147011145562
147011154839
147011163567
147011175286
147011184380
147011195183
147011203423
147011211113
147011221306
147011229607
147011237786
147011249321
147011258049
147011269463
147011277214
147011285637
147011296928
147011305717
147011314507
147011328178
147011335869
147011347221
147011356621
147011366203
147011373344
147011382255
147011393181
147011403373
147011411430
147011420097
147011429985
147011438713
147011447868
147011456596
147011465873
147011474968
147011485160
147011494682
147011503776
147011513664
147011523185
147011531547
147011541068
147011550529
147011561881
147011570609
147011580131
147011590568
147011602287
147011612662
147011625663
147011633964
147011643363
147011655753
147011667960
147011680717
147011695548
147011705924
147011720511
147011738883
147011750602
147011762870
147011773001
147011789847
147011800833
147011811637
147011822074
147011832572
147011845938
147011857291
147011869193
147011881400
147011893912
147011909476
147011920096
147011931082
147011945730
147011956656
147011968741
147011979666
147011993277
147012004080
147012016165
147012030325
147012041739
147012052725
147012065542
147012079763
147012090994
147012102224
147012113882
147012128225
147012138967
147012153738
147012166128
147012175954
147012187673
147012202016
147012211782
147012226003
147012237539
147012248220
147012261953
147012273061
147012284597
147012298940
147012309743
147012320730
147012333669
147012344655
147012358510
147012373586
147012385976
147012395619
147012406972
147012422353
147012433949
147012443959
147012458486
147012470998
147012483266
147012494679
147012506886
147012520192
147012532338
147012542653
147012554738
147012568043
147012580189
147012590992
147012603261
147012614979
147012627064
147012640736
147012652821
147012665394
147012677479
147012689564
147012701710
147012712940
147012728504
147012739979
147012752125
147012762074
147012777699
147012787464
147012802967
147012813709
147012825733
147012839771
147012851002
147012864429
147012878773
147012889942
147012905628
147012917530
147012925281
147012937183
147012947986
147012956653
147012963611
147012974659
147012984485
147012995166
147013003772
147013013172
147013024768
147013036121
147013045215
147013054126
147013063342
147013075183
147013084155
147013094958
147013103870
147013114612
147013122546
147013132007
147013142993
147013151660
147013162829
147013172473
147013183520
147013192920
147013203174
147013212878
147013222583
147013232104
147013241442
147013253711
147013261218
147013272509
147013282092
147013290820
147013299609
147013310961
147013320300
147013329028
147013341479
147013351733
147013360644
147013372057
147013381457
147013392809
147013400866
147013411120
147013420092
147013429369
147013440539
147013448839
147013459887
147013468981
147013477892
147013486742
147013497362
147013505602
147013513964
147013526049
147013533800
147013545336
147013552599
147013563097
147013570360
147013583361
147013592333
147013601732
147013612230
147013621935
147013630724
147013640367
147013651720
147013661180
147013670030
147013679735
147013688097
147013700059
147013707201
147013719408
147013727220
147013736986
147013746080
147013758592
147013765916
147013778245
147013784837
147013797227
147013804368
147013816209
147013824632
147013834214
147013843309
147013852830
147013861863
147013874009
147013883103
147013892808
147013901292
147013911241
147013921494
147013931016
147013939561
147013949265
147013960130
147013969895
147013980882
147013990647
147014000291
147014009751
147014018845
147014030625
147014039902
147014048997
147014060654
147014070237
147014082383
147014091660
147014102158
147014113999
147014123764
147014134018
147014143845
147014152573
147014164353
147014173264
147014182663
147014192185
147014201462
147014210434
147014219773
147014230209
147014239731
147014247910
147014257248
147014267319
147014277145
147014287460
147014297287
147014306503
147014318649
147014327072
147014336838
147014345871
147014355942
147014364425
147014376816
147014384872
147014397079
147014404831
147014414474
147014425583
147014434249
147014442489
147014454635
147014461654
147014473861
147014483139
147014491806
147014501998
147014513595
147014520675
147014533676
147014544540
147014553207
147014563216
147014572067
147014583114
147014592940
147014600814
147014613876
147014622481
147014633529
147014641952
147014649886
147014659957
147014667647
147014677291
147014685409
147014695052
147014706588
147014715316
147014722152
147014732589
147014742354
147014751143
147014756026
147014767562
147014776595
147014785628
147014793746
147014803267
147014812239
147014823287
147014832076
147014846175
147014854659
147014863387
147014874373
147014883894
147014894026
147014903548
147014913679
147014924055
147014934614
147014944990
147014954024
147014963606
147014972456
147014983687
147014993208
147015001753
147015011457
147015019209
147015028425
147015036238
147015045149
147015055464
147015064192
147015075483
147015084883
147015095320
147015103987
147015112715
147015121687
147015130964
147015140241
147015150434
147015158918
147015169050
147015178144
147015186872
147015197675
147015207075
147015215375
147015223188
147015233320
147015241804
147015252118
147015259504
147015268354
147015279645
147015288801
147015299482
147015307172
147015316022
147015327008
147015335920
147015343427
147015356488
147015366437
147015376203
147015385236
147015394147
147015402020
147015410626
147015423078
147015429974
147015443097
147015449017
147015457867
147015468732
147015479840
147015487653
147015495709
147015505780
147015516827
147015525555
147015532757
147015541669
147015552228
147015560162
147015571026
147015579876
147015591351
147015600934
147015609051
147015618695
147015629864
147015639447
147015649334
147015659893
147015668316
147015678021
147015687420
147015696942
147015708294
147015715740
147015727215
147015737347
147015749249
147015757855
147015764812
147015776470
147015785015
147015794903
147015807415
147015815349
147015824139
147015832439
147015843120
147015851116
147015858623
147015869732
147015877483
147015888530
147015896160
147015906597
147015914592
147015924907
147015931621
147015942119
147015951152
147015959636
147015969158
147015977336
147015986492
147015997478
147016003032
147016013713
147016023418
147016032024
147016040386
147016052043
147016060954
147016070781
147016079448
147016087138
147016097087
147016105754
147016114604
147016124065
147016132793
147016141765
147016150981
147016161174
147016169841
147016179850
147016189555
147016198771
147016208354
147016216838
147016227885
147016236735
147016246073
147016257060
147016265361
147016274272
147016282206
147016289775
147016300822
147016311259
147016319987
147016328410
147016338786
147016346720
147016356913
147016363383
147016373759
147016383585
147016391947
147016400370
147016410685
147016417826
147016428080
147016435953
147016446757
147016457926
147016466898
147016476603
147016483927
147016493448
147016502848
147016515055
147016523783
147016535807
147016548197
147016556131
147016566996
147016576334
147016585550
147016595011
147016604532
147016614420
147016624857
147016634073
147016644022
147016654581
147016670511
147016679727
147016695718
147016707193
147016724344
