131614088115
131614096172
131614104961
131614112774
131614119426
131614129863
131614137920
131614145305
131614155620
131614164653
131614172466
131614182720
131614189678
131614198711
131614207988
131614215556
131614225017
131614233379
131614243144
131614250285
131614259502
131614267558
131614276103
131614286235
131614294963
131614304668
131614312602
131614322307
131614330791
131614338664
131614347758
131614355571
131614364665
131614375346
131614382670
131614392192
131614399821
131614407634
131614418681
131614426005
131614436869
131614444621
131614456095
131614466227
131614475505
131614484782
131614493449
131614500224
131614511393
131614520182
131614529765
131614537211
131614547404
131614554911
131614567240
131614573771
131614583048
131614592997
131614601664
131614611429
131614620463
131614629557
131614638895
131614648050
131614657511
131614666727
131614678141
131614684855
131614695780
131614704081
131614711771
131614719706
131614731913
131614741373
131614750040
131614758829
131614768045
131614778604
131614786783
131614797098
131614805521
131614814981
131614825296
131614833536
131614841959
131614850687
131614861490
131614870340
131614879007
131614888834
131614897317
131614907083
131614918313
131614926675
131614935159
131614945657
131614954080
131614964883
131614975931
131614983926
131614996011
131615003213
131615014932
131615024697
131615034219
131615044290
131615053506
131615064431
131615073831
131615082315
131615092263
131615101724
131615112100
131615125832
131615135293
131615142922
131615155740
131615164101
131615174111
131615183022
131615195473
131615204262
131615214699
131615222512
131615232705
131615243752
131615254006
131615263039
131615272194
131615280922
131615293007
131615303749
131615311501
131615320839
131615329995
131615340187
131615349587
131615361306
131615369850
131615379921
131615388344
131615396340
131615408425
131615417030
131615426491
131615438332
131615448463
131615456154
131615466957
131615475258
131615486427
131615493141
131615504799
131615513344
131615524147
131615532936
131615543373
131615553444
131615564369
131615574318
131615582374
131615594276
131615602211
131615614357
131615621925
131615630653
131615639198
131615647804
131615658668
131615667884
131615678993
131615686073
131615697242
131615705787
131615716834
131615724525
131615735389
131615742835
131615753822
131615761268
131615772437
131615780250
131615791785
131615799110
131615811133
131615819861
131615829261
131615837928
131615848182
131615857398
131615867408
131615876929
131615887122
131615897132
131615907447
131615917151
131615927222
131615937293
131615946509
131615956519
131615965979
131615976294
131615983557
131615990943
131616003150
131616011755
131616022131
131616030249
131616041907
131616052466
131616062292
131616069800
131616080359
131616087805
131616100012
131616107764
131616119238
131616127356
131616139990
131616147131
131616155981
131616166968
131616174963
131616183386
131616192785
131616203833
131616213964
131616221594
131616232458
131616240026
131616249975
131616261206
131616267492
131616278417
131616288122
131616299291
131616308996
131616316381
131616325292
131616336218
131616346288
131616353735
131616363134
131616374242
131616381078
131616392431
131616401586
131616410192
131616419103
131616430211
131616439367
131616450353
131616459813
131616467443
131616476049
131616487279
131616495763
131616507116
131616517064
131616524877
131616536351
131616543920
131616552404
131616563451
131616572179
131616580724
131616590428
131616601354
131616609776
131616618321
131616627904
131616636327
131616645726
131616656773
131616666173
131616674840
131616682530
131616692113
131616700535
131616712376
131616719823
131616729344
131616740697
131616749363
131616760228
131616768773
131616777318
131616785740
131616793919
131616805943
131616815770
131616824742
131616832249
131616841648
131616850621
131616859837
131616870457
131616880161
131616888523
131616898045
131616906651
131616916294
131616926914
131616933872
131616943638
131616953648
131616962315
131616971836
131616980869
131616990147
131617000645
131617009922
131617017429
131617027256
131617034824
131617048313
131617058323
131617068088
131617076572
131617087680
131617096958
131617106296
131617117527
131617128879
131617138706
131617147006
131617155551
131617167148
131617179294
131617187045
131617198215
131617206271
131617218478
131617229953
131617238986
131617248264
131617258701
131617271640
131617280612
131617288852
131617298190
131617307345
131617316867
131617326388
131617336093
131617345859
131617356662
131617366671
131617377047
131617386569
131617397128
131617405246
131617415744
131617427829
131617435580
131617445712
131617455294
131617465060
131617474703
131617483553
131617493319
131617502352
131617511752
131617521822
131617531344
131617540926
131617550387
131617555819
131617568758
131617576022
131617587252
131617598299
131617607516
131617615572
131617625033
131617632540
131617644320
131617654879
131617664827
131617675448
131617684786
131617689730
131617704012
131617710787
131617722322
131617728853
131617740389
131617747591
131617760713
131617770906
131617782869
131617794832
131617807344
131617819612
131617832369
131617843660
131617856172
131617867708
131617879976
131617892244
131617904756
131617920259
131617932893
131617944246
131617954500
131617966584
131617979829
131617992952
131618006074
131618019685
131618031770
131618041780
131618053193
131618066621
131618082612
131618092866
131618107636
131618118012
131618128144
131618137727
131618145478
131618154206
131618164399
131618174592
131618181245
131618191498
131618198212
131618208222
131618217988
131618226533
131618236237
131618245087
131618255585
131618263520
131618271027
131618281952
131618290314
131618298249
131618308197
131618316132
131618325531
131618335663
131618341217
131618351288
131618358917
131618368866
131618376496
131618386566
131618394318
131618404389
131618414215
131618423126
131618431793
131618441010
131618449615
131618458771
131618467438
131618476288
131618484772
131618493744
131618501861
131618512237
131618521454
131618530060
131618539337
131618548004
131618554840
131618566436
131618574859
131618583587
131618591766
131618602630
131618611114
131618621673
131618630584
131618639251
131618650726
131618658660
131618666473
131618676299
131618684417
131618694061
131618701202
131618711334
131618719329
131618729888
131618738067
131618748931
131618756499
131618767547
131618777129
131618784881
131618796233
131618805266
131618814971
131618826568
131618836211
131618845611
131618855376
131618864470
131618875640
131618885100
131618893950
131618904265
131618913298
131618923491
131618933196
131618943267
131618951995
131618964629
131618971831
131618984160
131618992400
131619002348
131619012114
131619022307
131619031035
131619041045
131619050444
131619062407
131619071379
131619081572
131619091948
131619099882
131619113066
131619120939
131619131804
131619138823
131619149565
131619160246
131619169951
131619179350
131619189360
131619198637
131619210783
131619218779
131619230680
131619240629
131619248564
131619258024
131619269193
131619277250
131619288175
131619298917
131619306486
131619316435
131619324552
131619337003
131619346891
131619356412
131619366727
131619379056
131619385587
131619397794
131619404752
131619417020
131619425870
131619434476
131619441739
131619454068
131619460172
131619472196
131619479276
131619491239
131619498685
131619509366
131619515958
131619525785
131619534391
131619544461
131619554227
131619561307
131619569119
131619579251
131619586942
131619597012
131619603787
131619613797
131619625211
131619635648
131619644254
131619651150
131619660489
131619667447
131619676175
131619686490
131619697232
131619705227
131619716763
131619725552
131619731839
131619739041
131619750210
131619757718
131619772610
131619782071
131619789944
131619797146
131619808071
131619819241
131619824978
131619835903
131619848843
131619859280
131619868679
131619877896
131619887051
131619896145
131619905544
131619913235
131619923061
131619933987
131619945400
131619950466
131619963283
131619975002
131619985195
131619997707
131620007107
131620016933
131620028591
131620036648
131620048305
131620055019
131620064968
131620077724
131620085048
131620095241
131620104579
131620113735
131620123012
131620135097
131620142848
131620155178
131620164028
131620172267
131620182826
131620191493
131620200221
131620211391
131620218715
131620229945
131620240138
131620249171
131620259730
131620269130
131620278163
131620290248
131620300380
131620311976
131620321132
131620333095
131620339503
131620351344
131620359645
131620371302
131620380153
131620391932
131620400416
131620411586
131620418788
131620429408
131620437037
131620447962
131620458705
131620465663
131620477686
131620488001
131620498377
131620506434
131620514857
131620526942
131620535792
131620547266
131620556666
131620564173
131620576258
131620583643
131620595423
131620602930
131620612757
131620622706
131620632166
131620642908
131620652369
131620661097
131620670557
131620678064
131620690760
131620698877
131620710535
131620718592
131620730310
131620738428
131620750452
131620761072
131620770471
131620777918
131620788904
131620797022
131620808435
131620819971
131620826196
131620837915
131620849390
131620861475
131620867822
131620877222
131620888452
131620901147
131620907068
131620917993
131620929529
131620937280
131620947412
131620954797
131620966699
131620974206
131620984704
131620992211
131621004602
131621012170
131621023278
131621030908
131621041833
131621049279
131621060449
131621067956
131621079980
131621087548
131621098290
131621105676
131621117211
131621124657
131621135217
131621142419
131621154076
131621161584
131621174950
131621184716
131621193932
131621203759
131621213097
131621221581
131621230919
131621241539
131621250939
131621260338
131621270287
131621280846
131621290673
131621295922
131621311669
131621319786
131621329613
131621338707
131621347923
131621352745
131621368370
131621378502
131621387352
131621397667
131621406212
131621416405
131621424950
131621434593
131621443199
131621452049
131621463585
131621472862
131621481041
131621489769
131621499656
131621507225
131621517784
131621531151
131621539207
131621548729
131621555931
131621565879
131621576988
131621584922
131621594322
131621601158
131621612205
131621621726
131621628562
131621638328
131621647483
131621656211
131621662925
131621674522
131621685020
131621694419
131621701438
131621712180
131621720237
131621730613
131621738547
131621748191
131621759238
131621767112
131621777061
131621788352
131621798362
131621809653
131621817344
131621829978
131621842185
131621856467
131621867087
131621880820
131621891867
131621909873
131621922568
131621937216
131621950522
131621962912
131621977500
131621989707
131622003622
131622017905
131622029562
131622039999
131622053244
131622061972
131622072409
131622080282
131622090903
131622100973
131622106955
131622116293
131622126608
131622132895
131622145224
131622153891
131622161947
131622170126
131622180807
131622189413
131622198996
131622208761
131622215597
131622225912
131622234640
131622243185
131622249838
131622262594
131622270040
131622278585
131622287435
131622298116
131622306661
131622314291
131622323385
131622333822
131622345418
131622351339
131622362081
131622368673
131622378805
131622385518
131622396566
131622403280
131622414266
131622422078
131622430745
131622440938
131622449727
131622458272
131622464620
131622473958
131622486226
131622493795
131622504171
131622512349
131622520101
131622527852
131622538594
131622547322
131622555806
131622562459
131622573262
131622581929
131622589620
131622597554
131622606221
131622617329
131622627644
131622634602
131622645955
131622655293
131622662617
131622672139
131622679707
131622693989
131622703511
131622712849
131622723835
131622735493
131622742634
131622754170
131622765400
131622772847
131622782368
131622794087
131622802815
131622812031
131622822651
131622832539
131622844624
131622853596
131622862263
131622873066
131622881977
131622890583
131622900776
131622912983
131622921406
131622929646
131622939411
131622948139
131622958271
131622966938
131622977375
131622987385
131622997944
131623007038
131623014179
131623021747
131623033832
131623041401
131623051166
131623057270
131623069416
131623080585
131623090961
131623096637
131623109516
131623117694
131623127216
131623138019
131623149799
131623156696
131623168781
131623177875
131623186786
131623196429
131623205035
131623216144
131623223346
131623234332
131623242816
131623254047
131623262286
131623273822
131623285052
131623295245
131623305804
131623314898
131623324420
131623333087
131623340106
131623351947
131623359576
131623368975
131623377276
131623389422
131623397418
131623407672
131623412799
131623427813
131623436968
131623446368
131623454913
131623464251
131623472857
131623482195
131623491534
131623501116
131623513384
131623522601
131623530657
131623540728
131623551287
131623561114
131623571245
131623580584
131623588335
131623599932
131623608660
131623619341
131623626604
131623637835
131623645891
131623657488
131623665361
131623677202
131623684648
131623694170
131623704302
131623713945
131623723833
131623735002
131623744524
131623755388
131623761492
131623772478
131623783159
131623790483
131623802080
131623809709
131623818925
131623829851
131623839494
131623846941
131623855974
131623867021
131623874834
131623886064
131623893999
131623903032
131623912858
131623924699
131623932390
131623944352
131623952409
131623961564
131623974015
131623983415
131623994096
131624003251
131624011491
131624021928
131624030717
131624040360
131624050004
131624063859
131624073502
131624083390
131624090531
131624101090
131624109879
131624120499
131624128800
131624141740
131624149430
131624160538
131624170731
131624179276
131624186234
131624197953
131624204789
131624216874
131624225968
131624234879
131624244767
131624253434
131624261734
131624273575
131624283158
131624291825
131624300797
131624309403
131624317459
131624329178
131624339859
131624347794
131624359757
131624367325
131624378250
131624385757
131624397842
131624406082
131624418472
131624426102
131624434585
131624445633
131624453506
131624462601
131624475113
131624482559
131624493973
131624501480
131624510574
131624521621
131624529983
131624540970
131624550186
131624557632
131624567703
131624576431
131624586257
131624597610
131624607925
131624615371
131624624404
131624635574
131624642715
131624653823
131624664321
131624671890
131624683730
131624691665
131624703689
131624711684
131624724258
131624732009
131624742934
131624750686
131624760512
131624771682
131624779494
131624790420
131624800918
131624808364
131624820876
131624828688
131624838210
131624845717
131624856704
131624867934
131624877272
131624886183
131624895766
131624905654
131624915053
131624924086
131624933913
131624941420
131624952223
131624959486
131624972853
131624983839
131624993178
131625001173
131625010512
131625020705
131625030104
131625038283
131625047926
131625058729
131625068312
131625078444
131625087782
131625096449
131625106032
131625115736
131625125380
131625134535
131625143812
131625152235
131625161756
131625172438
131625179457
131625190931
131625200575
131625208876
131625220777
131625228407
131625237989
131625247877
131625257459
131625266554
131625275953
131625287061
131625296033
131625304151
131625316846
131625324049
131625336317
131625345960
131625356702
131625364149
131625375806
131625383985
131625392530
131625402356
131625413587
131625422315
131625433057
131625440870
131625452649
131625462232
131625474256
131625484326
131625492261
131625505200
131625511304
131625521741
131625533154
131625543164
131625550977
131625562512
131625570142
131625583020
131625591321
131625600842
131625608289
131625620435
131625631177
131625640759
131625651379
131625661206
131625669446
131625679089
131625689160
131625698498
131625706799
131625716504
131625725964
131625738842
131625747204
131625757458
131625766308
131625776501
131625787243
131625799328
131625813122
131625828686
131625841747
131625853588
131625868115
131625882580
131625895092
131625910168
131625924389
131625933788
131625949901
131625961803
131625970897
131625986767
131626004894
131626016674
131626024852
131626034496
131626044262
131626053722
131626062816
131626072155
131626081188
131626090892
131626100353
131626108409
131626116832
131626126171
131626136363
131626144847
131626154064
131626161876
131626167979
131626179698
131626186900
131626196910
131626207591
131626217296
131626225841
131626233958
131626244456
131626252391
131626261729
131626271678
131626280528
131626288768
131626299022
131626306895
131626315989
131626325633
131626333384
131626344371
131626352793
131626363658
131626374949
131626381358
131626394175
131626401927
131626413462
131626421580
131626430796
131626440379
131626449717
131626459177
131626469187
131626479380
131626489451
131626498789
131626510447
131626519602
131626530894
131626539072
131626550181
131626562205
131626569834
131626582529
131626593027
131626602793
131626612925
131626622446
131626632212
131626642649
131626651438
131626661753
131626669443
131626682199
131626691233
131626700693
131626709787
131626721384
131626732309
131626742502
131626752023
131626762216
131626770334
131626781259
131626789499
131626799326
131626808664
131626819162
131626827951
131626837045
131626848093
131626858224
131626865732
131626877878
131626886117
131626896554
131626906015
131626916208
131626927072
131626934884
131626943673
131626952829
131626964791
131626974801
131626984201
131626995248
131627004220
131627013741
131627022469
131627031381
131627042489
131627050729
131627061959
131627070443
131627079110
131627088326
131627099374
131627106698
131627118661
131627127694
131627136910
131627145211
131627155526
131627167428
131627176888
131627186410
131627197152
131627207833
131627216256
131627225960
131627235176
131627243416
131627256173
131627265511
131627275887
131627284004
131627296761
131627304695
131627314705
131627325142
131627335396
131627345101
131627355171
131627363411
131627372810
131627382820
131627392342
131627402107
131627411507
131627422127
131627431953
131627442757
131627451546
131627460823
131627471016
131627480903
131627490059
131627501960
131627513130
131627521553
131627530281
131627543953
131627551582
131627564277
131627574653
131627585273
131627593635
131627607185
131627616584
131627626411
131627635749
131627646919
131627657111
131627667243
131627677192
131627685554
131627694953
131627705878
131627715522
131627725165
131627734870
131627744819
131627754157
131627764533
131627772895
131627783210
131627791572
131627802863
131627812201
131627821174
131627830634
131627841620
131627850531
131627862433
131627871710
131627878852
131627892096
131627901923
131627910895
131627919196
131627929205
131627939765
131627949774
131627958075
131627971503
131627979132
131627991827
131628001593
131628009100
131628019781
131628030157
131628039313
131628049750
131628057867
131628067328
131628077398
131628087103
131628094793
131628104254
131628115301
131628125982
131628134893
131628144781
131628153204
131628163519
131628171575
131628183111
131628191717
131628202947
131628210943
131628221502
131628230657
131628242986
131628250921
131628261724
131628274053
131628286748
131628295049
131628304632
131628312444
131628321477
131628330083
131628339849
131628350957
131628361944
131628369268
131628380437
131628388189
131628398565
131628406133
131628415838
131628426458
131628438298
131628445867
131628455815
131628462712
131628473638
131628480352
131628490361
131628497258
131628510503
131628519048
131628527776
131628532353
131628543340
131628553105
131628561894
131628569707
131628580388
131628588078
131628599919
131628604558
131628615239
131628622441
131628634343
131628644780
131628654606
131628665288
131628671635
131628681828
131628689824
131628700078
131628709538
131628714055
131628726445
131628738224
131628746037
131628757206
131628765080
131628776066
131628786381
131628791874
131628804264
131628813725
131628823063
131628830509
131628842655
131628850651
131628859379
131628869755
131628879215
131628887272
131628898197
131628905216
131628913761
131628922184
131628933292
131628940189
131628952457
131628959354
131628969608
131628977176
131628986576
131628994693
131629004154
131629010196
131629020084
131629030033
131629037357
131629048954
131629056278
131629067996
131629078189
131629088626
131629097110
131629106754
131629117557
131629125858
131629137332
131629144473
131629157108
131629166507
131629178287
131629187625
131629197269
131629205814
131629215274
131629225711
131629234561
131629243106
131629252261
131629262210
131629269961
131629279910
131629289004
131629297183
131629308596
131629318179
131629328372
131629336489
131629346499
131629355838
131629366030
131629376406
131629384768
131629396060
131629406191
131629414980
131629425478
131629437075
131629444888
131629456912
131629465945
131629477480
131629485171
131629494753
131629505495
131629516238
131629525698
131629535341
131629544436
131629555300
131629563784
131629574221
131629582583
131629591372
131629602297
131629612001
131629622744
131629632692
131629640139
131629651064
131629658632
131629671816
131629681032
131629691225
131629699587
131629712587
131629721620
131629730959
131629739259
131629748720
131629759401
131629768922
131629778993
131629793764
131629805482
131629819520
131629828798
131629843934
131629855043
131629868654
131629884279
131629901002
131629911805
131629925599
131629939515
131629953187
131629962464
131629975648
131629989808
131629999940
131630008546
131630019593
131630028260
131630038209
131630045350
131630055421
131630063172
131630073243
131630079835
131630089905
131630099793
131630109498
131630118043
131630124879
131630135743
131630143494
131630152161
131630158997
131630172303
131630180176
131630188965
131630196778
131630207703
131630215821
131630224427
131630234986
131630244995
131630253540
131630260376
131630268738
131630278931
131630288880
131630300171
131630309693
131630318787
131630327454
131630336914
131630345764
131630354126
131630364929
131630372070
131630382263
131630390503
131630398254
131630408630
131630417236
131630427612
131630436401
131630445312
131630456421
131630464660
131630475708
131630483459
131630494323
131630502746
131630511840
131630522583
131630532043
131630543884
131630552551
131630562499
131630570922
131630580688
131630592529
131630600768
131630613036
131630620605
131630633117
131630639465
131630652099
131630660827
131630672546
131630682006
131630691405
131630701232
131630709899
131630719848
131630730224
131630738708
131630746642
131630756347
131630765502
131630775206
131630783019
131630790648
131630802245
131630810973
131630819762
131630831481
131630840880
131630849059
131630861205
131630869872
131630878722
131630886168
131630897704
131630905272
131630915160
131630926573
131630934630
131630944273
131630952696
131630963255
131630971495
131630981139
131630989622
131630997984
131631008116
131631015379
131631024046
131631032591
131631044554
131631055113
131631064329
131631073301
131631082090
131631093260
131631101988
131631110106
131631122374
131631131651
131631140684
131631150267
131631158262
131631166746
131631175108
131631185484
131631193785
131631204466
131631213133
131631222959
131631233152
131631239317
131631250242
131631259885
131631268613
131631281126
131631287839
131631298398
131631307676
131631316404
131631325803
131631334592
131631341672
131631354246
131631361997
131631371640
131631380796
131631390256
131631398801
131631407956
131631418576
131631428647
131631437863
131631447385
131631454282
131631465940
131631473935
131631483457
131631493222
131631502255
131631511777
131631520139
131631527219
131631537045
131631546872
131631559750
131631571469
131631580624
131631589841
131631600033
131631609006
131631617184
131631628293
131631636044
131631647946
131631658810
131631667050
131631675107
131631686825
131631695980
131631705929
131631715695
131631725888
131631736935
131631744259
131631752987
131631763119
131631774288
131631784970
131631793148
131631805538
131631813107
131631824703
131631831966
131631840633
131631848751
131631861324
131631870480
131631881588
131631889034
131631900265
131631907528
131631918636
131631925899
131631936886
131631945919
131631957149
131631967220
131631978084
131631987484
131631996883
131632006282
131632017147
131632026485
131632035030
131632046566
131632054988
131632064266
131632069332
131632084224
131632094234
131632102168
131632112178
131632122920
131632132808
131632141658
131632150203
131632161128
131632171931
131632183040
131632191829
131632200801
131632210322
131632217830
131632228938
131632236384
131632248836
131632256160
131632268794
131632277949
131632287654
131632298884
131632308528
131632319148
131632330073
131632337886
131632348139
131632357905
131632365046
131632374385
131632385676
131632393733
131632405390
131632413325
131632424067
131632434321
131632441523
131632450373
131632461420
131632472163
131632479609
131632489924
131632497797
131632510309
131632517084
131632527949
131632537897
131632547602
131632555292
131632564386
131632575556
131632582209
131632593256
131632604120
131632612177
131632622675
131632632013
131632642572
131632651728
131632661737
131632673456
131632682550
131632691828
131632700983
131632712702
131632721063
131632730035
131632739130
131632751703
131632758722
131632771234
131632782220
131632793756
131632801630
131632812921
131632824212
131632836175
131632846124
131632858636
131632868280
131632877679
131632887262
131632896661
131632906732
131632916497
131632926629
131632937249
131632947442
131632956964
131632967278
131632976739
131632986993
131632998223
131633007867
131633016717
131633026482
131633036126
131633045831
131633055474
131633065545
131633075738
131633085747
131633094475
131633104851
131633113701
131633125481
131633132195
131633143670
131633151665
131633162896
131633171441
131633182305
131633191887
131633203850
131633214592
131633222344
131633233513
131633240837
131633253838
131633262383
131633273491
131633284050
131633292900
131633302055
131633312798
131633321037
131633333061
131633344963
131633356010
131633364860
131633373588
131633385612
131633395561
131633405266
131633417045
131633425224
131633437492
131633445488
131633457817
131633466118
131633477836
131633489189
131633498649
131633508903
131633518486
131633527519
131633538993
131633547843
131633560050
131633569572
131633578178
131633590873
131633598380
131633610526
131633621696
131633631950
131633641410
131633651542
131633659537
131633670707
131633678214
131633690787
131633698539
131633711661
131633720634
131633730033
131633734794
131633746756
131633760733
131633772269
131633785697
131633800345
131633811515
131633826895
131633837088
131633855094
131633869559
131633881644
131633894522
131633909354
131633921744
131633933402
131633947073
131633958975
131633970999
131633979788
131633988455
131633997671
131634007986
131634015616
131634024771
131634035940
131634044790
131634053518
131634062002
131634070669
131634075247
131634087088
131634097586
131634106314
131634110891
131634122732
131634132376
131634140921
131634148611
131634157156
131634165212
131634174185
131634184561
131634194021
131634202932
131634212637
131634220937
131634230703
131634241018
131634250539
131634259084
131634268484
131634277151
131634286733
131634296621
131634306325
131634316213
131634326162
131634334340
131634344655
131634352956
131634366079
131634371083
131634382863
131634390615
131634404287
131634409291
131634421743
131634429433
131634441091
131634450978
131634460561
131634469289
131634482106
131634488759
131634500478
131634508717
131634518422
131634526845
131634536732
131634545644
131634558095
131634565907
131634575490
131634584889
131634595143
131634607106
131634614735
131634627247
131634635365
131634647389
131634655018
131634663319
131634675709
131634687428
131634695240
131634703358
131634716114
131634722706
131634733876
131634744801
131634754261
131634761830
131634770436
131634778980
131634791309
131634799427
131634809254
131634821522
131634829273
131634841114
131634849293
131634860950
131634871632
131634879200
131634888538
131634899647
131634908069
131634916736
131634925037
131634936817
131634946766
131634958912
131634965870
131634977955
131634987354
131634998706
131635005847
131635016712
131635027393
131635034778
131635045581
131635056995
131635067249
131635078967
131635088611
131635098377
131635107288
131635114917
131635127002
131635137683
131635145557
131635154834
131635166125
131635174487
131635188159
131635197131
131635207080
131635216052
131635225818
131635237842
131635248706
131635257068
131635267260
131635278125
131635285571
131635297107
131635307360
131635315417
131635326892
131635338915
131635349047
131635360339
131635370532
131635380480
131635389758
131635400500
131635409167
131635420275
131635429369
131635439196
131635448656
131635456835
131635469225
131635480395
131635491869
131635499193
131635511339
131635521227
131635530687
131635539538
131635550524
131635559740
131635568102
131635577745
131635588976
131635598009
131635606615
131635616930
131635625475
131635635424
131635644823
131635655565
131635665025
131635673937
131635684252
131635693773
131635704027
131635712938
131635726976
131635736559
131635746934
131635756273
131635766160
131635775743
131635786241
131635796495
131635804185
131635815416
131635825731
131635834642
131635844957
131635855638
131635862840
131635872789
131635882554
131635892991
131635902635
131635910813
131635920335
131635927842
131635939561
131635947557
131635960374
131635967942
131635978257
131635988999
131635998704
131636006089
131636016953
131636024583
131636036912
131636044663
131636055100
131636063279
131636075547
131636083237
131636094834
131636102402
131636114365
131636122056
131636131821
131636140549
131636150132
131636161484
131636168869
131636180039
131636190293
131636197861
131636207199
131636218308
131636226731
131636237839
131636245285
131636256394
131636263535
131636274582
131636285324
131636292770
131636302048
131636313095
131636320847
131636331772
131636341904
131636351791
131636361374
131636369247
131636378342
131636389511
131636397445
131636406479
131636416061
131636427170
131636434372
131636445541
131636454635
131636465622
131636472824
131636484237
131636493576
131636502304
131636512435
131636521224
131636531356
131636540023
131636547347
131636559677
131636569442
131636581344
131636590255
131636598739
131636607284
131636618331
131636627608
131636636336
131636646773
131636655563
131636665145
131636676070
131636691207
131636709456
131636719039
131636728743
131636738753
131636750289
131636762130
131636771712
131636780867
131636790450
131636798873
131636809371
131636817733
131636828231
131636840193
131636849104
131636857710
131636866988
131636878645
131636891463
131636898848
131636910567
131636918562
131636930647
131636938704
131636950362
131636958235
131636967268
131636978377
131636989851
131636997847
131637005964
131637017866
131637028120
131637036360
131637045576
131637056257
131637063887
131637075422
131637083235
131637095259
131637104963
131637113264
131637125044
131637132246
131637142134
131637154157
131637163679
131637171308
131637182295
131637189802
131637202985
131637212263
131637222456
131637232343
131637242231
131637250410
131637260480
131637268598
131637283124
131637291974
131637302289
131637313337
131637323530
131637332990
131637343183
131637352765
131637360822
131637372052
131637382489
131637392804
131637399274
131637408979
131637421308
131637429364
131637439923
131637452497
131637458478
131637469525
131637480328
131637487775
131637498883
131637506146
131637517560
131637528058
131637537152
131637546490
131637556073
131637564801
131637575116
131637582928
131637596295
131637603741
131637614789
131637622601
131637633160
131637640728
131637652325
131637662823
131637672284
131637679608
131637690838
131637698407
131637708477
131637716046
131637725506
131637736370
131637744183
131637755108
131637762615
131637773785
131637783306
131637790691
131637802898
131637810772
131637821331
131637836651
131637850323
131637860699
131637872417
131637892925
