189419910530
189419915047
189419919563
189419925484
189419932014
189419938789
189419943794
189419950630
189419957405
189419963325
189419969368
189419976692
189419982857
189419988472
189419994514
189420001655
189420008552
189420015815
189420022773
189420028022
189420036140
189420042549
189420048774
189420056404
189420062690
189420070320
189420076179
189420085029
189420092048
189420097846
189420105659
189420111152
189420119392
189420125495
189420132209
189420139961
189420147102
189420152107
189420159248
189420167304
189420174018
189420182197
189420188850
189420194587
189420200263
189420209113
189420215156
189420222236
189420230964
189420236762
189420244330
189420250251
189420256660
189420264838
189420272285
189420279304
189420287604
189420294135
189420301398
189420308844
189420315009
189420324836
189420331305
189420338263
189420345221
189420353095
189420360541
189420369269
189420376227
189420383551
189420389838
189420396918
189420403083
189420411261
189420417304
189420425849
189420430853
189420438666
189420445929
189420454596
189420460455
189420469428
189420476752
189420482611
189420492804
189420500006
189420507635
189420514716
189420523077
189420530768
189420539252
189420547430
189420555670
189420561102
189420569952
189420577948
189420584784
189420592840
189420600897
189420608954
189420618231
189420626043
189420632635
189420640997
189420646551
189420654913
189420661688
189420670416
189420678533
189420685919
189420692388
189420699774
189420705450
189420714300
189420722784
189420729864
189420737127
189420743475
189420749334
189420757086
189420762518
189420772161
189420778448
189420786993
189420793523
189420800970
189420807195
189420813726
189420822942
189420829656
189420836004
189420846319
189420854742
189420860906
189420868352
189420877630
189420884343
189420893682
189420902654
189420910772
189420919439
189420926275
189420935552
189420942449
189420951116
189420958013
189420966741
189420975835
189420981511
189420988713
189420995793
189421005559
189421012517
189421019780
189421027532
189421038762
189421045903
189421053960
189421060307
189421068791
189421076909
189421085149
189421093388
189421099553
189421105473
189421115239
189421122197
189421128911
189421137578
189421145695
189421151982
189421159001
189421165593
189421172246
189421182499
189421189824
189421196293
189421206181
189421212040
189421218510
189421227787
189421235112
189421242070
189421250004
189421257145
189421263798
189421271122
189421277897
189421284977
189421294438
189421302616
189421310856
189421318302
189421324284
189421332829
189421341252
189421347843
189421358097
189421364689
189421371403
189421379826
189421387516
189421393681
189421403019
189421410587
189421418644
189421425358
189421432682
189421439213
189421445988
189421455326
189421461551
189421470524
189421480106
189421487736
189421496341
189421503360
189421510013
189421519413
189421527164
189421534549
189421543949
189421553226
189421561466
189421569950
189421577091
189421585880
189421593082
189421600162
189421608280
189421617313
189421624210
189421633853
189421640872
189421647220
189421655521
189421661563
189421672183
189421679202
189421688846
189421696048
189421702884
189421711917
189421719546
189421728519
189421736941
189421743045
189421752017
189421758670
189421768741
189421776431
189421785037
189421791079
189421798526
189421805789
189421812503
189421819400
189421827029
189421835147
189421842776
189421851382
189421858523
189421866519
189421873477
189421881350
189421889102
189421896487
189421904849
189421911257
189421919314
189421927310
189421933779
189421941165
189421947390
189421955203
189421961794
189421968752
189421975710
189421984927
189421991701
189422000002
189422006228
189422014162
189422022280
189422030703
189422037173
189422044619
189422054079
189422062380
189422070009
189422076296
189422082888
189422091616
189422098452
189422106630
189422113466
189422120974
189422130495
189422137270
189422143373
189422151125
189422160219
189422167055
189422173464
189422182253
189422189150
189422194948
189422202089
189422208132
189422214052
189422221620
189422228151
189422234804
189422242922
189422249147
189422255312
189422262880
189422268617
189422275331
189422283083
189422289186
189422296266
189422302797
189422310243
189422316347
189422321840
189422329042
189422336000
189422341676
189422348573
189422354433
189422363222
189422370546
189422377321
189422385255
189422390870
189422398317
189422403993
189422410890
189422416749
189422425782
189422432740
189422439149
189422445924
189422452455
189422458985
189422466798
189422473207
189422480104
189422486695
189422494142
189422500245
189422507447
189422512940
189422518495
189422526124
189422532350
189422539918
189422545350
189422552857
189422558839
189422565369
189422571717
189422578797
189422584534
189422589844
189422597657
189422603822
189422609376
189422616883
189422625062
189422631409
189422638734
189422645020
189422652100
189422658265
189422664551
189422672913
189422679261
189422684937
189422691224
189422699402
189422705750
189422711976
189422720581
189422725892
189422733704
189422738770
189422746399
189422753174
189422758423
189422764710
189422772583
189422779053
189422786255
189422793030
189422799805
189422806030
189422811646
189422819885
189422825928
189422833740
189422839417
189422846680
189422852966
189422859985
189422868469
189422874084
189422882324
189422889832
189422896118
189422902832
189422911255
189422917786
189422924255
189422930786
189422938171
189422944580
189422951294
189422957214
189422964172
189422970276
189422976684
189422982605
189422989197
189422997986
189423004333
189423010437
189423018493
189423025634
189423031677
189423038574
189423043701
189423050354
189423055725
189423062011
189423069519
189423076110
189423083190
189423091125
189423096435
189423102477
189423109008
189423116516
189423122314
189423129455
189423135070
189423142883
189423149352
189423156616
189423165160
189423172485
189423178222
189423185058
189423193725
189423200194
189423207580
189423213866
189423220397
189423226684
189423232726
189423240294
189423246581
189423252501
189423258300
189423265197
189423271972
189423278624
189423286376
189423293456
189423299743
189423306517
189423314635
189423321837
189423329650
189423337523
189423343444
189423349364
189423356322
189423364440
189423370299
189423376769
189423383055
189423390685
189423397093
189423403075
189423411192
189423418578
189423424376
189423431639
189423437315
189423444762
189423451537
189423458006
189423466673
189423472899
189423478026
189423485899
189423492491
189423499937
189423505797
189423511839
189423521483
189423526976
189423532896
189423538939
189423544737
189423551756
189423560179
189423565977
189423571959
189423581114
189423587828
189423593626
189423599608
189423607115
189423612364
189423620115
189423627134
189423633360
189423640928
189423647703
189423655821
189423662229
189423668089
189423673704
189423679502
189423686521
189423692442
189423699339
189423706480
189423712400
189423720335
189423727049
189423736143
189423742674
189423748899
189423756773
189423763487
189423771238
189423776792
189423782774
189423789487
189423797544
189423804136
189423812253
189423818479
189423823972
189423831602
189423836973
189423844175
189423849729
189423856931
189423862974
189423869687
189423875913
189423882566
189423890378
189423895383
189423903074
189423909238
189423916501
189423922178
189423927854
189423934323
189423942075
189423948972
189423956296
189423964597
189423970456
189423979245
189423985715
189423992063
189424000363
189424007688
189424013852
189424019711
189424025693
189424031979
189424038022
189424045163
189424052365
189424057492
189424065121
189424070065
189424077084
189424081357
189424088437
189424095395
189424101437
189424107663
189424116025
189424121823
189424127804
189424133420
189424139645
189424146176
189424152585
189424159237
189424166195
189424172299
189424178341
189424184384
189424190487
189424198605
189424205197
189424213009
189424219174
189424227475
189424235897
189424241513
189424249691
189424255612
189424263241
189424268795
189424276181
189424282589
189424289852
189424296871
189424303768
189424309872
189424315060
189424322201
189424328182
189424335873
189424341610
189424348202
189424355831
189424361019
189424368526
189424373287
189424380856
189424386959
189424393307
189424400021
189424405819
189424413143
189424420894
189424426449
189424434810
189424441463
189424447994
189424456051
189424462459
189424468319
189424477657
189424485103
189424491634
189424498165
189424504512
189424511226
189424517208
189424523922
189424530208
189424535945
189424543819
189424550716
189424556819
189424563838
189424569576
189424575923
189424583614
189424590816
189424598384
189424604976
189424611934
189424617854
189424624385
189424630061
189424635860
189424641963
189424648921
189424654170
189424660945
189424666438
189424673274
189424678584
189424685847
189424692989
189424698909
189424703181
189424708797
189424715633
189424723140
189424728999
189424735591
189424742671
189424749141
189424755488
189424761470
189424767878
189424775508
189424780940
189424787349
189424794124
189424802180
189424808040
189424815791
189424821040
189424828730
189424835994
189424842646
189424849116
189424856806
189424862055
189424867427
189424874018
189424879328
189424885615
189424893305
189424899531
189424906001
189424912104
189424918818
189424924799
189424931391
189424937739
189424944880
189424952204
189424958186
189424963679
189424973078
189424979487
189424987543
189424993525
189424999934
189425007258
189425013361
189425020685
189425026667
189425032587
189425040949
189425046503
189425052485
189425059992
189425065485
189425071283
189425078730
189425085016
189425091181
189425098932
189425104364
189425110651
189425115900
189425122126
189425129816
189425135370
189425141046
189425149103
189425153742
189425162714
189425168573
189425174433
189425181269
189425188165
189425194147
189425202020
189425207636
189425214899
189425222406
189425227289
189425235407
189425242487
189425248773
189425255365
189425261224
189425267755
189425273309
189425279718
189425286615
189425292352
189425300714
189425309076
189425314935
189425323236
189425329828
189425336419
189425343194
189425349359
189425356683
189425362787
189425368524
189425376214
189425382318
189425388788
189425394891
189425402704
189425407769
189425415094
189425419671
189425426751
189425432000
189425439508
189425445367
189425450311
189425457208
189425462518
189425469232
189425474542
189425480767
189425488214
189425494134
189425499871
189425506768
189425511773
189425517571
189425524346
189425531121
189425538140
189425544671
189425551751
189425557732
189425563226
189425569329
189425576348
189425584405
189425590691
189425597832
189425603692
189425610833
189425616936
189425624322
189425630181
189425636651
189425643181
189425651116
189425656975
189425663567
189425669426
189425675957
189425681939
189425688714
189425694817
189425701470
189425707451
189425713982
189425719841
189425725273
189425733208
189425738396
189425745476
189425749687
189425756645
189425762810
189425768120
189425775505
189425781426
189425787773
189425795952
189425801201
189425806572
189425813957
189425818291
189425824822
189425832451
189425838799
189425844292
189425851860
189425857292
189425863274
189425870232
189425876640
189425883171
189425891289
189425896599
189425902641
189425908745
189425916374
189425922355
189425928886
189425936638
189425942131
189425949455
189425955009
189425961235
189425966728
189425975212
189425983390
189425989433
189425995353
189426000969
189426006279
189426011711
189426018547
189426024528
189426031791
189426037834
189426043815
189426052116
189426057365
189426064506
189426070548
189426078178
189426084281
189426091056
189426096916
189426104301
189426110404
189426117301
189426123649
189426130790
189426137077
189426143974
189426149345
189426156120
189426161613
189426167350
189426175834
189426182487
189426189567
189426194755
189426200248
189426207938
189426213492
189426220267
189426228141
189426234427
189426240226
189426245353
189426253287
189426259269
189426265555
189426271964
189426279532
189426285819
189426291373
189426297355
189426304618
189426310416
189426315665
189426323783
189426328910
189426335868
189426341178
189426348075
189426354300
189426359732
189426366141
189426371878
189426378104
189426384757
189426391776
189426396292
189426401663
189426409537
189426415335
189426424429
189426430899
189426437430
189426443472
189426450430
189426456412
189426463187
189426469534
189426475394
189426483389
189426489371
189426495474
189426500906
189426508536
189426514822
189426522452
189426528555
189426533682
189426538504
189426545645
189426552237
189426557608
189426564261
189426569693
189426576773
189426584219
189426589407
189426594412
189426600271
189426605215
189426614553
189426620352
189426627005
189426634024
189426640066
189426647085
189426653067
189426658682
189426665212
189426672476
189426678823
189426685842
189426691946
189426697256
189426704885
189426710317
189426718557
189426725271
189426732473
189426737844
189426745168
189426750356
189426755727
189426761526
189426771291
189426777578
189426782583
189426788198
189426794607
189426800100
189426806081
189426812673
189426819326
189426825429
189426832082
189426837697
189426843984
189426849416
189426855825
189426862233
189426868581
189426875539
189426883107
189426888906
189426898915
189426905263
189426913320
189426920034
189426926503
189426933644
189426940053
189426946950
189426953481
189426960500
189426968679
189426973500
189426981191
189426986867
189426994557
189426999745
189427007497
189427014028
189427019826
189427026112
189427033009
189427038869
189427045888
189427051381
189427058949
189427064626
189427072011
189427078480
189427085499
189427091542
189427098073
189427103810
189427110097
189427116261
189427123158
189427129750
189427135731
189427143910
189427151112
189427156910
189427163929
189427169789
189427177235
189427183522
189427189198
189427194813
189427202259
189427207447
189427214466
189427221852
189427229725
189427235340
189427241322
189427248036
189427254139
189427261585
189427267506
189427275440
189427281300
189427288258
189427295521
189427300831
189427306263
189427313831
189427321461
189427328297
189427334522
189427341908
189427347950
189427353748
189427359425
189427365406
189427371998
189427379688
189427385609
189427393787
189427399708
189427405445
189427414600
189427420338
189427426319
189427433155
189427439075
189427445118
189427453052
189427459827
189427467029
189427472828
189427480762
189427488269
189427494373
189427502735
189427509204
189427515674
189427523365
189427529590
189427535938
189427541919
189427549304
189427555225
189427561389
189427568347
189427576160
189427583301
189427589160
189427594898
189427601306
189427608630
189427614002
189427621265
189427627857
189427634204
189427641772
189427647083
189427653064
189427659167
189427666309
189427674426
189427680225
189427685535
189427690967
189427697497
189427703113
189427708545
189427716784
189427723681
189427728930
189427735705
189427740649
189427746325
189427751269
189427759204
189427766406
189427772876
189427779956
189427785998
189427792773
189427799060
189427804736
189427811145
189427818225
189427824572
189427831835
189427837512
189427843066
189427850817
189427856860
189427863330
189427869494
189427877001
189427882922
189427888171
189427893664
189427900683
189427906420
189427914416
189427919970
189427925402
189427931445
189427938830
189427944079
189427951220
189427956347
189427963793
189427969591
189427975085
189427982470
189427988085
189427994189
189428000841
189428010058
189428016039
189428023852
189428030688
189428036425
189428046007
189428053393
189428059740
189428065416
189428073229
189428079516
189428085619
189428091784
189428099413
189428104662
189428112963
189428119615
189428124926
189428131456
189428136522
189428143114
189428147997
189428153551
189428161424
189428167772
189428174791
189428180650
189428186327
189428193468
189428199022
189428204820
189428211229
189428216966
189428224107
189428229967
189428235521
189428241624
189428248399
189428256517
189428261644
189428269212
189428274339
189428281908
189428288621
189428294054
189428300584
189428309007
189428315599
189428321275
189428326829
189428334764
189428340928
189428347276
189428354234
189428362047
189428368394
189428373826
189428381150
189428386216
189428391893
189428398057
189428406053
189428412522
189428420274
189428425767
189428433824
189428439866
189428445664
189428451890
189428459825
189428465989
189428473924
189428479417
189428486924
189428495164
189428501878
189428509385
189428515489
189428521836
189428528001
189428535020
189428541245
189428547959
189428556687
189428562485
189428570298
189428576462
189428583970
189428590562
189428599106
189428605637
189428612534
189428618821
189428625779
189428631638
189428637131
189428644700
189428650681
189428656968
189428665024
189428671616
189428679490
189428685654
189428693772
189428699997
189428708176
189428714646
189428720505
189428727280
189428733261
189428739487
189428746079
189428753281
189428761582
189428766464
189428773606
189428780014
189428785141
189428791733
189428796921
189428803513
189428812607
189428818955
189428823654
189428830368
189428838242
189428844223
189428850937
189428857162
189428864731
189428870712
189428876999
189428882980
189428889267
189428895187
189428901047
189428909653
189428916427
189428922043
189428929428
189428935104
189428942001
189428947555
189428954086
189428961960
189428967209
189428972335
189428979049
189428986435
189428991684
189428999496
189429005661
189429012313
189429018478
189429024398
189429030380
189429036300
189429042282
189429049301
189429055587
189429062850
189429069747
189429077804
189429084030
189429092880
189429099532
189429106063
189429112960
189429119430
189429126998
189429133468
189429139816
189429147872
189429154037
189429160934
189429168075
189429174483
189429180465
189429187789
189429193831
189429198958
189429205428
189429211410
189429218001
189429225020
189429231185
189429236617
189429243148
189429250045
189429255416
189429261336
189429268477
189429275618
189429280989
189429287093
189429292647
189429298262
189429306563
189429312178
189429319930
189429324446
189429331526
189429336226
189429342940
189429347823
189429355635
189429361678
189429367171
189429374251
189429379744
189429387007
189429392622
189429399397
189429407576
189429414168
189429420577
189429426558
189429433394
189429439497
189429444929
189429450484
189429459334
189429465803
189429472578
189429478560
189429484846
189429490828
189429497481
189429504256
189429510359
189429517927
189429524641
189429533003
189429539595
189429547407
189429553877
189429560164
189429568281
189429574141
189429581892
189429588179
189429596479
189429601973
189429607466
189429613813
189429620283
189429627302
189429632734
189429638777
189429645857
189429652387
189429659406
189429665754
189429671125
189429678022
189429682600
189429689802
189429695356
189429703779
189429710371
189429715803
189429722028
189429729047
189429734602
189429740034
189429747175
189429755231
189429761213
189429765790
189429773847
189429781049
189429787031
189429793683
189429800947
189429807966
189429814313
189429820234
189429827802
189429832990
189429840436
189429845990
189429852277
189429857892
189429865033
189429870771
189429878034
189429883527
189429890485
189429897077
189429904340
189429910688
189429915265
189429921125
189429928754
189429933637
189429938642
189429944318
189429952374
189429958661
189429965131
189429971295
189429978131
189429983869
189429989850
189429995892
189430003400
189430009198
189430014447
189430020184
189430026715
189430032758
189430039655
189430048749
189430055157
189430060834
189430067731
189430073285
189430080609
189430086102
189430092206
189430101666
189430108014
189430114361
189430120343
189430126935
189430132916
189430139264
189430145794
189430152813
189430159466
189430165020
189430172650
189430178204
189430184185
189430190716
189430196759
189430203472
189430211895
189430218609
189430226910
189430233624
189430241314
189430247662
189430254376
189430260601
189430266949
189430274700
189430280682
189430286541
189430292400
189430300823
189430306255
189430313824
189430318096
189430325665
189430331585
189430337383
189430342876
189430350506
189430356548
189430361553
189430367657
189430374432
189430380535
189430388409
189430395305
189430402080
189430408672
189430414776
189430422588
189430428997
189430434978
189430441448
189430447796
189430454754
189430461101
189430468181
189430473674
189430480938
189430486492
189430491680
189430500591
189430507366
189430514751
189430520061
189430525554
189430533916
189430538555
189430546367
189430552410
189430559184
189430565532
189430573100
189430578716
189430584636
189430591472
189430597759
189430604167
189430611797
189430617900
189430623210
189430632182
189430638408
189430646709
189430652751
189430659282
189430666972
189430673137
189430679423
189430685405
189430691386
189430699199
189430706706
189430712749
189430718730
189430726359
189430731059
189430739360
189430746684
189430753032
189430759196
189430767497
189430773600
189430778178
189430786784
189430792521
189430798259
189430806803
189430813090
189430818949
189430824992
189430832377
189430838359
189430844706
189430853251
189430858988
189430864848
189430870463
189430877604
189430882548
189430889506
189430894511
189430902811
189430907206
189430914835
189430920023
189430927470
189430933817
189430939066
189430944376
189430952250
189430957438
189430962504
189430969767
189430975077
189430981974
189430987467
189430994303
189431002787
189431008890
189431011759
189431018778
189431025736
189431032267
189431038675
189431044901
189431051554
189431057596
189431064005
189431069986
189431076761
189431082804
189431089884
189431096415
189431103434
189431109903
189431116800
189431124246
189431132303
189431140360
189431146890
189431153482
189431159891
189431166666
189431172830
189431179483
189431185526
189431192545
189431199564
189431205728
189431212686
189431218485
189431223367
189431229227
189431234781
189431242899
189431248575
189431254800
189431261819
189431266641
189431271585
189431277688
189431285196
189431291849
189431298379
189431305459
189431313028
189431319253
189431325357
189431331521
189431339029
189431345559
189431352090
189431358194
189431364846
189431371988
189431378335
189431383950
189431389444
189431398782
189431405374
189431410195
189431416848
189431424356
189431429666
189431435159
189431442178
189431450479
189431456704
189431462136
189431469705
189431474893
189431482522
189431487832
189431496072
189431502602
189431508767
189431515176
189431523110
189431529275
189431537209
189431544045
189431549905
189431557412
189431563760
189431569924
189431576821
189431582619
189431588784
189431594765
189431602273
189431607461
189431613137
189431619973
189431626381
189431631997
189431638894
189431647255
189431655190
189431660561
189431666542
189431671242
189431679116
189431686379
189431693276
189431700844
189431707436
189431712380
189431720070
189431725319
189431733071
189431738686
189431747170
189431753578
189431759072
189431766152
189431771584
189431778603
189431783791
189431789345
189431797279
189431803810
189431809914
189431815834
189431820534
189431828590
189431833961
189431841713
189431848122
189431854225
189431859413
189431866310
189431871681
189431877418
189431883888
189431892250
189431898231
189431903724
189431909706
189431917030
189431922828
189431928077
189431933265
189431941017
189431946998
189431954261
189431959510
189431966835
189431972084
189431979835
189431986488
189431994484
189432000892
189432007362
189432013343
189432019264
189432025306
189432032569
189432039161
189432045875
189432054237
189432060157
189432066322
189432076576
189432080116
189432089332
189432097450
189432103919
189432111121
189432117347
189432124061
189432130103
189432135902
189432144935
189432150123
189432157752
189432163489
189432170447
189432175574
189432182227
189432186622
189432194495
189432199866
189432207740
189432215064
189432221839
189432228064
189432233802
189432241980
189432249122
189432254065
189432260718
189432265967
189432274268
189432280249
189432286658
189432294348
189432300879
189432306800
189432314490
189432320166
189432326270
189432333838
189432341040
189432346778
189432354224
189432360205
189432367041
189432373206
189432378882
189432384558
189432393164
189432398779
189432406104
189432411475
189432418677
189432423865
189432431128
189432439246
189432445654
189432451330
189432456946
189432462500
189432468359
189432475744
189432480688
189432489233
189432495215
189432501867
189432506994
189432511938
189432518957
189432524145
189432529760
189432538244
189432544653
189432549414
189432557898
189432563391
189432568640
189432574072
189432581640
189432589819
189432595922
189432602026
189432608068
189432614843
189432621008
189432628332
189432636511
189432641210
189432648901
189432655493
189432661108
189432668005
189432673620
189432681555
189432687292
189432693334
189432700719
189432706213
189432711767
189432720617
189432726171
189432734106
189432739843
189432747777
189432753515
189432759313
189432764867
189432771886
189432777257
189432784215
189432789831
189432797338
189432804235
189432809667
189432817052
189432822423
189432828710
189432836217
189432842199
189432848607
189432854467
189432860875
189432866918
189432873937
189432881078
189432888036
189432894445
189432900792
189432906957
189432913365
189432920934
189432926000
189432934789
189432940282
189432947911
189432954503
189432959874
189432966100
189432973546
189432979100
189432987706
189432993932
189432999425
189433004613
189433009923
189433019017
189433023839
189433029881
189433037572
189433043919
189433050572
189433056493
189433063145
189433068944
189433076024
189433081639
189433088597
189433093663
189433099949
189433105015
189433111363
189433118565
189433124119
189433132664
189433139012
189433142430
189433151646
189433157200
189433162693
189433168675
189433174717
189433181614
189433188145
189433194798
189433200901
189433207127
189433214878
189433220433
189433229283
189433235569
189433242588
189433248387
189433255833
189433261082
189433268650
189433274632
189433282383
189433289219
189433295689
189433301731
189433307774
189433315281
189433321934
189433329197
189433336155
189433341953
189433347080
189433354038
189433358433
189433365269
189433370457
189433378574
189433384311
189433389683
189433395969
189433402744
189433408359
189433414951
189433420078
189433428501
189433434482
189433440525
189433446506
189433453220
189433459262
189433464511
189433470981
189433479648
189433486545
189433492099
189433500217
189433506992
189433512973
189433523349
189433530429
189433537387
189433543186
189433551120
189433557834
189433563571
189433571872
189433579013
189433585056
189433593295
189433599094
189433604709
189433613010
189433619662
189433626132
189433636081
189433642673
189433648837
189433654513
189433661838
189433668246
189433675632
189433682223
189433688510
189433693637
189433699679
189433706820
189433712985
189433720736
189433726779
189433732455
189433739718
189433744601
189433751498
189433758029
189433765597
189433773837
189433779574
189433787204
189433793185
189433798922
189433805514
189433813693
189433820040
189433827181
189433833285
189433840182
189433847567
189433854342
189433860323
189433867159
189433874911
189433882662
189433888094
189433895541
189433900851
189433909884
189433917147
189433922640
189433928133
189433935824
189433942171
189433949740
189433956026
189433963473
189433969027
189433976168
189433983309
189433988680
189433994295
189434002657
189434009432
189434017733
189434024447
189434031588
189434037325
189434044344
189434051485
189434056978
189434062166
189434069612
189434076448
189434082796
189434089083
189434095858
189434103731
189434109346
189434115816
189434123323
189434129976
189434136385
189434143953
189434150667
189434156465
189434164888
189434171785
189434179353
189434184969
189434194063
189434200472
189434208955
189434216096
189434222017
189434228914
189434236360
189434242097
189434250032
189434257539
189434265779
189434271516
189434278596
189434286165
189434292390
189434299959
189434307710
189434313508
189434320283
189434329255
189434335298
189434342744
189434350801
189434356233
189434362947
189434369111
189434378389
189434384309
189434391450
189434399079
189434404939
189434412507
189434420198
189434427033
189434434236
189434440156
189434448518
189434454377
189434460542
189434468049
189434477021
189434483247
189434491059
189434496674
189434502656
189434509431
189434518525
189434526337
189434530793
189434538178
189434543488
189434550751
189434556733
189434563630
189434569611
189434576569
189434582734
189434589753
189434594941
189434602692
189434608796
189434615754
189434621552
189434629059
189434633515
189434641083
189434648407
189434657257
189434663361
189434669037
189434677155
189434683503
189434689484
189434695465
189434704438
189434710846
189434718292
189434724884
189434733673
189434739960
189434748444
189434756745
189434764557
189434771942
189434780243
189434787506
189434795624
189434801483
189434808685
189434816681
189434823334
189434829071
189434836090
189434843109
189434850555
189434857391
189434862762
189434870331
189434876129
189434884430
189434889801
189434897064
189434904022
189434911651
189434918121
189434924286
189434932281
189434940399
189434947235
189434955230
189434960418
189434967804
189434971832
189434980255
189434986480
189434994354
189435000152
189435007354
189435013030
189435019622
189435026092
189435032256
189435040252
189435048187
189435054168
189435060027
189435066680
189435074737
189435081451
189435088409
189435093902
189435100433
189435106475
189435112395
189435120574
189435126495
189435134124
189435139739
189435145598
189435151031
189435156829
189435164275
189435171966
189435179534
189435185637
189435193938
189435201507
189435207915
189435214568
189435220549
189435229216
189435237456
189435243743
189435249236
189435257842
189435264678
189435272307
189435280669
189435287383
189435294707
189435300933
189435309111
189435315337
189435323149
189435331755
189435337920
189435345183
189435351592
189435358489
189435364226
189435373137
189435378508
189435386443
189435393217
189435399565
189435406889
189435413725
189435421538
189435427824
189435436491
189435442839
189435449309
189435455839
189435464018
189435469877
189435475554
189435482390
189435489287
189435496489
189435503813
189435511625
189435517241
189435525053
189435530851
189435538481
189435544767
189435552092
189435559599
189435565458
189435572477
189435581327
189435587614
189435593901
189435600492
189435609098
189435615019
189435621610
189435629240
189435636625
189435643339
189435650968
189435657194
189435663236
189435669035
189435675626
189435684843
189435690824
189435696500
189435702726
189435708097
189435714140
189435721769
189435728239
189435735013
189435740324
189435748258
189435754606
189435760160
189435766324
189435772916
189435779264
189435785489
189435791105
189435796537
189435803800
189435811063
189435818143
189435825956
189435831388
189435839811
189435845304
189435854093
189435860685
189435867765
189435875394
189435881925
189435888150
189435893827
189435901517
189435909329
189435917142
189435923306
189435930631
189435936612
189435943204
189435948819
189435954862
189435962857
189435971890
189435978238
189435985623
189435991483
189435997281
189436004910
189436013089
189436018765
189436024686
189436032254
189436039761
189436046048
189436054837
189436061123
189436069790
189436075467
189436082058
189436090420
189436098416
189436104947
189436110745
189436118618
189436125576
189436131436
189436138821
189436147122
189436153714
189436162442
189436168362
189436176052
189436181851
189436191128
189436197354
189436204983
189436211086
189436218533
189436224880
189436232205
189436240994
189436246792
189436255093
189436260769
189436267422
189436273464
189436282314
189436289883
189436297695
189436303555
189436309414
189436318752
189436324001
189436331448
189436337246
189436344143
189436351894
189436357387
189436363552
189436370022
189436378811
189436386562
189436392299
189436399440
189436406276
189436412136
189436420925
189436427944
189436435390
189436441127
189436449367
189436455715
189436463710
189436470241
189436476589
189436485500
189436492275
189436499477
189436506496
189436514919
189436521877
189436528530
189436536342
189436542140
189436549831
189436556850
189436563930
189436570705
189436576625
189436582851
189436589809
189436596339
189436604152
189436610255
189436618007
189436623500
189436630641
189436636073
189436642787
189436648158
189436657069
189436663112
189436670070
189436678126
189436684657
189436691371
189436698817
189436705470
189436711451
189436718348
189436725367
189436731776
189436740321
189436748561
189436756556
189436764247
189436773402
189436779994
189436787745
189436795558
189436802516
189436809657
189436815882
189436823206
189436829371
189436837184
189436843836
189436850245
189436857447
189436864222
189436871424
189436877222
189436885828
189436891322
189436899195
189436906947
189436912867
189436918787
189436927149
189436933985
189436939600
189436944971
189436952173
189436959254
189436968104
189436974695
189436981592
189436987757
189436996302
189437004541
189437010645
189437019190
189437026575
189437032923
189437040979
189437046595
189437054529
189437062403
189437069239
189437075830
189437082910
189437089624
189437097071
189437103540
189437110864
189437117029
189437124292
189437131922
189437138635
189437146021
189437152063
189437159631
189437165979
189437173242
189437179590
189437184778
189437190210
189437198755
189437204492
189437211816
189437219263
189437225976
189437232629
189437237573
189437245508
189437251489
189437258203
189437264612
189437271570
189437280420
189437286340
189437293237
189437301599
189437307336
189437314721
189437321252
189437328393
189437334619
189437342736
189437350610
189437356591
189437365380
189437370751
189437377771
189437383508
189437389978
189437398828
189437404626
189437411523
189437416894
189437422875
189437430871
189437438073
189437446191
189437451684
189437459802
189437465112
189437470971
189437477685
189437485680
189437490990
189437499474
189437505944
189437512353
189437521142
189437527123
189437535668
189437541711
189437548974
189437554345
189437560082
189437568322
189437576012
189437582726
189437588707
189437594872
189437603356
189437609642
189437616723
189437625206
189437631188
189437638268
189437646447
189437653038
189437659935
189437666466
189437674645
189437680626
189437686852
189437694359
189437702477
189437707909
189437716332
189437722496
189437729515
189437735436
189437742821
189437750755
189437756737
189437765770
189437771812
189437778404
189437785118
189437790367
189437798363
189437804283
189437812401
189437818260
189437826500
189437833031
189437839317
189437845604
189437854393
189437859947
189437867393
189437873863
189437881492
189437887657
189437893150
189437900657
189437906639
189437915245
189437923301
189437930503
189437938133
189437944664
189437953208
189437961448
189437967979
189437975608
189437981712
189437988365
189437997154
189438005210
189438014976
189438020774
189438026634
189438034324
189438040672
189438047874
189438056907
189438064353
189438072532
189438079185
189438087669
189438093650
189438101096
189438106956
189438114890
189438121726
189438128867
189438135764
189438142661
189438150046
189438155845
189438162620
189438168601
189438176047
189438183188
189438190268
189438196799
189438202414
189438210166
189438215964
189438222190
189438230368
189438236045
189438244468
189438251303
189438257102
189438263877
189438269736
189438275595
189438281943
189438288108
189438294211
189438300376
189438308005
189438314231
189438319846
189438325339
189438333457
189438339987
189438345114
189438351462
189438356406
189438362570
189438369894
189438376364
189438382895
189438389304
189438395773
189438401572
189438409079
189438414816
189438420248
189438426535
189438433005
189438440695
189438447653
189438453940
189438463522
189438470114
189438477377
189438484030
189438492270
189438498678
189438504904
189438511007
189438518820
189438525534
189438532003
189438538900
189438546286
189438552633
189438560446
189438566793
189438573080
189438581076
189438587484
189438594442
189438599691
189438607137
189438613180
189438618612
189438624838
189438633260
189438639486
189438645773
189438653829
189438660055
189438665304
189438671224
189438678609
189438684652
189438691488
189438697652
189438704793
189438711141
189438718832
189438724752
189438732931
189438738729
189438745992
189438751790
189438757711
189438764974
189438773092
189438779622
189438785665
189438793783
189438799520
189438805623
189438813619
189438820699
189438828695
189438834920
189438840963
189438848836
189438855062
189438860860
189438868733
189438875508
189438881124
189438889302
189438895650
189438902547
189438908772
189438915608
189438923665
189438928914
189438935628
189438940755
189438948384
189438954305
189438961079
189438969563
189438975911
189438981953
189438989400
189438994710
189439001240
189439006673
189439013203
189439020650
189439028950
189439034871
189439042805
189439048298
189439054585
189439063374
189439070454
189439076741
189439083210
189439089497
189439096821
189439103230
189439109394
189439117573
189439125447
189439130940
189439136982
189439142720
189439151936
189439159199
189439165669
189439172200
189439178364
189439186054
189439191914
189439199299
189439204975
189439211201
189439220844
189439226948
189439232807
189439238789
189439245869
189439251911
189439258991
189439267231
189439273396
189439279804
189439286213
189439292927
189439300983
189439306477
189439314716
189439319782
189439327045
189439332905
189439338581
189439345051
189439350788
189439360859
189439367573
189439373859
189439380085
189439388447
189439395466
189439401447
189439407978
189439416706
189439423236
189439430011
189439436481
189439443866
189439450336
189439455951
189439464008
189439471454
189439479572
189439485736
189439491474
189439499103
189439504474
189439510944
189439518573
189439524432
189439531818
189439538410
189439544574
189439552509
189439557086
189439565448
189439571429
189439576801
189439584430
189439590961
189439596881
189439604083
189439611041
189439618548
189439624408
189439632709
189439638995
189439647418
189439652789
189439658404
189439666705
189439672931
189439679767
189439685931
189439692035
189439699847
189439705767
189439712848
189439720172
189439728289
189439734393
189439740252
189439750323
189439755816
189439764422
189439771319
189439777056
189439785052
189439790850
189439797015
189439802447
189439812701
189439819903
189439826006
189439831622
189439839190
189439844866
189439850237
189439857562
189439865374
189439871966
189439878924
189439884905
189439891619
189439897600
189439904986
189439910784
189439916704
189439924578
189439930742
189439937212
189439943560
189439950579
189439959551
189439966143
189439971941
189439979937
189439985247
189439992632
189439999651
189440006182
189440013506
189440020403
189440026567
189440034563
189440039873
189440047808
189440055132
189440064409
189440070879
189440077165
189440083330
189440089128
189440096941
189440103655
189440110124
189440116777
189440124895
189440131242
189440138261
189440144731
189440151201
189440158952
189440164690
189440172441
189440178300
189440186601
189440192522
189440198564
189440204973
189440212663
189440218767
189440225358
189440231157
189440237077
189440242753
189440249223
189440255266
189440263078
189440268632
189440274980
189440280473
189440286943
189440293962
189440300309
189440307634
189440314347
189440320634
189440326432
189440332658
189440338761
189440345536
189440351945
189440359758
189440365983
189440371293
189440378861
189440384904
189440390824
189440397172
189440404313
189440411393
189440417558
189440424516
189440432084
189440440019
189440446000
189440454240
189440460526
189440468644
189440473893
189440481950
189440487931
189440494340
189440501786
189440508256
189440513444
189440519486
189440527238
189440533036
189440538651
189440549210
189440555985
189440561966
189440569413
189440574601
189440580155
189440588150
189440594254
189440602860
189440609635
189440616715
189440623368
189440630692
189440637040
189440645096
189440652359
189440658646
189440665482
189440671768
189440679520
189440685990
189440691422
189440699600
189440707047
189440712906
189440719010
189440726761
189440732376
189440741348
189440747818
189440754715
189440761917
189440767532
189440775345
189440781876
189440788528
189440796646
189440802688
189440808975
189440814957
189440822037
189440827530
189440833206
189440838394
189440847183
189440853287
189440860367
189440865799
189440872879
189440878555
189440884109
189440891861
189440897354
189440905288
189440909988
189440917434
189440922622
189440927932
189440935928
189440942337
189440949844
189440956436
189440962417
189440968582
189440975479
189440981582
189440988845
189440995437
189441001602
189441009658
189441016006
189441024123
189441032424
189441038772
189441046951
189441053481
189441059280
189441065688
189441073440
189441079299
189441086196
189441094070
189441100234
189441106032
189441113235
189441118850
189441127883
189441133071
189441140761
189441146926
189441152846
189441160293
189441165847
189441173049
189441179030
189441185256
189441194106
189441200637
189441207534
189441215712
189441220900
189441228713
189441235060
189441241530
189441248427
189441256545
189441262892
189441270522
189441276930
189441283949
189441292922
189441299452
189441305129
189441311415
189441319045
189441325331
189441332594
189441338759
189441346754
189441352919
189441359938
189441366408
189441373427
189441378981
189441385634
189441393629
189441401076
189441407240
189441413038
189441419020
189441426649
189441430983
189441439528
189441446547
189441452284
189441460402
189441466810
189441472609
189441479689
189441486036
189441493605
189441499647
189441508924
189441515821
189441522474
189441530348
189441537489
189441543348
189441551527
189441558180
189441564344
189441573072
189441579054
189441587599
189441594129
189441600660
189441608167
189441614515
189441620008
189441627882
189441634718
189441641615
189441648328
189441655897
189441662000
189441668531
189441675733
189441682203
189441689466
189441697523
189441703382
189441711072
189441718458
189441724378
189441729932
189441737440
189441742689
189441750257
189441755628
189441763440
189441769361
189441777051
189441783826
189441790845
189441797010
189441803540
189441809278
189441815686
189441821790
189441829236
189441837110
189441842786
189441850720
189441857312
189441864575
189441870862
189441878003
189441886914
189441893567
189441901013
189441906445
189441914685
189441921155
189441928113
189441934522
189441942212
189441948499
189441953931
189441961743
189441969128
189441974927
189441980908
189441989636
189441995740
189442002453
189442008130
189442014294
189442020459
189442027722
189442034192
189442042309
189442047986
189442054150
189442061413
189442067151
189442073742
189442082409
189442088452
189442094677
189442100781
189442108654
189442115063
189442123059
189442129711
189442135449
189442142651
189442147900
189442155590
189442161022
189442169018
189442175060
189442183727
189442191967
189442198010
189442204357
189442212109
189442218334
189442224377
189442232372
189442239574
189442245434
189442251293
189442260632
189442266796
189442273998
189442280590
189442288647
189442296215
189442301891
189442308788
189442314159
189442321667
189442328197
189442335338
189442341137
189442347912
189442354259
189442360119
189442367992
189442373607
189442381847
189442388012
189442395031
189442400707
189442407665
189442413524
189442419445
189442428539
189442434093
189442442577
189442448925
189442454723
189442463085
189442469737
189442476207
189442483226
189442491466
189442497814
189442504100
189442511363
189442517406
189442527477
189442534435
189442541148
189442546825
189442552928
189442560191
189442566234
189442571544
189442577830
189442585155
189442591930
189442599010
189442605296
189442611644
189442617747
189442623118
189442631358
189442638011
189442644969
189442650035
189442657542
189442662364
189442667369
189442673106
189442681529
189442687877
189442693980
189442700206
189442706919
189442712718
189442718211
189442724070
189442731211
189442737071
189442743479
189442749400
189442755198
189442761363
189442768626
189442776072
189442782847
189442789866
189442795481
189442802561
189442808299
189442813975
189442821116
189442830271
189442836619
189442841380
189442847727
189442855418
189442860850
189442868357
189442874949
189442882395
189442888865
189442895701
189442901743
189442908030
189442913828
189442919260
189442925120
189442931894
189442940073
189442947153
189442953562
189442962412
189442968271
189442976084
189442983042
189442988535
189442995676
189443000925
189443008738
189443014353
189443020761
189443029673
189443036325
189443042002
189443049570
189443055551
189443060800
189443069834
189443076181
189443084238
189443090769
189443099252
189443105966
189443111887
189443118662
189443127939
189443134287
189443140817
189443147043
189443154428
189443160776
189443166574
189443175546
189443181161
189443188974
189443195260
189443201242
189443209299
189443214487
189443223092
189443230234
189443235910
189443243173
189443250863
189443256967
189443263192
189443269662
189443276620
189443284616
189443290780
189443297067
189443303659
189443309823
189443316049
189443322091
189443329354
189443335885
189443343392
189443348825
189443354196
189443361215
189443366830
189443374887
189443382577
189443387948
189443393685
189443400338
189443406442
189443413400
189443421578
189443428109
189443435250
189443440682
189443446175
189443452401
189443460641
189443466439
189443473763
189443480050
189443484750
189443491280
189443499642
189443505685
189443512459
189443518868
189443525704
189443532113
189443538521
189443544442
189443550606
189443556466
189443562874
189443569466
189443576546
189443583931
189443590523
189443597603
189443605477
189443612069
189443618233
189443624703
189443631539
189443637337
189443643990
189443649788
189443656685
189443665047
189443670723
189443678597
189443683846
189443689644
189443698921
189443704659
189443712837
189443719673
189443725838
189443732124
189443740181
189443745979
189443753670
189443759773
189443767464
189443773140
189443780769
189443788765
189443794380
189443800850
189443808174
189443814155
189443821663
189443827217
189443833748
189443842048
189443848396
189443855476
189443861824
189443868782
189443876594
189443881477
189443888923
189443895027
189443900398
189443907295
189443914619
189443921089
189443927436
189443935615
189443942268
189443948371
189443953926
189443961494
189443966926
189443974067
189443979377
189443987068
189443993476
189444000556
189444009223
189444014411
189444022895
189444029304
189444038398
189444044868
189444051948
189444058540
189444065131
189444071845
189444079047
189444085212
189444092109
189444098334
189444103950
189444110602
189444117743
189444124091
189444130744
189444136603
189444142829
189444148566
189444155280
189444161322
189444168525
189444173835
189444179938
189444185309
189444192511
189444197882
189444206061
189444212226
189444217658
189444224189
189444229010
189444236212
189444241400
189444248908
189444255744
189444262946
189444269415
189444275336
189444281378
189444287177
189444294135
189444298895
189444304999
189444311774
189444320380
189444328436
189444334784
189444342169
189444350653
189444357428
189444365118
189444371466
189444379156
189444384711
189444391302
189444396918
189444403753
189444412482
189444419073
189444425787
189444433661
189444438971
189444446905
189444453924
189444459906
189444467413
189444473028
189444480841
189444485662
189444491400
189444498053
189444506170
189444511297
189444519293
189444526373
189444531866
189444538763
189444544073
189444549993
189444559271
189444565618
189444572027
189444578741
189444584905
189444592840
189444598028
189444606573
189444612920
189444620977
189444627203
189444634710
189444640874
189444646917
189444655218
189444660833
189444669012
189444676458
189444682073
189444688177
189444696660
189444703618
189444710088
189444717779
189444723028
189444730657
189444735540
189444743413
189444749822
189444757695
189444763982
189444771123
189444777044
189444783941
189444790166
189444797429
189444804204
189444811040
189444816411
189444825749
189444831914
189444838201
189444845342
189444852117
189444859014
189444864934
189444872075
189444877263
189444883244
189444890874
189444897771
189444903996
189444912053
189444917851
189444924199
189444931279
189444939275
189444944463
189444953130
189444958745
189444966130
189444974065
189444979375
189444985722
189444992985
189445001286
189445006535
189445014592
189445020939
189445026799
189445033940
189445039616
189445046574
189445054509
189445060429
189445066960
189445072636
189445079655
189445085942
189445093205
189445100956
189445106572
189445114079
189445119877
189445126835
189445132572
189445138554
189445146305
189445152531
189445160526
189445167179
189445172917
189445179264
189445188053
189445194828
189445201847
189445207829
189445213688
189445221684
189445228214
189445235722
189445241520
189445250797
189445257084
189445264652
189445270939
189445277164
189445283329
189445289127
189445297001
189445303531
189445309452
189445318363
189445323856
189445331669
189445338199
189445346805
189445352726
189445360599
189445366703
189445372196
189445380802
189445386783
189445393009
189445401065
189445407474
189445414493
189445420780
189445426334
189445432193
189445438358
189445444400
189445452152
189445457889
189445465213
189445473880
189445480533
189445488101
189445494876
189445502750
189445508548
189445515018
189445523807
189445530215
189445537723
189445544498
189445551639
189445558353
189445566775
189445575320
189445581912
189445588443
189445595462
189445601932
189445608279
189445615237
189445622867
189445627810
189445635074
189445641238
189445648684
189445654361
189445661868
189445667849
189445674136
189445679995
189445686282
189445692874
189445700991
189445706973
189445712466
189445718203
189445724246
189445730044
189445737185
189445743716
189445751467
189445758669
189445766360
189445771914
189445779177
189445785647
189445791445
189445800112
189445805544
189445813418
189445819216
189445827334
189445833132
189445841860
189445848147
189445856814
189445863100
189445869387
189445877444
189445882998
189445891176
189445898684
189445904421
189445912478
189445917788
189445925844
189445931704
189445939394
189445946108
189445953615
189445958925
189445966433
189445972170
189445977297
189445983461
189445991701
189445999636
189446005251
189446012697
189446017946
189446025453
189446032350
189446038637
189446046327
189446052126
189446057436
189446066591
189446072817
189446079225
189446087526
189446093813
189446099306
189446106142
189446111452
189446117738
189446125734
189446132448
189446140688
189446147157
189446152956
189446160951
189446167177
189446173036
189446179079
189446187623
189446193239
189446202455
189446208742
189446214967
189446221437
189446228273
189446236207
189446243165
189446248903
189446255311
189446263734
189446270021
189446275941
189446283693
189446290345
189446296571
189446303468
189446308900
189446316102
189446325135
189446331971
189446338075
189446346070
189446351624
189446357667
189446363465
189446370240
189446375367
189446382264
189446390138
189446396729
189446404237
189446410096
189446419251
189446425538
189446433717
189446439088
189446447083
189446452882
189446460816
189446467225
189446472962
189446480103
189446487733
189446494507
189446501954
189446508423
189446514222
189446522034
189446528687
189446537049
189446543396
189446549317
189446557129
189446563111
189446569703
189446576355
189446584412
189446591004
189446598206
189446603699
189446609192
189446617920
189446623780
189446630188
189446637390
189446643616
189446650086
189446658142
189446664368
189446669922
189446677612
189446684815
189446690735
189446696350
189446704102
189446709473
189446717468
189446723694
189446732910
189446738586
189446745972
189446752258
189446759460
189446765869
189446773071
189446780212
189446787964
189446793640
189446801391
189446807495
189446814209
189446823242
189446829773
189446836487
189446844665
189446849975
189446857971
189446863342
189446871154
189446876587
189446883789
189446889648
189446896179
189446902710
189446909973
189446916320
189446923950
189446929687
189446937744
189446943908
189446949829
189446955688
189446961547
189446968749
189446977355
189446983398
189446990966
189446996459
189447003356
189447008605
189447015319
189447023009
189447029845
189447036132
189447041320
189447049132
189447056945
189447062743
189447070190
189447077880
189447084228
189447090575
189447098754
189447104674
189447110961
189447118773
189447124877
189447133117
189447139098
189447145018
189447152343
189447160399
189447165892
189447174498
189447181517
189447187987
189447195800
189447201415
189447208007
189447213805
189447223143
189447229064
189447235655
189447242186
189447248595
189447255065
189447260924
189447267088
189447273802
189447280943
189447286559
189447293395
189447298766
189447305663
189447311522
189447318297
189447326353
189447331908
189447339293
189447344908
189447349303
189447355345
189447362059
189447367491
189447373350
189447383421
189447389036
189447395079
189447401488
189447407469
189447414610
189447421385
189447427916
189447434324
189447441954
189447447386
189447452269
189447460081
189447467405
189447473387
189447479490
189447486631
189447494139
189447499510
189447504698
189447511900
189447518614
189447524778
189447532102
189447536619
189447543638
189447549131
189447555174
189447563169
189447569578
189447575987
189447584043
189447590208
189447595762
189447603758
189447610532
189447616819
189447622739
189447631101
189447638670
189447644529
189447653989
189447660154
189447668394
189447674619
189447680967
189447686643
189447694578
189447701047
189447707212
189447713315
189447719785
189447727475
189447733884
189447741147
189447749326
189447755491
189447762998
189447769529
189447776609
189447783994
189447789243
189447796323
189447801999
189447810178
189447816831
189447823972
189447830319
189447836789
189447842771
189447849790
189447855283
189447861325
189447869748
189447876035
189447884030
189447890378
189447896420
189447902829
189447910703
189447916318
189447923764
189447929074
189447936703
189447941952
189447949826
189447955929
189447962704
189447970151
189447976681
189447984555
189447990414
189447997983
189448003720
189448011654
189448017758
189448025815
189448033078
189448039303
189448044918
189448053280
189448059506
189448067318
189448074276
189448080014
189448086911
189448092587
189448098507
189448105770
189448112362
189448119320
189448124630
189448130245
189448136715
189448144772
189448150509
189448158627
189448164913
189448171993
189448179379
189448185421
189448191219
189448199886
189448205624
189448214718
189448221066
189448231502
189448239986
189448246151
189448254269
189448260860
189448269222
189448275692
189448286251
189448293514
189448300899
189448309383
189448316219
189448323360
189448331905
189448341427
189448348995
189448355465
189448362178
189448368831
189448377681
189448383358
189448393184
189448400875
189448411251
189448418758
189448425777
189448434200
189448441036
189448449397
189448456783
189448464107
189448469600
189448475826
189448484920
189448491267
189448497737
189448504085
189448511958
189448517757
189448524043
189448531367
189448537044
189448542720
189448551265
189448557490
189448564815
189448569942
189448575313
189448583430
189448587825
189448593684
189448602290
189448608577
189448615291
189448621577
189448627620
189448633601
189448639888
189448646052
189448652339
189448659663
189448664912
189448670710
189448676631
189448682795
189448689753
189448696772
189448705195
189448710810
189448716548
189448722468
189448729304
189448736506
189448743342
189448749079
189448758357
189448765315
189448771662
189448778559
189448786372
189448792414
189448801386
189448807551
189448814997
189448821223
189448827387
189448833247
189448839655
189448847163
189448853510
189448858942
189448866205
189448871577
189448877924
189448883295
189448891352
189448898676
189448905024
189448911982
189448917414
189448922419
189448928095
189448934443
189448940668
189448947748
189448954401
189448961725
189448967646
189448974176
189448979547
189448985590
189448993341
189448998957
189449006098
189449012812
189449018427
189449024774
189449030451
189449037714
189449045831
189449053766
189449059808
189449065790
189449071222
189449078668
189449085077
189449091608
189449098749
189449104974
189449111261
189449117181
189449123773
189449129694
189449136285
189449143365
189449150995
189449156244
189449163568
189449168817
189449174982
189449180169
189449188714
189449195855
189449202203
189449208001
189449213861
189449221246
189449227716
189449233026
189449240594
189449246942
189449252313
189449260980
189449267205
189449274957
189449280755
189449287286
189449294732
189449302972
189449309625
189449315362
189449322503
189449332147
189449339044
189449346490
189449353204
189449361016
189449367425
189449375359
189449381097
189449389703
189449397576
189449403802
189449408379
189449414544
189449421990
189449427605
189449434380
189449440789
189449447747
189449454156
189449460503
189449468011
189449474297
189449480157
189449485222
189449493645
189449499077
189449506035
189449512383
189449517632
189449524407
189449529839
189449537102
189449542778
189449551201
189449556023
189449562981
189449569023
189449574883
189449580010
189449585808
189449595757
189449602043
189449607720
189449613884
189449620842
189449626946
189449633721
189449641777
189449648247
189449653740
189449661186
189449666802
189449673332
189449680534
189449685906
189449693901
189449699577
189449707695
189449713737
189449719475
189449724907
189449732231
189449738335
189449744865
189449750664
189449756401
189449763359
189449768425
189449774589
189449781242
189449789543
189449796013
189449802788
189449808891
189449814079
189449819694
189449826225
189449832390
189449840568
189449847465
189449852653
189449860282
189449866142
189449872123
189449876823
189449884758
189449891471
189449898796
189449904106
189449910026
189449916435
189449922416
189449929191
189449938102
189449943046
189449950614
189449957450
189449963004
189449970084
189449975578
189449983146
189449988700
189449995414
189450002372
189450007621
189450014762
189450020011
189450027579
189450033195
189450041923
189450048270
189450054008
189450059989
189450066276
189450073478
189450079581
189450085746
189450091544
189450099845
189450104911
189450112479
189450118338
189450123771
189450131766
189450137259
189450145682
189450150931
189450158622
189450164969
189450173148
189450179862
189450186270
189450193473
189450201407
189450207816
189450214347
189450220511
189450227652
189450233817
189450241263
189450247733
189450253653
189450261282
189450267020
189450273184
189450279288
189450288138
189450294791
189450300284
189450307608
189450313040
189450319876
189450325186
189450331412
189450339407
189450345450
189450353628
189450360342
189450366385
189450374869
189450381643
189450389212
189450394583
189450401907
189450409353
189450414541
189450421560
189450426931
189450433096
189450440969
189450446463
189450453970
189450459524
189450466299
189450471853
189450478018
189450485098
189450490652
189450496023
189450502066
189450507681
189450517080
189450522817
189450528677
189450536978
189450543569
189450550832
189450557058
189450563284
189450570303
189450576589
189450583181
189450590627
189450597097
189450603262
189450610891
189450616079
189450623708
189450629629
189450635976
189450642995
189450650136
189450655569
189450661001
189450667470
189450674306
189450680837
189450687734
189450693837
189450701101
189450707265
189450712636
189450720327
189450726796
189450733754
189450740590
189450746144
189450752553
189450757924
189450764760
189450770192
189450777883
189450783498
189450791921
189450798146
189450804311
189450811696
189450817372
189450823110
189450829213
189450836659
189450843129
189450849233
189450855214
189450861195
189450868947
189450874196
189450882375
189450888234
189450896230
189450902699
189450909962
189450915334
189450920949
189450928578
189450936635
189450943043
189450950062
189450956227
189450961720
189450969533
189450975087
189450981984
189450988453
189450996449
189451002064
189451007863
189451013295
189451020558
189451025380
189451033925
189451040455
189451047779
189451053090
189451060597
189451065785
189451071095
189451077931
189451085804
189451091847
189451098866
189451105213
189451110829
189451117054
189451124623
189451131153
189451138783
189451145313
189451150562
189451157765
189451162830
189451168629
189451176075
189451184193
189451190174
189451195972
189451202747
189451210072
189451215626
189451223377
189451230640
189451238819
189451245045
189451250172
189451257740
189451263233
189451269092
189451276172
189451282886
189451290027
189451296375
189451301990
189451309681
189451313953
189451321582
189451329212
189451335254
189451341480
189451346729
189451352893
189451360096
189451367298
189451373157
189451379688
189451386341
189451392871
189451399768
189451405628
189451411853
189451417652
189451424243
189451430774
189451437305
189451443714
189451449268
189451457141
189451463672
189451469287
189451474841
189451483386
189451490283
189451495776
189451501636
189451509204
189451514453
189451520068
189451529224
189451536426
189451543078
189451548938
189451556628
189451561999
189451568164
189451575610
189451582080
189451588733
189451595019
189451601306
189451607654
189451613330
189451620959
189451626330
189451634753
189451641528
189451646960
189451653430
189451658923
189451667590
189451672290
189451678637
189451686816
189451692919
189451698046
189451705310
189451711047
189451717211
189451723132
189451732958
189451739550
189451745226
189451752367
189451757494
189451763293
189451770007
189451775500
189451784228
189451790881
189451797472
189451803637
189451810168
189451817065
189451824694
189451833544
189451840197
189451847033
189451853441
189451860888
189451882067
189451888903
189451895373
189451901781
189451909777
189451917040
189451922716
189451929369
189451937731
189451943651
189451950731
189451958361
189451964830
189451972216
189451980822
189451986193
189451993151
189452000658
189452006029
189452014086
189452021715
189452028063
189452034532
189452042406
189452049791
189452055956
189452063768
189452071092
189452077257
189452084154
189452089891
189452097459
189452104906
189452111925
189452120470
189452128099
189452134080
189452141649
189452147752
189452155626
189452163804
189452169908
189452176011
189452183275
189452190538
189452198472
189452204698
189452213792
189452220018
189452229295
189452235460
189452243272
189452250901
189452257127
189452263841
189452270616
189452276353
189452283677
189452289475
189452296189
189452303819
189452309617
189452316209
189452324265
189452329270
189452336961
189452345628
189452352403
189452358567
189452367234
189452372666
189452378709
189452387131
189452394395
189452400010
189452409348
189452417527
189452424607
189452433396
189452441636
189452448166
189452456528
189452464097
189452470872
189452478989
189452486191
189452494065
189452500229
189452506699
189452515549
189452520920
189452529770
189452538254
189452544236
189452551621
189452558152
189452565049
189452573288
189452579880
189452584214
189452592392
189452598862
189452606980
189452612839
189452620835
189452626999
189452633896
189452640061
189452645981
189452652756
189452658249
189452666061
189452674301
189452679672
189452688400
189452694809
189452702438
189452708908
189452714462
189452721054
189452730148
189452737472
189452745468
189452751755
189452759140
189452766342
189452773361
189452780990
189452787887
189452794967
189452801498
189452808029
189452815963
189452821212
189452828842
189452835312
189452842392
189452850631
189452856674
189452864059
189452869979
189452876632
189452883712
189452889083
189452897262
189452903732
189452910995
189452917465
189452925338
189452932845
189452938217
189452945236
189452952377
189452959090
189452966842
189452973312
189452980941
189452988204
189452993453
189453001388
189453009078
189453015670
189453023421
189453028487
189453037459
189453043136
189453051864
189453057967
189453066207
189453072738
189453079268
189453086776
189453093001
189453100814
189453107283
189453114974
189453121138
189453128646
189453134444
189453142379
189453148787
189453154341
189453160628
189453168379
189453175032
189453182051
189453188521
189453194319
189453202193
189453208663
189453214766
189453220748
189453228011
189453234725
189453242049
189453248152
189453255476
189453261397
189453268172
189453273726
189453280562
189453289107
189453296858
189453302962
189453308028
189453316267
189453322371
189453330794
189453339400
189453345015
189453351057
189453359297
189453366926
189453373335
189453381453
189453387617
189453395308
189453402144
189453407393
189453415449
189453421919
189453428816
189453435225
189453440840
189453447676
189453453169
189453458296
189453464704
189453472578
189453478376
189453485639
189453491499
189453498335
189453504865
189453512190
189453517378
189453524763
189453531172
189453536848
189453543623
189453549421
189453556501
189453562849
189453571210
189453577741
189453583356
189453590314
189453596052
189453604658
189453612592
189453619062
