189597144757
189597149883
189597154888
189597159161
189597163677
189597168194
189597172344
189597176434
189597180279
189597183941
189597188091
189597191631
189597195416
189597199444
189597203960
189597207806
189597211407
189597215130
189597219280
189597223431
189597228436
189597232098
189597237041
189597240765
189597245098
189597249554
189597253582
189597258343
189597263103
189597268352
189597273357
189597277386
189597282024
189597288372
189597292888
189597298931
189597304912
189597309856
189597316509
189597322368
189597329265
189597335430
189597342754
189597348247
189597353191
189597361370
189597369609
189597377361
189597385234
189597392131
189597400493
189597407451
189597415874
189597422161
189597431255
189597438884
189597445293
189597454448
189597460857
189597468913
189597474529
189597484660
189597491496
189597499187
189597507915
189597515544
189597522929
189597529887
189597538005
189597545512
189597553630
189597560466
189597567058
189597574870
189597583903
189597589946
189597598613
189597605449
189597613200
189597620219
189597625285
189597633708
189597641093
189597647380
189597655803
189597663981
189597671061
189597678263
189597686076
189597693705
189597701030
189597708232
189597715312
189597723490
189597728190
189597736430
189597743266
189597750712
189597758097
189597766276
189597774455
189597781779
189597787821
189597795634
189597803141
189597808146
189597818461
189597824992
189597833048
189597838908
189597846659
189597854410
189597861857
189597870035
189597878336
189597884623
189597892863
189597898050
189597906229
189597912455
189597921732
189597930521
189597936991
189597943827
189597949747
189597957804
189597965555
189597972452
189597980509
189597985697
189597993570
189598001139
189598007608
189598014810
189598021646
189598027933
189598036112
189598042337
189598050089
189598056436
189598064493
189598073221
189598081888
189598088907
189598097391
189598103677
189598110513
189598118631
189598125711
189598133279
189598142129
189598148172
189598157876
189598165811
189598173196
189598179300
189598188760
189598197183
189598202981
189598211282
189598220010
189598226907
189598232889
189598242166
189598249307
189598257547
189598265786
189598273782
189598280862
189598287332
189598298013
189598304177
189598313150
189598319863
189598327981
189598335061
189598341775
189598348855
189598358254
189598367166
189598375161
189598382180
189598389199
189598396096
189598402505
189598411355
189598418801
189598426919
189598438149
189598445718
189598451882
189598458901
189598469155
189598476174
189598484414
189598491494
189598496743
189598505288
189598511391
189598521523
189598528359
189598536538
189598544655
189598550942
189598559365
189598566994
189598575783
189598582314
189598591774
189598602944
189598611367
189598619545
189598628945
189598637184
189598644936
189598652931
189598661598
189598669106
189598678261
189598685768
189598692665
189598700844
189598709938
189598717751
189598724831
189598733925
189598743141
189598749916
189598758217
189598766945
189598773903
189598782936
189598790443
189598799171
189598806740
189598812599
189598821022
189598831459
189598837745
189598847328
189598855262
189598864051
189598871803
189598877906
189598887611
189598894081
189598903846
189598914588
189598920936
189598930763
189598936805
189598945106
189598952186
189598959205
189598968299
189598976112
189598983375
189598990211
189598998573
189599005470
189599014198
189599021156
189599028602
189599035804
189599042945
189599049842
189599058814
189599066260
189599073035
189599081580
189599088355
189599096534
189599103980
189599111060
189599119910
189599127417
189599134498
189599142432
189599149634
189599156592
189599164893
189599172766
189599179847
189599188269
189599196509
189599204077
189599210791
189599218909
189599228308
189599235938
189599243384
189599249671
189599258643
189599267737
189599273169
189599281897
189599288916
189599297400
189599305151
189599313208
189599320776
189599328833
189599335791
189599342871
189599350928
189599357275
189599366675
189599373083
189599378027
189599388037
189599393652
189599401587
189599407629
189599415442
189599422278
189599429480
189599435705
189599442785
189599449133
189599455908
189599464025
189599471045
189599478491
189599483496
189599490637
189599496618
189599503759
189599510107
189599515539
189599523107
189599528295
189599535803
189599542211
189599549658
189599554662
189599562353
189599569250
189599574194
189599583471
189599588720
189599594823
189599601476
189599609228
189599614904
189599621923
189599629674
189599634435
189599641637
189599649023
189599656835
189599663061
189599669897
189599674230
189599681066
189599689306
189599696081
189599703161
189599710119
189599716649
189599722631
189599730565
189599737340
189599744725
189599750646
189599758519
189599765966
189599773778
189599779943
189599786962
189599793187
189599799230
189599807530
189599814366
189599821569
189599828710
189599833714
189599842137
189599849278
189599855809
189599863011
189599868932
189599874730
189599882176
189599888463
189599895848
189599903050
189599910069
189599916661
189599924351
189599930577
189599937352
189599944737
189599950535
189599958165
189599965123
189599970250
189599977330
189599984227
189599990025
189599996922
189600003270
189600011265
189600018528
189600026097
189600031529
189600040257
189600046238
189600054295
189600057774
189600066807
189600072239
189600079686
189600084751
189600091404
189600097569
189600103672
189600110020
189600117161
189600123448
189600130161
189600134678
189600141270
189600149082
189600156223
189600162022
189600168308
189600174046
189600179539
189600187168
189600192356
189600198704
189600205601
189600213779
189600219761
189600226963
189600231846
189600239475
189600245701
189600253269
189600260715
189600265537
189600273655
189600278538
189600285496
189600290317
189600298618
189600305759
189600312229
189600318577
189600324680
189600331760
189600337803
189600343235
189600352329
189600358310
189600365757
189600372226
189600380344
189600388401
189600394016
189600402683
189600409336
189600416660
189600424167
189600431735
189600437961
189600441257
189600451328
189600458408
189600465366
189600471530
189600476047
189600483310
189600490634
189600497104
189600504306
189600512363
189600518466
189600525668
189600532748
189600537326
189600545566
189600550204
189600557223
189600564426
189600570407
189600577731
189600583407
189600591098
189600598788
189600606051
189600611178
189600619784
189600625461
189600633090
189600637484
189600645419
189600651828
189600658847
189600665683
189600672030
189600676242
189600683261
189600689059
189600697665
189600705660
189600710421
189600717501
189600721896
189600729647
189600734347
189600743319
189600750460
189600756869
189600761935
189600769686
189600774630
189600782198
189600788119
189600794650
189600802767
189600808627
189600815340
189600822604
189600831576
189600837374
189600845675
189600852206
189600859530
189600867037
189600872103
189600880953
189600887545
189600893892
189600899935
189600908297
189600913668
189600920687
189600926851
189600933931
189600940828
189600945650
189600954683
189600958162
189600967501
189600976473
189600984285
189600990206
189600997164
189601004976
189601009432
189601015962
189601023409
189601029634
189601035555
189601043794
189601051607
189601057588
189601065584
189601070467
189601077425
189601084139
189601090608
189601097566
189601105379
189601110078
189601117891
189601124788
189601130586
189601138521
189601146333
189601152864
189601159090
189601167085
189601172090
189601180086
189601187471
189601195772
189601201997
189601208650
189601215242
189601223237
189601229585
189601235383
189601243562
189601251191
189601258638
189601264131
189601271638
189601278962
189601283784
189601292512
189601300447
189601306245
189601311677
189601319612
189601325715
189601333222
189601340730
189601348237
189601354646
189601362153
189601368379
189601373750
189601381501
189601388581
189601396760
189601402375
189601408601
189601416352
189601422456
189601428071
189601434540
189601441743
189601449677
189601457184
189601462006
189601469330
189601476105
189601483429
189601489716
189601497040
189601502350
189601507721
189601515107
189601521088
189601528595
189601535981
189601543671
189601549836
189601556061
189601563874
189601568390
189601575714
189601581635
189601589752
189601595673
189601600617
189601609406
189601614899
189601622833
189601628327
189601637055
189601643707
189601650971
189601656708
189601663666
189601669769
189601676788
189601683136
189601691071
189601696991
189601704742
189601712494
189601719147
189601724152
189601731903
189601740448
189601747101
189601753815
189601761688
189601768951
189601774566
189601780792
189601789276
189601798370
189601805084
189601811371
189601817230
189601825103
189601830536
189601838958
189601846588
189601853180
189601860748
189601865753
189601873138
189601880828
189601886993
189601893707
189601901092
189601907196
189601914520
189601922210
189601929046
189601935577
189601941619
189601949737
189601955291
189601963226
189601969756
189601976897
189601983978
189601991546
189601997527
189602002837
189602010039
189602016143
189602023589
189602027923
189602037627
189602043914
189602050384
189602056731
189602063872
189602069854
189602076201
189602084380
189602092071
189602098052
189602104278
189602111541
189602117949
189602125029
189602131743
189602139739
189602145415
189602152251
189602159148
189602163359
189602170195
189602177642
189602185088
189602191680
189602199248
189602204863
189602211699
189602219328
189602225615
189602233672
189602240447
189602247649
189602253813
189602259428
189602267302
189602272795
189602281157
189602289275
189602295927
189602303252
189602308073
189602316069
189602322539
189602330778
189602336699
189602344694
189602351103
189602358366
189602365202
189602370268
189602377958
189602386320
189602392668
189602398954
189602407072
189602414152
189602419890
189602426115
189602436613
189602442839
189602449736
189602456022
189602462553
189602468595
189602476042
189602483183
189602487882
189602495268
189602502958
189602507902
189602515714
189602523039
189602530241
189602537138
189602544828
189602552946
189602558012
189602565031
189602572721
189602578825
189602584684
189602592802
189602598539
189602605192
189602612211
189602618680
189602625028
189602632841
189602638456
189602644926
189602651823
189602656400
189602663358
189602669828
189602676237
189602681058
189602689420
189602694364
189602702115
189602709195
189602715543
189602720426
189602728482
189602735624
189602741666
189602744779
189602754300
189602760648
189602766202
189602772122
189602780484
189602788053
189602793302
189602802823
189602810330
189602817716
189602824735
189602829984
189602838040
189602844937
189602851407
189602857633
189602865689
189602871243
189602879727
189602885464
189602894681
189602900906
189602906033
189602914639
189602920926
189602927396
189602934842
189602941983
189602948208
189602955289
189602960232
189602967434
189602974148
189602982876
189602989163
189602995694
189603003872
189603009121
189603016873
189603021939
189603029141
189603036587
189603043301
189603050198
189603055020
189603062466
189603069302
189603078030
189603084561
189603091030
189603097561
189603104519
189603112087
189603117397
189603123806
189603130520
189603137417
189603144314
189603150845
189603157986
189603164944
189603171963
189603180141
189603186123
189603191982
189603199917
189603207424
189603211880
189603219265
189603227688
189603233974
189603240688
189603247219
189603254421
189603260219
189603267605
189603275600
189603282802
189603287868
189603296840
189603302639
189603309169
189603315700
189603323513
189603330654
189603338955
189603345729
189603352504
189603360195
189603365505
189603375087
189603381984
189603388454
189603391872
189603402187
189603406886
189603414455
189603417446
189603427455
189603433559
189603440700
189603448085
189603455837
189603462672
189603466090
189603476711
189603484218
189603491603
189603496608
189603503566
189603509730
189603514552
189603523891
189603531154
189603536769
189603542872
189603550258
189603556117
189603563380
189603571376
189603578883
189603585109
189603591273
189603597011
189603602687
189603610133
189603616969
189603624904
189603631129
189603636317
189603645472
189603652491
189603658778
189603664271
189603672572
189603680384
189603686549
189603691371
189603698634
189603705897
189603713709
189603720240
189603728053
189603733973
189603740443
189603747828
189603753382
189603760951
189603768824
189603776637
189603782984
189603789698
189603796046
189603802088
189603810267
189603816920
189603824915
189603832361
189603839319
189603845667
189603850611
189603858668
189603866053
189603872278
189603880823
189603887049
189603894739
189603899622
189603907496
189603914576
189603921961
189603929041
189603935816
189603943323
189603949915
189603956995
189603963465
189603970179
189603978479
189603985010
189603992090
189603997400
189604004419
189604011133
189604016931
189604024744
189604031641
189604038599
189604045252
189604050195
189604058801
189604064111
189604072229
189604079187
189604084863
189604092126
189604099023
189604105310
189604110254
189604118860
189604125696
189604132287
189604139856
189604145593
189604153589
189604159204
189604165368
189604173059
189604180383
189604185998
189604191858
189604198938
189604204797
189604212121
189604219751
189604225610
189604232934
189604240564
189604245629
189604252832
189604259668
189604266259
189604272851
189604280175
189604285913
189604292993
189604298730
189604305993
189604313073
189604320519
189604326867
189604333337
189604341515
189604348412
189604356042
189604360803
189604368737
189604377282
189604382104
189604389733
189604396447
189604402856
189604410546
189604418297
189604424889
189604432274
189604438866
189604445580
189604451867
189604459435
189604466332
189604474083
189604480065
189604487206
189604494164
189604500634
189604505333
189604514000
189604520348
189604526879
189604534386
189604540673
189604548363
189604554161
189604560570
189604568749
189604574242
189604581261
189604589012
189604594200
189604599938
189604606529
189604614769
189604620873
189604628746
189604636131
189604643883
189604650353
189604657555
189604663719
189604669823
189604675987
189604682091
189604687889
189604694420
189604701195
189604707542
189604716331
189604721458
189604731834
189604738304
189604745628
189604750999
189604757347
189604764427
189604770408
189604777305
189604785240
189604792991
189604799278
189604805259
189604814537
189604820457
189604827842
189604836387
189604841941
189604851219
189604854637
189604863304
189604868186
189604878379
189604884544
189604890098
189604895957
189604903587
189604908225
189604918784
189604923850
189604930869
189604937278
189604943748
189604950950
189604955711
189604962852
189604970542
189604976585
189604982444
189604988547
189604995872
189605002036
189605007346
189605015525
189605022666
189605030112
189605035605
189605043296
189605051841
189605058249
189605064963
189605069724
189605076499
189605084678
189605089377
189605096579
189605104026
189605110434
189605118125
189605125083
189605130149
189605136924
189605143882
189605148703
189605155783
189605163169
189605169577
189605177207
189605183432
189605189719
189605197653
189605204733
189605213461
189605219626
189605224021
189605230978
189605238791
189605244833
189605250876
189605259055
189605265707
189605273337
189605279196
189605286581
189605293051
189605300131
189605306906
189605313864
189605322104
189605327658
189605335470
189605341635
189605349020
189605356222
189605363974
189605370505
189605378378
189605384787
189605390890
189605398764
189605404806
189605412375
189605418234
189605425497
189605432943
189605437765
189605445150
189605451254
189605459188
189605466146
189605473532
189605480856
189605485922
189605494345
189605499166
189605507223
189605513998
189605521993
189605527242
189605534811
189605540914
189605547567
189605552267
189605559896
189605567220
189605573995
189605580404
189605587057
189605593282
189605600362
189605608419
189605613363
189605620260
189605627767
189605633993
189605639791
189605644491
189605653585
189605660848
189605666707
189605674520
189605680135
189605686116
189605693746
189605700948
189605706136
189605713765
189605720540
189605726766
189605733052
189605740804
189605746602
189605754232
189605762410
189605767293
189605775899
189605781209
189605789266
189605795003
189605804097
189605810567
189605817891
189605825581
189605832417
189605839742
189605844685
189605852010
189605859578
189605867574
189605872700
189605880879
189605886739
189605893941
189605901814
189605910176
189605916402
189605922383
189605930073
189605936421
189605942219
189605949971
189605958027
189605964741
189605972004
189605978230
189605987568
189606004170
189606014485
189606020649
189606029011
189606036824
189606044819
189606052449
189606057698
189606066181
189606070881
189606078388
189606084858
189606090962
189606097248
189606103291
189606110066
189606116413
189606124592
189606130451
189606137348
189606142841
189606149799
189606155293
189606161396
189606169636
189606178425
189606184956
189606190815
189606196796
189606204426
189606209309
189606216022
189606224811
189606230854
189606237263
189606244282
189606248798
189606257526
189606264118
189606269550
189606277240
189606283893
189606289875
189606296405
189606302265
189606306842
189606315265
189606322895
189606329242
189606334796
189606342487
189606350055
189606355548
189606361164
189606369403
189606375568
189606382465
189606389118
189606395038
189606400653
189606406452
189606412372
189606419208
189606425678
189606430377
189606439227
189606444782
189606450702
189606457355
189606463336
189606470416
189606477618
189606482745
189606489215
189606494586
189606501300
189606506793
189606515704
189606522174
189606529254
189606535419
189606542010
189606547748
189606553119
189606560443
189606566791
189606572406
189606579364
189606584857
189606590899
189606598407
189606603778
189606612201
189606619403
189606625933
189606632647
189606640216
189606646197
189606651080
189606658282
189606663287
189606673541
189606679278
189606685504
189606691363
189606699175
189606702593
189606712603
189606720110
189606727679
189606734759
189606742815
189606751055
189606757769
189606765337
189606770220
189606778094
189606784930
189606794268
189606800921
189606809099
189606816729
189606822283
189606829546
189606837115
189606841814
189606849016
189606856646
189606863665
189606870318
189606877520
189606883013
189606889910
189606895891
189606900896
189606909197
189606914324
189606923906
189606928911
189606936663
189606940996
189606948503
189606954485
189606962053
189606968157
189606973039
189606981523
189606986345
189606995378
189607001604
189607008379
189607015764
189607023027
189607029924
189607036028
189607040300
189607047197
189607054094
189607059099
189607068803
189607076006
189607081987
189607088335
189607096269
189607103776
189607109025
189607116777
189607124345
189607130876
189607136857
189607144670
189607150590
189607158891
189607165117
189607172563
189607180253
189607185197
189607192765
189607201555
189607208940
189607216874
189607223039
189607229386
189607236711
189607244950
189607249833
189607257646
189607264543
189607272721
189607278214
189607286271
189607292680
189607300187
189607305985
189607315507
189607321671
189607326615
189607334061
189607341508
189607347672
189607353288
189607361039
189607366776
189607375138
189607380936
189607385758
189607393998
189607400651
189607407303
189607413773
189607421647
189607427933
189607435074
189607441544
189607446061
189607453202
189607460221
189607467789
189607472733
189607480668
189607487381
189607494828
189607502213
189607509293
189607515580
189607520340
189607528153
189607534561
189607540421
189607546097
189607555069
189607561234
189607568619
189607576981
189607581925
189607590408
189607593704
189607602615
189607610062
189607617691
189607624222
189607629654
189607636429
189607643692
189607651382
189607656876
189607665848
189607672378
189607678848
189607686356
189607692093
189607699722
189607707413
189607713760
189607720230
189607726822
189607731888
189607740555
189607747268
189607753982
189607762649
189607768326
189607774368
189607783706
189607789993
189607795059
189607803726
189607810806
189607817092
189607824600
189607830337
189607836502
189607843399
189607850723
189607855789
189607863601
189607871658
189607878189
189607884780
189607891067
189607898147
189607906387
189607912368
189607919387
189607925430
189607929885
189607938735
189607944045
189607952041
189607957839
189607965896
189607972243
189607979446
189607984573
189607991531
189607999221
189608006484
189608012282
189608018630
189608024795
189608030044
189608037917
189608043960
189608051711
189608057692
189608065139
189608073439
189608079787
189608086440
189608094436
189608100661
189608108229
189608115920
189608122634
189608130446
189608137221
189608142287
189608150588
189608158095
189608164870
189608170241
189608177992
189608182875
189608190505
189608193678
189608203993
189608210646
189608218092
189608223952
189608229689
189608235732
189608242873
189608249220
189608257216
189608263197
189608269545
189608276320
189608281081
189608289809
189608294569
189608301710
189608309584
189608315871
189608321974
189608327650
189608334120
189608340223
189608345778
189608354384
189608360609
189608368055
189608374281
189608379774
189608385939
189608392714
189608398451
189608405714
189608412184
189608416700
189608424452
189608428968
189608436903
189608441908
189608450392
189608456556
189608462965
189608469679
189608476026
189608481031
189608488294
189608493849
189608502149
189608508070
189608514906
189608521497
189608529249
189608535597
189608543287
189608551527
189608556287
189608563612
189608570814
189608577833
189608583814
189608588392
189608597547
189608603101
189608611036
189608617689
189608623548
189608630018
189608637403
189608642835
189608651441
189608659192
189608666272
189608672803
189608679761
189608685987
189608692762
189608700452
189608706372
189608713819
189608721143
189608726148
189608735059
189608740552
189608748792
189608755994
189608763501
189608768262
189608775708
189608781445
189608788953
189608797131
189608803845
189608812085
189608817822
189608825635
189608831372
189608838757
189608844434
189608852185
189608859875
189608864941
189608874280
189608880505
189608886914
189608894055
189608902356
189608908032
189608915173
189608920605
189608927929
189608935437
189608940564
189608950390
189608956311
189608964489
189608970715
189608978466
189608986828
189608992199
189609000561
189609005688
189609013867
189609018811
189609026196
189609030651
189609037915
189609042309
189609051037
189609059094
189609064709
189609070507
189609078015
189609082531
189609089916
189609094128
189609101696
189609109081
189609114880
189609121594
189609126049
189609133862
189609138500
189609145214
189609153942
189609160534
189609166149
189609171886
189609177746
189609183239
189609189709
189609195568
189609203014
189609208996
189609216015
189609221752
189609229259
189609236522
189609240734
189609250499
189609258129
189609264782
189609271007
189609277294
189609283092
189609289440
189609295726
189609301708
189609310192
189609316906
189609324596
189609334423
189609339855
189609348888
189609355907
189609362987
189609368175
189609375377
189609382457
189609389842
189609396129
189609402660
189609410655
189609416698
189609424266
189609429698
189609437083
189609444591
189609450084
189609458324
189609464915
189609472667
189609479259
189609484691
189609491099
189609498118
189609504527
189609510875
189609518382
189609523631
189609532115
189609538585
189609544932
189609552012
189609559031
189609563975
189609572520
189609578502
189609583140
189609590709
189609598704
189609605174
189609612376
189609618174
189609626475
189609632029
189609638133
189609646434
189609652171
189609656687
189609665171
189609670909
189609678111
189609685496
189609693553
189609700999
189609707591
189609714426
189609719492
189609726878
189609734141
189609742197
189609749583
189609755381
189609762583
189609770029
189609775339
189609782725
189609789927
189609798167
189609804514
189609810984
189609819224
189609824595
189609832041
189609837900
189609845408
189609851938
189609858225
189609865854
189609872995
189609879465
189609887278
189609894724
189609901926
189609908579
189609913401
189609920725
189609927805
189609934763
189609941660
189609949961
189609955881
189609962351
189609969187
189609974619
189609981394
189609989145
189609995371
189610003366
189610008737
189610016489
189610021494
189610029489
189610034860
189610043039
189610049875
189610056528
189610062082
189610068552
189610074533
189610080209
189610088205
189610095285
189610103342
189610110788
189610115854
189610124154
189610131540
189610137765
189610143991
189610151620
189610156259
189610164132
189610170480
189610176034
189610181710
189610190133
189610197152
189610204538
189610211190
189610219369
189610227487
189610233224
189610240182
189610247140
189610253366
189610260385
189610265450
189610274606
189610277719
189610287789
189610295480
189610303292
189610309152
189610317086
189610325875
189610332284
189610339120
189610345834
189610354256
189610360787
189610367928
189610373360
189610380562
189610387459
189610395150
189610401253
189610406075
189610414925
189610420174
189610427743
189610433724
189610440194
189610447518
189610453377
189610460762
189610466317
189610473031
189610478829
189610486214
189610494637
189610501351
189610507637
189610513741
189610520088
189610526131
189610532418
189610539192
189610547005
189610553292
189610558418
189610565743
189610571114
189610576790
189610581307
189610589363
189610596809
189610603340
189610609078
189610616768
189610621651
189610629219
189610635628
189610643318
189610649971
189610655952
189610659981
189610666450
189610672188
189610678841
189610685676
189610693672
189610700325
189610705147
189610712593
189610717293
189610725166
189610729866
189610737739
189610744270
189610751594
189610757271
189610762581
189610768318
189610775947
189610781807
189610789497
189610796943
189610803291
189610807930
189610815132
189610821968
189610827827
189610833686
189610841133
189610847358
189610853828
189610859992
189610866767
189610872871
189610877693
189610884956
189610892890
189610899238
189610904914
189610912544
189610918159
189610924567
189610930244
189610938605
189610944709
189610952094
189610957954
189610965827
189610975349
189610981696
189610989204
189610994819
189611002265
189611009772
189611014655
189611022834
189611030646
189611037970
189611043708
189611051459
189611057685
189611064948
189611072455
189611077582
189611085273
189611093879
189611100348
189611103644
189611113410
189611120002
189611127265
189611131842
189611139289
189611146124
189611150824
189611159857
189611165839
189611172247
189611178412
189611186530
189611191962
189611198981
189611206610
189611211188
189611218634
189611225043
189611231024
189611237738
189611245734
189611251349
189611258856
189611265082
189611272406
189611279486
189611287421
189611293280
189611299383
189611306891
189611312811
189611318426
189611324652
189611332647
189611341192
189611346136
189611353338
189611361273
189611367682
189611374090
189611382452
189611388189
189611395452
189611403387
189611408453
189611416937
189611421881
189611431158
189611437567
189611445562
189611450689
189611458685
189611464483
189611471685
189611477422
189611485662
189611494085
189611500616
189611506780
189611512212
189611519903
189611525945
189611534246
189611541936
189611547918
189611556951
189611562871
189611570867
189611575750
189611583806
189611590703
189611598272
189611602788
189611609624
189611616826
189611621404
189611629339
189611635259
189611643194
189611650518
189611655950
189611662786
189611670110
189611676641
189611681585
189611689275
189611693731
189611701665
189611708745
189611714360
189611720525
189611729009
189611737248
189611742314
189611751103
189611757634
189611763677
189611770513
189611778325
189611784795
189611791081
189611797673
189611802190
189611810185
189611817509
189611824345
189611830449
189611838628
189611845525
189611853154
189611859257
189611865605
189611872197
189611880253
189611886601
189611890202
189611899785
189611906743
189611914250
189611919194
189611927128
189611935124
189611942814
189611949101
189611955021
189611962956
189611970036
189611976262
189611982975
189611990116
189611997258
189612002323
189612010319
189612015629
189612024357
189612031559
189612039616
189612045414
189612052921
189612062138
189612068791
189612075627
189612083256
189612088810
189612094486
189612102116
189612108524
189612116093
189612123722
189612130741
189612137211
189612144169
189612150639
189612157413
189612164982
189612171940
189612178104
189612182987
189612190494
189612198124
189612204777
189612210331
189612216434
189612221317
189612230411
189612237430
189612243351
189612248844
189612255924
189612261173
189612267826
189612273929
189612280338
189612287479
189612294742
189612300418
189612307682
189612313297
189612320682
189612327518
189612335819
189612342410
189612348697
189612355167
189612361820
189612367862
189612373416
189612379825
189612388248
189612394290
189612400028
189612407840
189612414249
189612421634
189612427188
189612435245
189612441653
189612448917
189612455752
189612462222
189612468509
189612474979
189612481265
189612489444
189612496097
189612503482
189612509768
189612515872
189612521914
189612528628
189612537478
189612543704
189612550967
189612557132
189612564578
189612571597
189612579959
189612586184
189612592471
189612598269
189612604312
189612612368
189612618777
189612624209
189612631594
189612639224
189612643618
189612650515
189612656069
189612662905
189612668154
189612674685
189612681338
189612686099
189612694521
189612701418
189612707705
189612714846
189612720766
189612726931
189612733096
189612738406
189612746096
189612751223
189612757082
189612764223
189612770754
189612776186
189612784670
189612791140
189612799013
189612805239
189612813234
189612821108
189612828127
189612836550
189612840029
189612850588
189612858034
189612866030
189612871523
189612879213
189612886965
189612894838
189612901491
189612908632
189612915285
189612922731
189612929384
189612937502
189612944094
189612950929
189612957582
189612962892
189612970705
189612975771
189612983705
189612988649
189612997743
189613004640
189613011842
189613016786
189613024049
189613029543
189613036928
189613044008
189613051698
189613058656
189613064943
189613070619
189613075014
189613081361
189613088136
189613094728
189613102174
189613108522
189613115175
189613121339
189613126771
189613132753
189613139283
189613145753
189613152528
189613159425
189613165101
189613170472
189613176515
189613183534
189613190492
189613197206
189613203920
189613211183
189613216188
189613222962
189613229737
189613234254
189613241883
189613249879
189613256043
189613262025
189613268128
189613275269
189613281373
189613286866
189613293458
189613300538
189613307130
189613314576
189613320130
189613325623
189613333070
189613339661
189613347718
189613352662
189613359986
189613365540
189613372925
189613380372
189613386902
189613393433
189613400147
189613406495
189613411255
189613418397
189613425416
189613431397
189613439087
189613445435
189613453064
189613459595
189613465271
189613471375
189613477661
189613485230
189613490723
189613499390
189613505921
189613512818
189613517273
189613524109
189613530762
189613536560
189613541016
189613549195
189613555908
189613562988
189613569214
189613574097
189613581238
189613585999
189613596069
189613602173
189613609619
189613614136
189613621460
189613626404
189613634216
189613639404
189613647705
189613653992
189613661072
189613665832
189613672973
189613679565
189613686157
189613690491
189613697754
189613703003
189613709961
189613715393
189613722595
189613729675
189613736145
189613740478
189613748230
189613755859
189613760803
189613767822
189613774414
189613780700
189613787292
189613794189
189613801452
189613807861
189613814941
189613821166
189613827819
189613834106
189613841430
189613848144
189613853942
189613861755
189613867065
189613874877
189613879455
189613887267
189613893005
189613900939
189613907348
189613912780
189613918884
189613926147
189613931213
189613938415
189613943420
189613951415
189613956786
189613963927
189613969848
189613976745
189613983214
189613989257
189613994018
189614000731
189614004882
189614011596
189614016723
189614023864
189614030578
189614036925
189614043456
189614050048
189614056456
189614062865
189614068724
189614075011
189614080687
189614086791
189614092955
189614099669
189614106261
189614113829
189614120177
189614126158
189614132506
189614139220
189614146300
189614151732
189614159300
189614164305
189614171446
189614176268
189614183836
189614189208
189614197508
189614203795
189614209532
189614217101
189614222838
189614228514
189614235716
189614241576
189614250059
189614255797
189614262938
189614270201
189614274962
189614282347
189614288817
189614298643
189614304747
189614312803
189614318113
189614325743
189614331541
189614337156
189614344847
189614351072
189614358091
189614365355
189614370054
189614377256
189614383665
189614390806
189614395384
189614403257
189614410887
189614417417
189614424009
189614430967
189614437193
189614444151
189614450681
189614457517
189614463804
189614470518
189614476438
189614481504
189614488828
189614493772
189614501524
189614507383
189614514646
189614523191
189614528318
189614538084
189614545713
189614551755
189614558958
189614564878
189614570920
189614578672
189614584531
189614591794
189614596982
189614604429
189614610410
189614617551
189614624326
189614630796
189614637449
189614643857
189614650327
189614657651
189614663694
189614668821
189614676267
189614682065
189614688474
189614695676
189614702756
189614710263
189614716367
189614723020
189614730100
189614736325
189614743405
189614747922
189614756284
189614762937
189614770261
189614777341
189614784421
189614790707
189614797910
189614804929
189614813046
189614819577
189614822751
189614831967
189614838071
189614844052
189614849301
189614859128
189614864438
189614871213
189614876095
189614883237
189614888852
189614896359
189614901669
189614909543
189614917172
189614921872
189614930111
189614934628
189614941159
189614945614
189614955136
189614962704
189614968319
189614973568
189614981259
189614987179
189614994320
189615000363
189615006771
189615012387
189615019039
189615025753
189615031613
189615036434
189615043392
189615050656
189615056027
189615063900
189615071591
189615077816
189615083859
189615090267
189615097713
189615104244
189615110348
189615118648
189615125301
189615130978
189615137752
189615143246
189615150326
189615157772
189615164852
189615171261
189615178036
189615185482
189615191768
189615198848
189615205929
189615213680
189615219539
189615225765
189615232723
189615238399
189615245540
189615253048
189615258052
189615264339
189615271663
189615278926
189615283748
189615291988
189615296749
189615303585
189615311092
189615316829
189615321224
189615327999
189615334712
189615340694
189615345394
189615353572
189615361018
189615366329
189615372981
189615378230
189615383662
189615390681
189615395992
189615403011
189615408870
189615414424
189615421199
189615428401
189615433955
189615441218
189615446895
189615454463
189615459285
189615466609
189615473994
189615480037
189615486079
189615492488
189615498958
189615505794
189615512141
189615519587
189615525996
189615532893
189615539180
189615545100
189615551936
189615560237
189615566340
189615572016
189615579524
189615585871
189615591304
189615598262
189615605647
189615611079
189615618098
189615623164
189615630305
189615635615
189615642756
189615651057
189615656428
189615663508
189615668086
189615674921
189615681696
189615687495
189615693903
189615700190
189615706171
189615712275
189615719599
189615725703
189615731379
189615738703
189615744074
189615750483
189615757136
189615762202
189615769282
189615774714
189615781061
189615788141
189615794001
189615801508
189615807001
189615814203
189615820856
189615827021
189615833307
189615837763
189615844660
189615851068
189615858026
189615862970
189615871820
189615877619
189615883844
189615890436
189615897211
189615904535
189615910883
189615916559
189615924249
189615929560
189615935602
189615944025
189615950067
189615956842
189615964716
189615973016
189615978326
189615988336
189615994989
189616004205
189616010004
189616016412
189616022272
189616029962
189616035333
189616041193
189616048578
189616054071
189616060113
189616066827
189616072198
189616079278
189616085077
189616092157
189616098443
189616105890
189616112665
189616117364
189616123773
189616129632
189616136041
189616142572
189616148797
189616156182
189616162835
189616168267
189616176141
189616182305
189616188165
189616193536
189616202142
189616209405
189616216668
189616222772
189616229608
189616239190
189616244927
189616253289
189616260308
189616266534
189616272271
189616280267
189616287774
189616293267
189616299065
189616307244
189616313164
189616320367
189616327264
189616333733
189616340630
189616347344
189616354302
189616361992
189616368584
189616375176
189616381341
189616388115
189616394280
189616399895
189616408379
189616414361
189616421135
189616429131
189616434563
189616443718
189616449700
189616458123
189616464287
189616470696
189616477104
189616483025
189616488579
189616495903
189616501091
189616508782
189616514885
189616522515
189616527092
189616534355
189616540398
189616547600
189616553032
189616560356
189616567497
189616573784
189616579460
189616585930
189616591850
189616596611
189616603386
189616611931
189616618523
189616624016
189616631950
189616637504
189616643547
189616651237
189616657646
189616664787
189616671806
189616678337
189616685905
189616692314
189616698601
189616707023
189616714836
189616722282
189616729179
189616734123
189616741386
189616747856
189616754814
189616763237
189616769523
189616776115
189616782096
189616788688
189616794853
189616801567
189616808769
189616814933
189616823356
189616831474
189616838127
189616845756
189616853507
189616860160
189616867362
189616873527
189616878959
189616886710
189616903861
189616912101
189616918204
189616926139
189616931998
189616937491
189616944816
189616950126
189616955985
189616962943
189616970145
189616976310
189616980643
189616987784
189616995292
189617001883
189617009147
189617017142
189617023734
189617029349
189617035392
189617040152
189617047232
189617054068
189617060660
189617067740
189617074515
189617077750
189617087577
189617093253
189617101187
189617107657
189617115409
189617120902
189617127982
189617135977
189617143851
189617149893
189617155936
189617164847
189617172537
189617178946
189617185110
189617191702
189617198294
189617205679
189617212271
189617219900
189617226126
189617232474
189617238455
189617244131
189617249930
189617256033
189617262503
189617269461
189617276541
189617282339
189617287893
189617294851
189617302054
189617307425
189617315176
189617321951
189617328665
189617334707
189617341116
189617346914
189617353201
189617359732
189617365652
189617372122
189617379324
189617385549
189617390982
189617398550
189617403921
189617411917
189617418142
189617425222
189617430715
189617437368
189617442861
189617449636
189617454519
189617463125
189617470754
189617475759
189617484060
189617489004
189617496389
189617503286
189617509939
189617514455
189617521902
189617526601
189617534475
189617541433
189617547597
189617553640
189617561696
189617568593
189617576223
189617581899
189617588979
189617593496
189617600698
189617606740
189617614492
189617621572
189617626333
189617632558
189617639699
189617646474
189617653981
189617660573
189617668325
189617674977
189617680348
189617688100
189617693166
189617700917
189617706410
189617713307
189617719594
189617727712
189617733571
189617740468
189617746510
189617751943
189617757985
189617765981
189617772939
189617779347
189617786183
189617792592
189617798695
189617805714
189617812123
189617818349
189617825001
189617830189
189617837453
189617842824
189617848927
189617855519
189617862111
189617868825
189617877125
189617884938
189617891713
189617898060
189617905018
189617911122
189617917164
189617925404
189617933094
189617939320
189617945668
189617954029
189617959401
189617968067
189617974903
189617982044
189617987416
189617994251
189617998707
189618005604
189618013294
189618020008
189618026783
189618033741
189618040028
189618047230
189618053516
189618060474
189618067432
189618075367
189618081043
189618086231
189618093800
189618098865
189618106312
189618112232
189618120106
189618125904
189618132984
189618139454
189618145740
189618152088
189618158497
189618163563
189618172107
189618179859
189618186390
189618192188
189618198536
189618204273
189618209644
189618215686
189618222889
189618231189
189618237232
189618245227
189618252430
189618260303
189618266651
189618272144
189618279163
189618285877
189618292652
189618296985
189618304065
189618310596
189618318469
189618325611
189618332874
189618338916
189618344714
189618351306
189618357532
189618365100
189618371021
189618377490
189618383044
189618390857
189618396533
189618404407
189618409717
189618418628
189618424914
189618432117
189618437854
189618444995
189618451098
189618457690
189618464709
189618471423
189618477832
189618484790
189618493640
189618499194
189618506884
189618512439
189618519519
189618525927
189618533618
189618539782
189618546923
189618554126
189618560839
189618567187
189618572009
189618579943
189618585253
189618590930
189618598010
189618604113
189618610949
189618617297
189618623095
189618631152
189618636157
189618643542
189618649279
189618655871
189618661425
189618666735
189618672717
189618679675
189618685351
189618690905
189618696947
189618704150
189618709032
189618716173
189618722216
189618728869
189618734789
189618740771
189618747240
189618751940
189618760973
189618765795
189618773974
189618779955
189618786120
189618790880
189618799364
189618805773
189618812304
189618818529
189618824572
189618831102
189618837145
189618842943
189618850756
189618856188
189618863451
189618871141
189618878832
189618883959
189618891222
189618897203
189618904527
189618910082
189618917528
189618923387
189618930528
189618937059
189618943346
189618949632
189618956224
189618963243
189618970201
189618976488
189618983385
189618989488
189618995470
189619001512
189619008897
189619015184
189619020921
189619026781
189619033189
189619038743
189619043992
189619051134
189619056322
189619063646
189619071092
189619076768
189619083848
189619089280
189619096055
189619101426
189619106736
189619114549
189619120286
189619125474
189619131639
189619138536
189619145188
189619150926
189619157457
189619165208
189619170701
189619177842
189619182359
189619188951
189619194505
189619201036
189619205552
189619213487
189619221299
189619226304
189619233384
189619240037
189619246446
189619253098
189619259751
189619266953
189619274094
189619279954
189619288621
189619297410
189619304490
189619311814
189619319504
189619327439
189619333726
189619341172
189619346909
189619354050
189619359910
189619365830
189619374375
189619380906
189619388047
189619393845
189619400925
189619406296
189619413315
189619417832
189619426499
189619434433
189619439316
189619447861
189619454331
189619460495
189619465317
189619472458
189619479782
189619486496
189619494370
189619500656
189619507004
189619513168
189619519150
189619527573
189619534592
189619541733
189619548874
189619553574
189619563095
189619570908
189619577744
189619583969
189619591965
189619596542
189619604111
189619610763
189619616012
189619623093
189619630112
189619636215
189619642380
189619647140
189619653915
189619660202
189619666549
189619673446
189619680954
189619687240
189619693344
189619699020
189619705307
189619710800
189619715927
189619723556
189619730941
189619736923
189619743270
189619750595
189619756149
189619763717
189619769699
189619777877
189619783248
189619790389
189619795638
189619802535
189619809493
189619815963
189619823287
189619829818
189619835922
189619842513
189619848617
189619855514
189619861678
189619866500
189619875472
189619880355
189619888045
189619894454
189619900497
189619905685
189619913253
189619918685
189619926314
189619933211
189619939315
189619946334
189619952437
189619959029
189619965194
189619970748
189619978866
189619986556
189619992782
189619998885
189620005965
189620010543
189620017562
189620023787
189620030806
189620035262
189620042403
189620048201
189620055342
189620062178
189620068526
189620075301
189620080062
189620086836
189620093062
189620099410
189620105818
189620111495
189620117415
189620123457
189620129927
189620135664
189620140364
189620148604
189620154097
189620160139
189620166853
189620173384
189620179732
189620187788
189620193709
189620199019
189620204268
189620211409
189620216048
189620224715
189620230513
189620237959
189620243880
189620251265
189620257307
189620264692
189620270247
189620278364
189620284407
189620291121
189620296736
189620302839
189620308821
189620315718
189620323713
189620331221
189620337019
189620342390
189620350080
189620355451
189620362593
189620368818
189620376448
189620382490
189620389570
189620396406
189620401228
189620409345
189620414167
189620421186
189620429670
189620436323
189620442426
189620448652
189620455854
189620462080
189620467756
189620476301
189620483381
189620489606
189620495771
189620502973
189620508710
189620515851
189620521650
189620529340
189620534528
189620541791
189620547712
189620555036
189620561750
189620568220
189620575910
189620583295
189620589765
189620595258
189620602460
189620607465
189620613141
189620619672
189620625714
189620633222
189620639508
189620645246
189620653058
189620659650
189620665265
189620671430
189620678937
189620685407
189620691449
189620695722
189620702558
189620708173
189620715253
189620723370
189620730573
189620737164
189620744183
189620750043
189620756207
189620762006
189620767682
189620775189
189620782513
189620788373
189620793805
189620800946
189620807110
189620814252
189620819623
189620827679
189620835003
189620840008
189620847210
189620853619
189620860150
189620866620
189620873089
189620880230
189620886944
189620893475
189620899701
189620906903
189620913006
189620918927
189620926251
189620933819
189620941632
189620948162
189620955792
189620963116
189620971112
189620977825
189620983563
189620991253
189620996929
189621005596
189621012493
189621017376
189621024700
189621032635
189621039043
189621044842
189621050640
189621056683
189621063641
189621068768
189621074627
189621082561
189621090374
189621095928
189621103985
189621111858
189621119671
189621126263
189621133953
189621139812
189621145122
189621152691
189621158184
189621166057
189621171306
189621180340
189621186504
189621193706
189621199138
189621206279
189621211284
189621218486
189621224712
189621232341
189621239360
189621243999
189621251628
189621258464
189621264629
189621269512
189621278301
189621284526
189621291484
189621298137
189621304485
189621311809
189621318034
189621324626
189621331584
189621339458
189621347087
189621352092
189621359782
189621369365
189621375896
189621384441
189621390971
189621397624
189621404277
189621412395
189621418559
189621426189
189621432719
189621440227
189621446025
189621452739
189621457805
189621464518
189621470256
189621476420
189621483500
189621488871
189621498210
189621504130
189621510234
189621515178
189621522624
189621530375
189621536540
189621541728
189621549296
189621555033
189621560527
189621567301
189621574565
189621581034
189621587992
189621593608
189621601847
189621607585
189621613627
189621618205
189621624857
189621631815
189621639201
189621646159
189621653361
189621659586
189621665934
189621673685
189621679118
189621686259
189621693034
189621701517
189621709696
189621716471
189621724161
189621731974
189621738993
189621744852
189621753275
189621759989
189621766703
189621772989
189621781290
189621786783
189621795389
189621801859
189621808878
189621813761
189621820841
189621826517
189621833414
189621837931
189621845804
189621853006
189621859354
189621866861
189621871622
189621878580
189621884928
189621891214
189621898294
189621904703
189621910990
189621918375
189621923563
189621929300
189621935342
189621942117
189621949991
189621956277
189621962808
189621970682
189621978799
189621986368
189621993692
189622000284
189622006570
189622011880
189622019388
189622024698
189622032571
189622038492
189622046914
189622053079
189622060525
189622069314
189622074502
189622082803
189622089944
189622095987
189622102456
189622110147
189622116372
189622121804
189622129007
189622134622
189622140786
189622148538
189622155130
189622162454
189622168130
189622175454
189622182290
189622188760
189622196145
189622201638
189622209817
189622214883
189622222695
189622227761
189622236916
189622242898
189622249978
189622256631
189622264626
189622269753
189622277383
189622282571
189622288552
189622296059
189622303872
189622309487
189622316689
189622323586
189622330727
189622336953
189622343850
189622350869
189622357461
189622366066
189622372780
189622380288
189622387368
189622394387
189622402138
189622407998
189622414101
189622419838
189622427773
189622434731
189622440773
189622448220
189622456398
189622461769
189622468666
189622476601
189622481972
189622489052
189622494606
189622500771
189622508400
189622515785
189622521706
189622527260
189622534157
189622541237
189622545876
189622556374
189622562904
189622567482
189622574135
189622580971
189622586952
189622591774
189622599098
189622606239
189622612831
189622619728
189622625831
189622632789
189622638893
189622644996
189622652321
189622660316
189622666542
189622673927
189622679542
189622686500
189622692115
189622699134
189622707252
189622713966
189622720497
189622726478
189622733070
189622740150
189622745033
189622754493
189622760963
189622767188
189622773048
189622780433
189622785804
189622791419
189622797706
189622803626
189622810767
189622818153
189622824806
189622832313
189622839942
189622847450
189622853736
189622859718
189622866859
189622872474
189622879005
189622884681
189622891456
189622896705
189622904761
189622911536
189622918128
189622925086
189622931190
189622936988
189622941504
189622948462
189622955665
189622961585
189622969214
189622976539
189622981238
189622988562
189622994727
189623003272
189623010962
189623017737
189623023780
189623030677
189623036841
189623043372
189623049964
189623056922
189623063086
189623069068
189623076819
189623081763
189623089392
189623095679
189623104224
189623109839
189623117041
189623123999
189623128882
189623137671
189623142554
189623149207
189623157874
189623164160
189623167578
189623177344
189623182776
189623190649
189623197241
189623203406
189623209692
189623217505
189623222449
189623230261
189623235266
189623243017
189623249365
189623257422
189623262732
189623269751
189623275488
189623282629
189623290442
189623295446
189623303564
189623310766
189623317297
189623322973
189623330664
189623335974
189623341955
189623348974
189623355932
189623363317
189623368933
189623375830
189623380956
189623387365
189623392431
189623399328
189623405248
189623411169
189623418249
189623424047
189623431127
189623436926
189623443945
189623450780
189623457861
189623463964
189623470861
189623476659
189623483129
189623488866
189623495519
189623501806
189623509862
189623516149
189623522802
189623530614
189623537877
189623542760
189623550451
189623558385
189623564306
189623571325
189623577550
189623584081
189623591832
189623599462
189623607824
189623615636
189623622716
189623630162
189623637975
189623643956
189623652806
189623658483
189623665441
189623673253
189623679906
189623687108
189623694066
189623701695
189623709081
189623717503
189623724583
189623730748
189623738255
189623747105
189623753270
189623759679
189623767613
189623774327
189623781468
189623790684
189623800572
189623807103
189623814427
189623822545
189623830052
189623836400
189623844822
189623850682
189623858311
189623865452
189623869603
189623878575
189623886265
189623893223
189623900059
189623908055
189623914952
189623920811
189623927952
189623935704
189623940098
189623946629
189623954380
189623959812
189623967442
189623973667
189623982945
189623990635
189623996433
189624003330
189624008518
189624016453
189624024021
189624029697
189624037449
189624045628
189624050938
189624059299
189624066196
189624072666
189624080418
189624088047
189624094700
189624101414
189624108677
189624115818
189624123264
189624131016
189624138279
189624145664
189624152012
189624159763
189624166660
189624174045
189624182834
189624189243
189624196567
189624204258
189624209934
189624218113
189624226413
189624233860
189624239780
189624245700
189624251438
189624257907
189624266330
189624273776
189624280063
189624286350
189624290866
189624297641
189624304599
189624311069
189624318942
189624326083
189624332736
189624340732
189624346347
189624354160
189624361545
189624368442
189624374911
189624381808
189624387607
189624393222
189624401645
189624409823
189624415561
189624423434
189624429477
189624436557
189624444735
189624451816
189624458407
189624464816
189624471591
189624479709
189624485202
189624493441
189624499301
189624506503
189624514315
189624522860
189624528292
189624534945
189624542697
189624549410
189624556063
189624564181
189624570223
189624577609
189624586276
189624595004
189624600619
189624607882
189624614596
189624622714
189624629610
189624636446
189624643649
189624650301
189624657687
189624664034
189624671114
189624679354
189624685824
189624693331
189624699557
189624706698
189624715548
189624722140
189624729220
189624735506
189624742952
189624748751
189624754793
189624762240
189624767916
189624776644
189624783968
189624790133
189624797335
189624803743
189624810457
189624817537
189624823885
189624830599
189624838289
189624843660
189624852632
189624860872
189624867037
189624874788
189624880953
189624888033
189624892732
189624900545
189624908357
189624915010
189624922456
189624931001
189624936067
189624945345
189624952547
189624959383
189624966951
189624974275
189624981904
189624987886
189624994295
189625002717
189625009981
189625017732
189625024202
189625031465
189625039461
189625046052
189625054963
189625062227
189625067720
189625076692
189625081941
189625089387
189625094575
189625102266
189625110505
189625117524
189625123078
189625129365
189625136140
189625141328
189625149324
189625156281
189625162263
189625168550
189625173554
189625182404
189625189362
189625195283
189625203095
189625208772
189625215424
189625221467
189625227326
189625233430
189625240449
189625247590
189625254121
189625259797
189625266022
189625273102
189625280060
189625288850
189625295075
189625301972
189625309601
189625315339
189625322236
189625327546
189625335541
189625343476
189625347565
189625356598
189625363068
189625368500
189625375153
189625384064
189625392670
189625398957
189625405365
189625411347
189625419281
189625425690
189625433441
189625439606
189625444428
189625452973
189625456207
189625465363
189625472260
189625479828
189625486969
189625491852
189625499603
189625505585
189625512299
189625519012
189625526825
189625532623
189625539154
189625547760
189625555023
189625562286
189625568817
189625577179
189625584625
189625591217
189625595917
189625604767
189625612030
189625617584
189625624908
189625631500
189625638946
189625646026
189625653289
189625661712
189625668609
189625675323
189625682403
189625688079
189625694244
189625700897
189625708648
189625715911
189625723114
189625730804
189625736724
189625744110
189625753021
189625759002
189625766570
189625774017
189625780364
189625787750
189625796172
189625803436
189625808990
189625816619
189625824920
189625830352
189625838470
189625848296
189625855743
189625861846
189625868682
189625877227
189625883514
189625890899
189625897368
189625904693
189625912749
189625920135
189625926848
189625933562
189625939422
189625948333
189625956878
189625962371
189625969878
189625975737
189625983062
189625989592
189625996245
189626001921
189626008879
189626015776
189626021758
189626030730
189626037444
189626043608
189626050749
189626057768
189626062346
189626070708
189626077483
189626082793
189626090727
189626098113
189626104338
189626112761
189626119475
189626123808
189626132231
189626139067
189626145476
189626152312
189626157133
189626166106
189626172880
189626180937
189626186552
189626195158
189626201933
189626208769
189626216887
189626223540
189626231413
189626237333
189626245512
189626251860
189626259733
189626266874
189626274626
189626281645
189626287016
189626294401
189626302397
189626309782
189626317411
189626324613
189626331877
189626339933
189626347257
189626354704
189626363249
189626368620
189626376737
189626384001
189626391447
189626398466
189626404508
189626414457
189626419828
189626427152
189626433378
189626440580
189626445768
189626451749
189626459379
189626466703
189626474149
189626481657
189626486844
189626493802
189626501493
189626509061
189626514676
189626520841
189626527372
189626534025
189626541715
189626548246
189626554410
189626562223
189626569425
189626574735
189626582364
189626589383
189626596891
189626604520
189626610318
189626616178
189626622953
189626629972
189626635526
189626644437
189626652005
189626659329
189626665128
189626672269
189626679166
189626685697
189626693326
189626701199
189626706998
189626712735
189626720975
189626726346
189626733853
189626741177
189626747708
189626754544
189626760525
189626766446
189626773648
189626779324
189626787686
189626796231
189626801541
189626809720
189626815884
189626821988
189626826748
189626834866
189626841458
189626849637
189626859524
189626866604
189626874112
189626881863
189626888516
189626895352
189626902310
189626909878
189626916836
189626924160
189626933743
189626939663
189626946926
189626954067
189626962246
189626968899
189626975613
189626981838
189626988552
189626996059
189627004177
189627011257
189627018703
189627026455
189627032925
189627039577
189627044277
189627052578
189627057705
189627066494
189627072475
189627080532
189627088466
189627095180
189627102016
189627109768
189627116298
189627124355
189627130275
189627138637
189627145534
189627151760
189627160244
189627166347
189627174526
189627181911
189627188442
189627196621
189627202480
189627210903
189627218349
189627225856
189627232143
189627238918
189627245204
189627252040
189627259914
189627266872
189627272731
189627281764
189627288661
189627295192
189627302028
189627309352
189627316371
189627322353
189627329860
189627336085
189627342311
189627346767
189627353847
189627362819
189627368861
189627376124
189627382716
189627387416
189627396327
189627401881
189627409389
189627414943
189627421290
189627426234
189627433497
189627441554
189627448207
189627454860
189627461757
189627467738
189627474513
189627481471
189627486537
189627494105
189627500697
189627507533
189627513697
189627521205
189627528041
189627534999
189627541468
189627548731
189627556910
189627566310
189627573817
189627582850
189627589076
189627596217
189627603663
189627611292
189627618800
189627627039
189627632288
189627639979
189627648096
189627655237
189627663538
189627670862
189627678126
189627686121
189627691981
189627699488
189627706995
189627712916
189627720606
189627727442
189627735804
189627743189
189627749109
189627756678
189627763025
189627769617
189627777979
189627784510
189627791590
189627798243
189627806238
189627814478
189627821131
189627828638
189627834375
189627840784
189627847132
189627853906
189627860620
189627868250
189627873804
189627881494
189627889490
189627895960
189627904138
189627910059
189627916345
189627926233
189627933252
189627940515
189627945459
189627953455
189627960718
189627967920
189627975610
189627983484
189627988550
189627998071
189628003503
189628011926
189628017846
189628025476
189628034143
189628040063
189628047632
189628053796
189628061670
189628070092
189628075708
189628083093
189628089685
189628095056
189628101647
189628109643
189628116235
189628122705
189628128442
189628135278
189628140588
189628145837
189628153283
189628159692
189628166955
189628173058
189628180383
189628186730
189628193993
189628201989
189628208825
189628213342
189628219811
189628225915
189628231347
189628238061
189628245873
189628254967
189628261864
189628268395
189628276574
189628281945
189628291039
189628297082
189628303429
189628311120
189628319481
189628326745
189628333214
189628340661
189628348168
189628356102
189628362877
189628369774
189628377221
189628385338
189628390709
189628399681
189628406029
189628413597
189628420800
189628429466
189628436608
189628443016
189628450951
189628458336
189628464745
189628471764
189628478111
189628484703
189628491661
189628499229
189628504356
189628511864
189628517967
189628526146
189628532677
189628540245
189628546043
189628551720
189628558861
189628564232
189628571739
189628576378
189628582847
189628591148
189628596397
189628603843
189628610985
189628618126
189628624351
189628629539
189628638084
189628645225
189628651634
189628656700
189628662620
189628672203
189628679771
189628686973
189628692649
189628700401
189628707908
189628713401
189628722740
189628728050
189628735618
189628741111
189628748130
189628753501
189628761314
189628768333
189628773765
189628781211
189628786094
189628793784
189628800620
189628806907
189628812095
189628820090
189628825950
189628832175
189628837791
189628845847
189628851768
189628860374
189628866843
189628873008
189628879783
189628884849
189628892356
189628899497
189628905662
189628911765
189628917930
189628925071
189628930625
189628937583
189628942710
189628948325
189628955771
189628961875
189628966452
189628973410
189628978476
189628987509
189628992881
189628998984
189629004294
189629011130
189629015158
189629021872
189629026816
189629034201
189629040732
189629049277
189629055930
189629063010
189629068930
189629074545
189629081564
189629087546
189629093771
189629100180
189629107199
189629115561
189629121603
189629131308
189629137717
189629143149
189629152426
189629161398
189629167746
189629175497
189629182455
189629189902
189629197104
189629204489
189629212179
189629218832
189629226095
189629233847
189629241293
189629248678
189629256979
189629263449
189629271017
189629276754
189629284079
189629290914
189629297506
189629304525
189629310812
189629317770
189629323751
189629332113
189629338095
189629346273
189629351400
189629358663
189629365621
189629373556
189629378866
189629385763
189629393453
189629398214
189629408041
189629413961
189629422323
189629429769
189629437093
189629443258
189629448202
189629457662
189629464315
189629471273
189629477865
189629485677
189629493856
189629500387
189629508138
189629514425
189629521444
189629528463
189629536092
189629543172
189629549154
189629556173
189629564046
189629571920
189629577840
189629586019
189629591512
189629599385
189629606282
189629614339
189629621846
189629627095
189629634297
189629641500
189629648152
189629656453
189629665242
189629670491
189629679463
189629686299
189629694051
189629700581
189629708699
189629717061
189629722371
189629729451
189629735432
189629741658
189629746236
189629751790
189629760396
189629767354
189629774373
189629779133
189629786030
189629793233
189629800129
189629807271
189629812581
189629819172
189629825947
189629833027
189629839375
189629846577
189629853901
189629860920
189629868611
189629877888
189629882649
189629891377
189629898213
189629903584
189629912495
189629920613
189629925556
189629934223
189629942341
189629950764
189629957600
189629965107
189629971516
189629978962
189629986652
189629994221
189629999897
189630005573
189630012653
189630020161
189630026630
189630032673
189630039997
189630045612
189630052875
189630058735
189630065937
189630073322
189630080585
189630088093
189630094562
189630102497
189630109943
189630116718
189630123920
189630131794
189630138324
189630143451
189630149982
189630155841
189630162433
189630169330
189630178974
189630184955
189630192157
189630199298
189630207050
189630214862
189630221027
189630228168
189630235248
189630241046
189630248493
189630255695
189630263446
189630269489
189630274921
189630280475
189630288226
189630296893
189630304401
189630310321
189630316730
189630323260
189630330646
189630337360
189630344928
189630352801
189630359210
189630365436
189630369464
189630378192
189630383807
189630390399
189630396991
189630402667
189630409686
189630415423
189630423236
189630431414
189630436847
189630443194
189630448870
189630454913
189630461871
189630468829
189630476580
189630485003
189630489093
189630497637
189630503497
189630511675
189630518267
189630524981
189630532061
189630537432
189630544024
189630551959
189630559039
189630565814
189630572344
189630577593
189630583941
189630590105
189630600481
189630606585
189630615130
189630621416
189630626482
189630633318
189630640337
189630648760
189630656023
189630661394
189630668230
189630675310
189630681109
189630688311
189630695208
189630702837
189630709063
189630715654
189630722735
189630728899
189630736895
189630743792
189630749712
189630756060
189630763567
189630769060
189630776384
189630785417
189630791155
189630798479
189630804277
189630811052
189630818132
189630825640
189630831926
189630840166
189630846086
189630853471
189630858904
189630865984
189630872698
189630880388
189630887834
189630893755
189630900224
189630908830
189630916643
189630923601
189630931413
189630937334
189630944292
189630951860
189630958452
189630966142
189630974931
189630981584
189630987748
189630995256
189631003007
189631009965
189631015458
189631023088
189631029985
189631036149
189631045305
189631050370
189631057939
189631065080
189631070207
189631078324
189631086442
189631093583
189631100175
