189955989419
189955994241
189955999429
189956004434
189956010415
189956014993
189956022073
189956027383
189956033303
189956040139
189956045815
189956050332
189956058205
189956064309
189956071328
189956078530
189956085366
189956091714
189956098916
189956106850
189956114541
189956120827
189956127968
189956135293
189956140786
189956147988
189956154824
189956162026
189956168129
189956177651
189956186074
189956192849
189956200722
189956208962
189956215065
189956223732
189956230568
189956237770
189956244972
189956251015
189956260353
189956266884
189956273476
189956279457
189956284584
189956293739
189956301369
189956308144
189956315773
189956321755
189956330116
189956336830
189956343361
189956353065
189956361183
189956368324
189956374123
189956381691
189956389931
189956398353
189956405556
189956412514
189956419960
189956426430
189956434608
189956440468
189956446937
189956456276
189956465309
189956470558
189956477699
189956484718
189956493202
189956500892
189956508583
189956515296
189956523353
189956530067
189956538124
189956545875
189956556129
189956564063
189956571082
189956579322
189956586768
189956595191
189956604774
189956611854
189956619178
189956625587
189956633521
189956642005
189956649696
189956657935
189956662147
189956672401
189956679603
189956687659
189956697730
189956704688
189956711707
189956720557
189956728614
189956735755
189956744849
189956750281
189956758948
189956767798
189956774634
189956781531
189956789222
189956796729
189956805701
189956812659
189956820533
189956827918
189956835242
189956841284
189956849707
189956858008
189956865882
189956874121
189956881568
189956889197
189956897376
189956904700
189956914832
189956921851
189956929297
189956936682
189956944983
189956953040
189956960852
189956968115
189956977392
189956983496
189956992407
189956996863
189957006384
189957014563
189957020727
189957029761
189957036902
189957043982
189957053320
189957061255
189957071447
189957079260
189957085608
189957094519
189957102636
189957109533
189957117041
189957125708
189957135412
189957143225
189957150671
189957158544
189957166235
189957174780
189957183874
189957192236
189957199377
189957208166
189957216222
189957224401
189957231725
189957239416
189957247045
189957254613
189957263158
189957271764
189957278539
189957286352
189957292394
189957300451
189957309667
189957318456
189957327855
189957332128
189957341771
189957348668
189957356359
189957363744
189957370763
189957378270
189957386327
189957393468
189957400243
189957408910
189957416234
189957424108
189957430272
189957438695
189957445165
189957453465
189957460179
189957467809
189957475194
189957481664
189957489598
189957496739
189957503636
189957511144
189957521275
189957527806
189957535435
189957543065
189957549962
189957558079
189957565892
189957573216
189957580907
189957588780
189957595433
189957602025
189957609959
189957617344
189957627537
189957631749
189957641758
189957649144
189957654332
189957663365
189957669285
189957678135
189957685398
189957692173
189957698826
189957706333
189957716526
189957723240
189957729771
189957739353
189957745518
189957753208
189957762669
189957768833
189957778904
189957786167
189957792698
189957799656
189957806980
189957813938
189957821934
189957829441
189957836216
189957843967
189957850132
189957857517
189957865452
189957874119
189957881992
189957889072
189957896580
189957904209
189957911777
189957918674
189957927707
189957934910
189957943088
189957950657
189957957615
189957964939
189957974338
189957983554
189957990573
189957997226
189958004612
189958010837
189958018528
189958024631
189958033664
189958042392
189958049045
189958056369
189958064914
189958072177
189958082065
189958089511
189958096774
189958104587
189958112766
189958120883
189958129733
189958133945
189958146152
189958154025
189958163180
189958170322
189958179172
189958187228
189958196078
189958203647
189958211642
189958220920
189958225253
189958236117
189958244845
189958250216
189958259555
189958266330
189958274997
189958281222
189958289401
189958296664
189958304110
189958311679
189958318881
189958327243
189958331149
189958339816
189958347079
189958352999
189958360812
189958368563
189958375460
189958385348
189958389437
189958400301
189958406588
189958411898
189958418551
189958424654
189958431857
189958438326
189958445589
189958461336
189958474093
189958480501
189958488436
189958493868
189958501803
189958508516
189958516756
189958525545
189958533602
189958540377
189958547274
189958552950
189958561129
189958569429
189958575167
189958584322
189958591707
189958598177
189958605501
189958613192
189958619600
189958627413
189958632906
189958638216
189958646028
189958652071
189958659517
189958663423
189958672579
189958679414
189958685762
189958690279
189958697603
189958704500
189958711214
189958718782
189958724153
189958732088
189958736909
189958744356
189958749055
189958755830
189958763277
189958770662
189958775728
189958783113
189958788423
189958795503
189958800691
189958807710
189958815584
189958820527
189958826143
189958832368
189958837922
189958843782
189958849458
189958856416
189958865266
189958870576
189958878511
189958885041
189958891816
189958896821
189958903840
189958911042
189958918122
189958925202
189958932160
189958940339
189958948945
189958953950
189958961640
189958968781
189958975434
189958982148
189958988496
189958994965
189959001252
189959006501
189959013093
189959020112
189959027314
189959033845
189959038544
189959045991
189959050507
189959056733
189959063935
189959071992
189959077485
189959083649
189959091279
189959096711
189959102021
189959110077
189959116730
189959123627
189959129914
189959135956
189959142060
189959148285
189959152741
189959160798
189959167267
189959174225
189959181000
189959187531
189959193634
189959199494
189959205658
189959212311
189959219208
189959226227
189959232392
189959239533
189959245636
189959252533
189959259613
189959265350
189959273590
189959279694
189959285004
189959292694
189959299042
189959305084
189959312103
189959319733
189959324677
189959332489
189959339020
189959345550
189959352081
189959356048
189959366119
189959372833
189959379486
189959386566
189959391266
189959398163
189959404327
189959410553
189959417633
189959424469
189959429657
189959436432
189959441559
189959448517
189959456268
189959461761
189959470794
189959477203
189959480804
189959488800
189959494842
189959500579
189959506866
189959513092
189959519927
189959526763
189959532684
189959539215
189959546661
189959553680
189959559112
189959567108
189959573821
189959580718
189959587005
189959592193
189959599761
189959605193
189959612884
189959621612
189959627166
189959634917
189959641509
189959647552
189959654021
189959660979
189959668304
189959675078
189959682586
189959690276
189959696013
189959704925
189959709136
189959718291
189959725676
189959732573
189959739104
189959745879
189959752166
189959758941
189959766265
189959773894
189959780120
189959786895
189959794036
189959799468
189959808379
189959815093
189959821562
189959828581
189959833586
189959841399
189959846221
189959854460
189959860259
189959866789
189959873808
189959879729
189959886137
189959892973
189959898161
189959904448
189959912199
189959917632
189959924590
189959933012
189959939055
189959945891
189959952360
189959958891
189959965361
189959972014
189959978361
189959985258
189959992888
189959997893
189960004545
189960011137
189960018034
189960025114
189960032194
189960039213
189960045378
189960052397
189960058683
189960065702
189960071318
189960079740
189960086271
189960092009
189960098539
189960104643
189960110441
189960113737
189960121122
189960129484
189960136137
189960140653
189960147856
189960154264
189960160429
189960167265
189960173856
189960180387
189960186491
189960191557
189960197355
189960204008
189960208402
189960216154
189960223661
189960230253
189960237272
189960243742
189960249296
189960256620
189960261564
189960268644
189960274930
189960282316
189960288236
189960294523
189960300565
189960307950
189960314298
189960321073
189960327421
189960334379
189960340482
189960346830
189960352994
189960359342
189960366788
189960372159
189960380887
189960388028
189960393582
189960400540
189960406156
189960412992
189960419095
189960427457
189960432645
189960440274
189960446805
189960452970
189960458646
189960464078
189960472562
189960480618
189960487210
189960492825
189960498929
189960505215
189960511136
189960516873
189960523343
189960529691
189960537137
189960543423
189960550259
189960556607
189960561307
189960568082
189960575284
189960581143
189960587369
189960593716
189960598782
189960605862
189960611172
189960618741
189960624356
189960633267
189960637722
189960647976
189960655056
189960662197
189960668118
189960675137
189960682217
189960690029
189960696926
189960700833
189960710049
189960717190
189960724758
189960731289
189960737942
189960744839
189960749600
189960757717
189960762417
189960769802
189960777248
189960783413
189960790432
189960797512
189960803005
189960809536
189960816616
189960822720
189960831936
189960837612
189960842983
189960851345
189960857509
189960864284
189960867946
189960876369
189960883510
189960889919
189960896023
189960901943
189960907741
189960913845
189960920925
189960926113
189960934414
189960941738
189960948146
189960956386
189960962062
189960968410
189960976528
189960980678
189960989162
189960996181
189961002712
189961008205
189961014797
189961022121
189961029201
189961036586
189961043788
189961050075
189961054836
189961062465
189961067165
189961074306
189961082546
189961088832
189961096462
189961102260
189961107814
189961116542
189961120448
189961129115
189961135646
189961142787
189961150172
189961156581
189961161037
189961168605
189961175075
189961181788
189961189540
189961194484
189961201930
189961208888
189961214808
189961221766
189961228297
189961233912
189961242091
189961247462
189961253810
189961259059
189961266139
189961273463
189961279139
189961285060
189961291774
189961296656
189961304286
189961310145
189961317225
189961320948
189961330714
189961338038
189961342921
189961349635
189961355677
189961361903
189961367823
189961373194
189961379725
189961387415
189961392237
189961399622
189961406580
189961413050
189961417811
189961425257
189961434107
189961439844
189961445399
189961453028
189961457911
189961465357
189961470545
189961477930
189961484400
189961491297
189961497461
189961504480
189961511194
189961517786
189961521631
189961530848
189961538477
189961545252
189961552637
189961558985
189961565027
189961571253
189961577661
189961582727
189961591089
189961596399
189961603357
189961610315
189961616114
189961623133
189961630518
189961636926
189961645471
189961651514
189961658289
189961664270
189961671228
189961674951
189961682825
189961689294
189961695703
189961702539
189961708765
189961714624
189961720972
189961727380
189961734033
189961740808
189961747583
189961753992
189961758813
189961764917
189961771326
189961777368
189961782922
189961790124
189961797876
189961804223
189961809717
189961816675
189961822168
189961829736
189961836328
189961845361
189961849023
189961857141
189961860803
189961868982
189961876306
189961881921
189961890832
189961897668
189961903894
189961910485
189961917138
189961923669
189961929589
189961936547
189961943261
189961950341
189961955773
189961962914
189961970055
189961975549
189961981896
189961987817
189961996484
189962002526
189962009301
189962016442
189962022912
189962027428
189962035668
189962043420
189962048608
189962056420
189962061120
189962068261
189962074181
189962080773
189962088585
189962093957
189962100609
189962107323
189962112572
189962118981
189962125634
189962132836
189962138512
189962146630
189962149987
189962158165
189962164391
189962170739
189962174523
189962182335
189962188866
189962197594
189962204186
189962210594
189962215965
189962222313
189962229210
189962235924
189962243065
189962250145
189962258507
189962264061
189962273094
189962277489
189962286827
189962294823
189962301231
189962308372
189962313316
189962320274
189962326744
189962334495
189962340660
189962348411
189962353599
189962359764
189962366356
189962372520
189962377464
189962385399
189962390953
189962399681
189962405845
189962412132
189962418602
189962424766
189962431175
189962436302
189962444664
189962451194
189962456321
189962462242
189962468345
189962474449
189962480491
189962487266
189962494834
189962501976
189962510154
189962515708
189962523765
189962529807
189962538108
189962544151
189962549949
189962556053
189962562461
189962569175
189962576194
189962582359
189962589927
189962596885
189962602439
189962610862
189962616355
189962622825
189962630576
189962637473
189962642173
189962651755
189962655723
189962664084
189962670249
189962676841
189962683005
189962691245
189962698996
189962705771
189962711692
189962718100
189962723899
189962730124
189962736899
189962742026
189962749961
189962757224
189962762534
189962769004
189962774131
189962780844
189962786826
189962795920
189962803061
189962809531
189962815817
189962819480
189962827109
189962832236
189962839560
189962845542
189962853842
189962859702
189962865866
189962872397
189962877280
189962885031
189962893271
189962899557
189962906454
189962912985
189962917868
189962923727
189962930136
189962935385
189962944296
189962950949
189962957113
189962963827
189962967550
189962976034
189962982199
189962988791
189962995382
189963003561
189963008078
189963015951
189963022787
189963029074
189963034750
189963041403
189963049643
189963054525
189963061911
189963068869
189963074850
189963081747
189963088156
189963094015
189963102133
189963107504
189963113973
189963120992
189963127279
189963132833
189963141439
189963147787
189963155599
189963159811
189963166464
189963169820
189963178365
189963184652
189963191305
189963199606
189963204549
189963211813
189963216512
189963223104
189963229146
189963236288
189963244100
189963250143
189963254842
189963262594
189963267843
189963274801
189963280111
189963289144
189963296834
189963303609
189963308187
189963316488
189963321553
189963327535
189963333699
189963340413
189963348165
189963355733
189963363546
189963369344
189963378926
189963385762
189963392842
189963400411
189963407247
189963414205
189963421163
189963428975
189963436788
189963444173
189963449910
189963457539
189963463887
189963472798
189963479512
189963486714
189963492879
189963501118
189963507039
189963514180
189963519917
189963526814
189963533162
189963538472
189963546162
189963552388
189963559895
189963564107
189963570820
189963577962
189963584431
189963589375
189963596516
189963603352
189963610005
189963616536
189963622883
189963629597
189963634907
189963642476
189963649372
189963655842
189963661213
189963669148
189963674763
189963681416
189963686970
189963695088
189963701740
189963709614
189963715779
189963721882
189963727986
189963734089
189963737812
189963746479
189963753803
189963760578
189963766193
189963772663
189963779499
189963786030
189963791828
189963799519
189963807575
189963812946
189963822590
189963828022
189963836567
189963844074
189963851276
189963858661
189963865742
189963873005
189963879963
189963886371
189963893390
189963900531
189963907551
189963914814
189963922443
189963928608
189963935566
189963941608
189963947040
189963954914
189963960529
189963967731
189963973346
189963979999
189963984027
189963992816
189963999835
189964006671
189964011676
189964020404
189964026142
189964032245
189964037982
189964043781
189964049762
189964057452
189964063373
189964070636
189964079608
189964086139
189964093402
189964097736
189964107562
189964115070
189964121356
189964126483
189964132648
189964139667
189964146014
189964151874
189964158954
189964167377
189964172381
189964179767
189964186786
189964191913
189964198932
189964205584
189964211383
189964219867
189964225482
189964233477
189964237140
189964245501
189964251849
189964258258
189964264910
189964272845
189964279925
189964286578
189964293109
189964299578
189964304888
189964312213
189964319171
189964326312
189964333880
189964339068
189964345782
189964353594
189964360125
189964364459
189964373064
189964379290
189964385699
189964391253
189964397662
189964405352
189964411761
189964419024
189964424029
189964431048
189964435992
189964442705
189964447649
189964454729
189964462847
189964470232
189964476580
189964483172
189964488604
189964495195
189964502092
189964509539
189964517107
189964521746
189964529314
189964534075
189964540667
189964546953
189964553606
189964561418
189964567522
189964574480
189964580522
189964587419
189964593340
189964598711
189964606767
189964613176
189964622392
189964626360
189964634660
189964640886
189964647600
189964651262
189964660478
189964668779
189964675737
189964681108
189964687517
189964694170
189964700639
189964706926
189964713823
189964722368
189964727190
189964734941
189964739946
189964745500
189964751787
189964757341
189964764604
189964772111
189964777604
189964784929
189964790117
189964797014
189964802385
189964809221
189964814348
189964822221
189964827958
189964834672
189964838273
189964846635
189964853776
189964861283
189964868608
189964875260
189964881303
189964887712
189964895036
189964902482
189964908952
189964914567
189964921830
189964927445
189964936906
189964944474
189964951493
189964957780
189964965470
189964973527
189964979081
189964985246
189964992265
189964998185
189965005204
189965011918
189965017777
189965025468
189965030595
189965037736
189965042802
189965051102
189965057816
189965064591
189965071549
189965078202
189965084366
189965090653
189965097489
189965103714
189965109269
189965116227
189965123795
189965129166
189965136246
189965141861
189965151444
189965158158
189965165238
189965171341
189965178238
189965185990
189965192765
189965198807
189965205277
189965211075
189965217545
189965224991
189965231827
189965239212
189965244888
189965253861
189965261307
189965268204
189965275833
189965282425
189965288956
189965295547
189965302139
189965306961
189965314773
189965320145
189965328384
189965336014
189965342056
189965349197
189965354568
189965361648
189965368301
189965374161
189965382278
189965387588
189965395279
189965401504
189965407669
189965413162
189965421707
189965429702
189965436050
189965441421
189965447403
189965452041
189965459732
189965466751
189965474136
189965480789
189965487380
189965494522
189965499221
189965506606
189965513320
189965519546
189965525466
189965532790
189965537673
189965544875
189965550002
189965556350
189965564101
189965570815
189965577346
189965584060
189965590102
189965597182
189965600783
189965608352
189965613967
189965621474
189965625991
189965632888
189965640761
189965647231
189965654555
189965661208
189965668166
189965676467
189965682021
189965688918
189965696303
189965702773
189965709914
189965714248
189965723586
189965730666
189965738112
189965744216
189965750563
189965757399
189965763747
189965770644
189965778456
189965784865
189965792250
189965797255
189965802321
189965809279
189965814162
189965821669
189965829360
189965834853
189965841872
189965848158
189965854994
189965861220
189965865431
189965872572
189965880202
189965884962
189965891737
189965897841
189965904188
189965911085
189965917677
189965923292
189965931959
189965937453
189965944899
189965950331
189965957777
189965963270
189965971632
189965977247
189965985731
189965991835
189965998671
189966005812
189966012159
189966018690
189966024122
189966033033
189966039930
189966045423
189966052076
189966059034
189966065565
189966071852
189966078810
189966085951
189966092909
189966100294
189966105726
189966113966
189966120619
189966130201
189966135816
189966142835
189966149061
189966155470
189966162428
189966168653
189966175428
189966182569
189966188978
189966193861
189966200513
189966205701
189966213331
189966218763
189966226697
189966233045
189966241285
189966247144
189966253370
189966259595
189966265455
189966268873
189966277479
189966285047
189966291944
189966297132
189966303724
189966311658
189966318250
189966323804
189966331189
189966339368
189966346631
189966353894
189966362195
189966369031
189966376660
189966383496
189966388501
189966396436
189966404248
189966410718
189966417432
189966422315
189966428967
189966435803
189966443982
189966451489
189966459363
189966466016
189966473828
189966480481
189966487317
189966494214
189966500500
189966507092
189966513745
189966521008
189966526135
189966533764
189966541821
189966547986
189966555066
189966562756
189966568310
189966576306
189966583630
189966588574
189966596264
189966602917
189966609570
189966616162
189966621960
189966628552
189966636486
189966641857
189966650036
189966657116
189966662976
189966669689
189966676159
189966681591
189966689099
189966695080
189966703137
189966708508
189966716015
189966721386
189966728649
189966733959
189966740734
189966749218
189966755749
189966762096
189966768322
189966771862
189966779552
189966785351
189966792980
189966800487
189966807262
189966812939
189966819347
189966826427
189966833141
189966840160
189966846447
189966854564
189966860058
189966866832
189966871715
189966878490
189966883434
189966890758
189966896190
189966904796
189966911083
189966917553
189966923534
189966930431
189966933971
189966944164
189966950695
189966956066
189966963451
189966969799
189966976329
189966981334
189966988964
189966996532
189967002574
189967009837
189967017711
189967023998
189967031627
189967038524
189967046458
189967053844
189967061107
189967066844
189967073863
189967080333
189967085399
189967093455
189967099742
189967107371
189967112743
189967120433
189967125682
189967133128
189967138316
189967145152
189967151011
189967158885
189967163951
189967170909
189967176646
189967183665
189967190196
189967197398
189967204051
189967211192
189967218028
189967224437
189967229563
189967235728
189967241893
189967248179
189967255809
189967260630
189967267100
189967273936
189967281260
189967286753
189967293101
189967301158
189967307566
189967314524
189967320078
189967327036
189967332224
189967337290
189967345774
189967349619
189967358591
189967364817
189967372141
189967379038
189967385386
189967391672
189967398875
189967405772
189967412546
189967419077
189967425486
189967432261
189967439219
189967444895
189967453440
189967461680
189967467844
189967474375
189967479685
189967487192
189967493296
189967498606
189967507029
189967513865
189967520395
189967526743
189967533091
189967539499
189967543894
189967551706
189967559275
189967564585
189967570871
189967577158
189967583322
189967589609
189967595712
189967602670
189967610483
189967615488
189967621408
189967627878
189967634165
189967639169
189967645517
189967653757
189967661813
189967668161
189967673898
189967679391
189967687082
189967692575
189967700815
189967709177
189967714303
189967721872
189967728280
189967733713
189967740304
189967746957
189967753976
189967762216
189967767343
189967774728
189967781137
189967787729
189967794626
189967801095
189967806283
189967815011
189967820321
189967827340
189967832528
189967839547
189967844674
189967852792
189967858346
189967867501
189967871408
189967880624
189967884408
189967893136
189967896920
189967905282
189967912179
189967918832
189967925485
189967931649
189967936044
189967943063
189967949532
189967956307
189967964059
189967971688
189967979867
189967986581
189967994332
189968001412
189968007943
189968014168
189968020577
189968027535
189968034066
189968039681
189968046517
189968053963
189968060860
189968068734
189968073983
189968081917
189968089058
189968095345
189968102486
189968107857
189968115548
189968122933
189968128243
189968136055
189968142220
189968148995
189968155220
189968162483
189968169197
189968176216
189968183174
189968189644
189968195992
189968202461
189968208687
189968216133
189968223396
189968229927
189968236702
189968241280
189968247810
189968253792
189968260506
189968268867
189968275948
189968281502
189968289253
189968294624
189968302315
189968307625
189968313606
189968321480
189968328193
189968331611
189968338814
189968343818
189968351082
189968356209
189968364448
189968371711
189968378669
189968385444
189968391548
189968397773
189968403816
189968408271
189968414375
189968422371
189968429451
189968434516
189968441474
189968447944
189968454902
189968460884
189968470039
189968475715
189968483711
189968489265
189968494880
189968502326
189968507881
189968516670
189968523567
189968530647
189968534736
189968543464
189968550666
189968557319
189968564399
189968572150
189968579353
189968584602
189968592048
189968599128
189968605292
189968610053
189968617377
189968624518
189968631721
189968636786
189968643439
189968648383
189968655402
189968660895
189968667670
189968673346
189968681769
189968687873
189968694403
189968700324
189968707099
189968713324
189968718390
189968724555
189968732184
189968739325
189968745795
189968752265
189968758979
189968764228
189968771918
189968779730
189968787177
189968794379
189968800116
189968808661
189968812567
189968822211
189968830023
189968837103
189968843634
189968850836
189968857306
189968864386
189968871466
189968878912
189968886542
189968893805
189968901922
189968908575
189968915777
189968919867
189968929632
189968937689
189968942938
189968950018
189968956427
189968962713
189968969183
189968975287
189968982367
189968990484
189968995306
189969002142
189969008978
189969015692
189969020758
189969027655
189969033636
189969040228
189969045294
189969053472
189969058843
189969066046
189969072088
189969079229
189969087469
189969092535
189969099127
189969105169
189969109503
189969117071
189969124090
189969131048
189969138616
189969146307
189969153143
189969161687
189969168157
189969176336
189969183538
189969188543
189969196844
189969203191
189969210149
189969218206
189969225347
189969232488
189969237859
189969246709
189969252202
189969260076
189969268255
189969275945
189969282659
189969291326
189969299749
189969304815
189969312383
189969317144
189969323918
189969330754
189969336858
189969344792
189969351201
189969356633
189969364629
189969370061
189969376470
189969381780
189969389287
189969395268
189969403691
189969409795
189969415959
189969421758
189969427922
189969433659
189969439885
189969448613
189969453740
189969460393
189969466862
189969473088
189969479497
189969484074
189969491948
189969499211
189969503972
189969510808
189969517460
189969524113
189969529301
189969536809
189969542363
189969550236
189969558293
189969563237
189969569401
189969576664
189969580449
189969589543
189969596257
189969602726
189969609562
189969616215
189969621769
189969628483
189969635258
189969643437
189969650639
189969657292
189969663151
189969669804
189969676457
189969683048
189969690373
189969695683
189969702763
189969709782
189969716435
189969721256
189969728764
189969733769
189969741276
189969748905
189969755558
189969761112
189969768436
189969774235
189969783207
189969788700
189969796635
189969800236
189969807560
189969812687
189969820255
189969825992
189969832035
189969838016
189969844059
189969851261
189969857853
189969864139
189969871708
189969875553
189969883243
189969889164
189969896488
189969902347
189969908451
189969912174
189969919986
189969926456
189969932865
189969939212
189969946109
189969952457
189969958988
189969965457
189969972110
189969976749
189969985538
189969991763
189969999271
189970007205
189970012698
189970021060
189970026004
189970033878
189970038821
189970047183
189970052798
189970059634
189970065005
189970072513
189970077884
189970084903
189970090274
189970098636
189970104678
189970111148
189970116519
189970123477
189970128787
189970136905
189970142459
189970149295
189970154849
189970163333
189970167178
189970175113
189970180545
189970189029
189970195437
189970202395
189970206729
189970213137
189970218997
189970224978
189970230899
189970237246
189970244998
189970251834
189970256961
189970263369
189970269839
189970276126
189970281924
189970287966
189970294375
189970301150
189970307864
189970315493
189970321902
189970326846
189970335085
189970340517
189970346438
189970353762
189970359438
189970366457
189970373720
189970379031
189970385317
189970390566
189970399050
189970404665
189970412539
189970418886
189970425844
189970429690
189970437868
189970443361
189970451662
189970458254
189970465090
189970471376
189970477785
189970484316
189970490603
189970496889
189970503420
189970510256
189970516787
189970521486
189970527895
189970534670
189970541139
189970547792
189970554872
189970561708
189970569216
189970576052
189970584108
189970590212
189970596681
189970603578
189970611086
189970617799
189970624452
189970631471
189970637575
189970644716
189970652406
189970660036
189970667299
189970672243
189970678529
189970684389
189970690614
189970697145
189970703126
189970711183
189970717103
189970724122
189970730104
189970737184
189970743593
189970749147
189970757325
189970764650
189970772401
189970776368
189970784181
189970789613
189970797731
189970804872
189970810487
189970819398
189970827027
189970832826
189970839540
189970845277
189970851869
189970858644
189970865724
189970873536
189970880738
189970886964
189970891786
189970899171
189970903809
189970911622
189970917237
189970923829
189970928956
189970936646
189970942078
189970949952
189970955384
189970963380
189970969483
189970976929
189970983338
189970989564
189970995484
189971001526
189971007691
189971014893
189971021302
189971028138
189971034363
189971040955
189971047852
189971054383
189971061036
189971066651
189971074524
189971079468
189971086487
189971093323
189971099732
189971104737
189971113221
189971119385
189971126648
189971132080
189971140625
189971146240
189971153015
189971158509
189971167359
189971174011
189971181091
189971184998
189971192993
189971199219
189971206482
189971210388
189971219177
189971226135
189971232971
189971239685
189971246155
189971252930
189971259460
189971266357
189971272156
189971280579
189971285705
189971293091
189971299866
189971305298
189971312134
189971317993
189971323669
189971331177
189971336792
189971344482
189971349975
189971356689
189971362121
189971370056
189971375732
189971384399
189971390380
189971396301
189971401306
189971407653
189971414306
189971421081
189971427978
189971435119
189971442321
189971447387
189971455444
189971460571
189971468261
189971475280
189971482238
189971487731
189971494079
189971501281
189971507995
189971513610
189971521728
189971528564
189971536010
189971539916
189971548339
189971553771
189971561706
189971567931
189971575927
189971582946
189971589782
189971595641
189971602172
189971609313
189971615844
189971622069
189971629638
189971636718
189971644286
189971651183
189971659362
189971665831
189971672973
189971679686
189971687011
189971693358
189971698119
189971704161
189971711241
189971717406
189971722350
189971729369
189971737425
189971742613
189971750182
189971754943
189971761839
189971768309
189971774169
189971780882
189971787474
189971792723
189971799376
189971804808
189971812865
189971818358
189971824522
189971833739
189971840941
189971847227
189971853758
189971860533
189971866881
189971870360
189971879149
189971885741
189971892760
189971899595
189971906248
189971911131
189971919371
189971926390
189971933409
189971940245
189971947691
189971954039
189971958799
189971966246
189971973021
189971979002
189971986387
189971992796
189971998167
189972005918
189972011412
189972020384
189972026060
189972034361
189972041136
189972047972
189972054746
189972061582
189972069090
189972076170
189972083067
189972088743
189972096861
189972101133
189972111509
189972117674
189972124204
189972129758
189972136839
189972145078
189972150327
189972159483
189972163328
189972172056
189972179685
189972186643
189972193052
189972199949
189972206113
189972212705
189972219541
189972226194
189972233762
189972241330
189972247800
189972253354
189972260740
189972266355
189972274900
189972280454
189972286802
189972295591
189972302671
189972306760
189972315366
189972321714
189972328305
189972335385
189972342343
189972348752
189972355588
189972361753
189972368039
189972374692
189972379270
189972385922
189972392697
189972399411
189972406613
189972412778
189972419858
189972424863
189972431943
189972438351
189972447629
189972454221
189972461728
189972468198
189972475400
189972482419
189972489316
189972495236
189972503110
189972508664
189972516659
189972523007
189972531125
189972537900
189972544674
189972552548
189972557980
189972565731
189972571225
189972577816
189972585690
189972592099
189972598568
189972606259
189972612912
189972619442
189972626156
189972631100
189972637387
189972645077
189972652645
189972659420
189972666012
189972672421
189972679073
189972683956
189972691342
189972699215
189972706051
189972713619
189972720882
189972727108
189972736874
189972740780
189972749630
189972757137
189972763912
189972769955
189972775997
189972781978
189972788082
189972794124
189972800655
189972808285
189972813473
189972820858
189972827633
189972833614
189972838375
189972845882
189972851558
189972858577
189972863521
189972870662
189972875850
189972883480
189972888973
189972897213
189972901424
189972910701
189972917842
189972924373
189972928951
189972936885
189972940486
189972949336
189972955989
189972962886
189972969661
189972974544
189972982417
189972987300
189972995601
189973001643
189973010494
189973016597
189973023616
189973029170
189973037410
189973043452
189973052730
189973056880
189973065425
189973072505
189973079036
189973087886
189973093501
189973100581
189973106807
189973115779
189973122554
189973128901
189973133296
189973141230
189973148555
189973153437
189973161250
189973168574
189973174861
189973180537
189973189265
189973193476
189973202876
189973210993
189973217707
189973223872
189973230586
189973235224
189973243281
189973247737
189973256953
189973264704
189973272578
189973279902
189973285700
189973295039
189973299128
189973307734
189973315424
189973322199
189973326777
189973334162
189973341059
189973347346
189973354487
189973360712
189973368769
189973376887
189973385126
189973391108
189973399409
189973403925
189973413569
189973422114
189973429194
189973434870
189973441950
189973449457
189973456415
189973462214
189973469416
189973476374
189973482843
189973491327
189973497126
189973505732
189973511530
189973520746
189973528986
189973534296
189973541376
189973547785
189973553827
189973559870
189973566034
189973573236
189973579767
189973586359
189973593134
189973598016
189973605035
189973611566
189973618341
189973626398
189973632501
189973637140
189973644586
189973649835
189973656000
189973662836
189973668878
189973677484
189973683343
189973688714
189973696405
189973701776
189973709466
189973715631
189973723626
189973730829
189973737848
189973743768
189973750482
189973756707
189973763238
189973770379
189973775506
189973783990
189973791436
189973797052
189973804864
189973812982
189973818231
189973826531
189973833001
189973839715
189973846795
189973853143
189973860833
189973867425
189973874200
189973880364
189973887811
189973894402
189973900811
189973907647
189973914056
189973921075
189973926202
189973934258
189973938958
189973945428
189973951409
189973957940
189973964715
189973970696
189973978326
189973985711
189973991265
189973999138
189974004571
189974011529
189974017083
189974024956
189974030571
189974038201
189974044793
189974051323
189974057732
189974064202
189974070855
189974078301
189974085320
189974092095
189974098748
189974105278
189974111809
189974116631
189974124871
189974130181
189974138725
189974144280
189974152947
189974158989
189974167656
189974175591
189974182732
189974190239
189974197014
189974202385
189974208794
189974215691
189974222099
189974228569
189974233757
189974242058
189974249016
189974254570
189974258964
189974265556
189974272026
189974277702
189974285332
189974292778
189974298027
189974304924
189974310112
189974317619
189974322746
189974329826
189974335014
189974341972
189974347648
189974355095
189974358757
189974367424
189974371147
189974380546
189974387870
189974394950
189974401664
189974408256
189974415092
189974421440
189974427177
189974434318
189974441337
189974448783
189974455009
189974462028
189974468131
189974475272
189974481315
189974487479
189974496269
189974501823
189974509513
189974515739
189974522208
189974528434
189974535331
189974541556
189974549613
189974554130
189974561576
189974569572
189974574515
189974581595
189974588370
189974595450
189974602286
189974609000
189974613700
189974621695
189974626395
189974633414
189974641410
189974647757
189974653251
189974660392
189974665519
189974672477
189974677726
189974686209
189974692801
189974699759
189974706107
189974712210
189974718253
189974724234
189974727652
189974736258
189974743277
189974750052
189974756461
189974762808
189974768546
189974775260
189974781912
189974788626
189974796805
189974801749
189974809622
189974815115
189974822440
189974827628
189974835867
189974842154
189974849356
189974855521
189974863089
189974869375
189974875723
189974882559
189974889944
189974896597
189974903494
189974909781
189974916311
189974923208
189974929678
189974935110
189974941885
189974949759
189974954641
189974962454
189974967276
189974975210
189974980642
189974988882
189974995230
189975003836
189975007742
189975015921
189975021963
189975029287
189975032949
189975040884
189975046926
189975054373
189975058584
189975066641
189975074087
189975080190
189975086355
189975093008
189975100698
189975105642
189975112417
189975118398
189975125112
189975129629
189975137014
189975144582
189975150808
189975157766
189975164358
189975169729
189975177297
189975182668
189975188650
189975197622
189975203908
189975209401
189975217031
189975222341
189975229909
189975235402
189975244985
189975251516
189975258474
189975265798
189975272390
189975278981
189975285573
189975291494
189975299123
189975307119
189975314138
189975321034
189975329396
189975335561
189975341969
189975350270
189975355824
189975362355
189975370473
189975377492
189975382924
189975389760
189975395558
189975402943
189975409108
189975415944
189975422658
189975427663
189975434621
189975439687
189975447621
189975452199
189975461415
189975468312
189975474782
189975481373
189975487660
189975492116
189975499928
189975505971
189975512318
189975516591
189975524464
189975531666
189975538258
189975545338
189975553029
189975559437
189975566883
189975573292
189975578907
189975585438
189975592518
189975598561
189975607044
189975613270
189975618641
189975626393
189975631886
189975640003
189975646290
189975653919
189975661793
189975668568
189975673512
189975679859
189975687794
189975692555
189975699329
189975706409
189975712818
189975719837
189975725880
189975732410
189975738331
189975743397
189975749927
189975757435
189975763904
189975769398
189975777332
189975782642
189975789234
189975794483
189975802051
189975807667
189975815723
189975822864
189975829151
189975834522
189975840992
189975847889
189975854725
189975861866
189975868702
189975874500
189975881092
189975888538
189975892932
189975899524
189975907093
189975914905
189975920886
189975929614
189975935352
189975942737
189975948291
189975956409
189975962634
189975969714
189975975757
189975981860
189975987842
189975994373
189976000354
189976008167
189976015430
189976021960
189976027881
189976034289
189976038867
189976047168
189976054553
189976062793
189976069140
189976076160
189976082263
189976089099
189976094653
189976101306
189976106860
189976114795
189976119555
189976127002
189976132556
189976137927
189976146472
189976150256
189976159045
189976162829
189976172229
189976178393
189976184436
189976190661
189976196765
189976202807
189976209643
189976216662
189976223498
189976230212
189976237231
189976243334
189976250292
189976256335
189976264575
189976272326
189976277758
189976285021
189976290453
189976298449
189976304736
189976311938
189976318835
189976326220
189976333178
189976339770
189976346545
189976353197
189976359667
189976366747
189976373583
189976380724
189976386461
189976393175
189976397875
189976403978
189976409899
189976416918
189976424547
189976429918
189976437243
189976442553
189976448961
189976455736
189976462511
189976467516
189976475450
189976481249
189976486498
189976491686
189976500231
189976506639
189976514025
189976520861
189976527635
189976536669
189976544847
189976552171
189976559801
189976566393
189976571397
189976579027
189976585313
189976591905
189976599413
189976606004
189976613023
189976619005
189976627733
189976632799
189976640977
189976645738
189976653795
189976658555
189976666612
189976672471
189976680406
189976685838
189976692186
189976699022
189976705430
189976710740
189976718614
189976724290
189976732774
189976739366
189976745836
189976749681
189976757859
189976763902
189976771531
189976777879
189976784104
189976790086
189976795884
189976801560
189976807542
189976814195
189976822618
189976828782
189976835618
189976840989
189976847642
189976852891
189976859361
189976865830
189976871323
189976878159
189976883286
189976891282
189976896775
189976903428
189976908860
189976917283
189976924241
189976931748
189976938523
189976945054
189976951768
189976958359
189976965134
189976972275
189976979416
189976984482
189976992722
189976997605
189977005295
189977012314
189977017746
189977025254
189977032395
189977039414
189977045639
189977051133
189977059128
189977064560
189977071640
189977080185
189977086777
189977090256
189977098252
189977104538
189977111557
189977117783
189977126206
189977133347
189977140000
189977145676
189977151962
189977159165
189977163803
189977170273
189977177231
189977183762
189977191147
189977198959
189977205429
189977214096
189977218979
189977227707
189977235153
189977241867
189977248032
189977254562
189977261825
189977266708
189977274826
189977282028
189977288193
189977296371
189977302963
189977309799
189977316635
189977324081
189977330978
189977338546
189977343917
189977351669
189977358627
189977364791
189977370163
189977376571
189977384323
189977391098
189977396530
189977403915
189977411544
189977417098
189977422531
189977430648
189977439620
189977446517
189977452010
189977458724
189977465987
189977472335
189977478194
189977484542
189977491683
189977496749
189977505660
189977513900
189977521651
189977525680
189977535812
189977542342
189977549056
189977555587
189977562179
189977568038
189977574447
189977581038
189977587691
189977594710
189977602035
189977608565
189977615645
189977620772
189977627852
189977633712
189977641158
189977648421
189977654036
189977659163
189977664107
189977671492
189977676863
189977685103
189977692000
189977699141
189977706160
189977712874
189977717513
189977725325
189977732100
189977739668
189977747603
189977752852
189977760787
189977767867
189977774580
189977779646
189977786787
189977795088
189977802046
189977807417
189977815413
189977820784
189977828291
189977833540
189977840132
189977845625
189977854231
189977860640
189977866743
189977873274
189977879255
189977883650
189977892866
189977899275
189977906172
189977912825
189977917708
189977926191
189977930891
189977938276
189977945417
189977951033
189977955976
189977962995
189977968061
189977975264
189977980574
189977988081
189977997358
189978004194
189978008100
189978017011
189978020857
189978029463
189978035322
189978042158
189978050337
189978057234
189978064130
189978070722
189978076337
189978082990
189978089338
189978096601
189978103986
189978111188
189978120039
189978125654
189978134504
189978142194
189978149030
189978155561
189978162031
189978168256
189978174848
189978181074
189978187604
189978194318
189978201642
189978208112
189978215253
189978220746
189978227521
189978233258
189978239789
189978246015
189978251874
189978259015
189978264142
189978271039
189978276349
189978283795
189978289289
189978298383
189978305402
189978312116
189978318402
189978324445
189978330487
189978336469
189978342389
189978349103
189978356183
189978361310
189978369305
189978374188
189978382062
189978389142
189978395612
189978403119
189978409405
189978416363
189978421918
189978428815
189978435712
189978441083
189978448895
189978454571
189978463177
189978467389
189978476300
189978480267
189978490277
189978495038
189978504132
189978510968
189978517865
189978524762
189978529644
189978536419
189978542767
189978548993
189978555706
189978563031
189978568829
189978577496
189978583477
189978592938
189978597759
189978605755
189978612774
189978619549
189978626812
189978633404
189978640484
189978645306
189978651775
189978658428
189978666546
189978672222
189978679913
189978685284
189978692852
189978698223
189978705914
189978712933
189978719097
189978725201
189978731304
189978737774
189978744121
189978749920
189978756695
189978764141
189978771526
189978780315
189978786541
189978795879
189978799968
189978809002
189978813335
189978822796
189978831218
189978835857
189978843059
189978850017
189978856548
189978864849
189978872295
189978877666
189978883647
189978891277
189978898235
189978904277
189978911235
189978919170
189978924297
189978931133
189978937114
189978943462
189978949626
189978955913
189978962688
189978969157
189978975505
189978981487
189978987773
189978993144
189978999248
189979006389
189979011333
189979019267
189979026713
189979035380
189979042888
189979050212
189979057902
189979065654
189979071940
189979079020
189979086101
189979093608
189979100505
189979105571
189979113932
189979122416
189979128642
189979135783
189979141948
189979146830
189979154155
189979161113
189979167277
189979173625
189979181987
189979187297
189979193888
189979201518
189979207743
189979213786
189979219096
189979224650
189979233195
189979239726
189979246134
189979249857
189979258402
189979264994
189979271769
189979279398
189979286051
189979293009
189979297831
189979304606
189979310709
189979317484
189979324747
189979329752
189979336710
189979343180
189979350382
189979356608
189979362101
189979370218
189979376749
189979384379
189979389994
189979395182
189979400126
189979407572
189979412821
189979420511
189979427408
189979435038
189979441935
189979448404
189979452860
189979460123
189979466715
189979473551
189979481729
189979487039
189979494120
189979500650
189979507852
189979512796
189979521158
189979529520
189979536051
189979544412
189979551981
189979556314
189979567239
189979574258
189979581033
189979587991
189979595193
189979600381
189979607095
189979613321
189979619852
189979625345
189979631387
189979638772
189979643899
189979651040
189979656351
189979664041
189979669473
189979678018
189979684488
189979691018
189979697061
189979703042
189979708658
189979714578
189979721353
189979728250
189979735147
189979742105
189979749002
189979755960
189979762246
189979767312
189979774942
189979782815
189979788735
189979793862
189979800332
189979807229
189979813455
189979818887
189979826577
189979832375
189979841165
189979847817
189979854226
189979858010
189979866738
189979872964
189979879983
189979886452
189979893838
189979900979
189979907387
189979912636
189979919045
189979925881
189979932778
189979940041
189979947365
189979953469
189979960366
189979965981
189979972817
189979978737
189979984963
189979992775
189979997841
189980004555
189980009438
189980016030
189980021035
189980029335
189980036538
189980043129
189980047585
189980054299
189980060158
189980067421
189980074135
189980078896
189980086281
189980092568
189980099220
189980103920
189980111977
189980116921
189980124001
189980131752
189980138344
189980145424
189980151039
189980157997
189980165932
189980171303
189980177101
189980185463
189980191505
189980196999
189980205604
189980211830
189980217995
189980224220
189980231422
189980238197
189980245155
189980251686
189980258034
189980264564
189980270973
189980277443
189980284157
189980292091
189980296974
189980303932
189980310768
189980317176
189980324196
189980330299
189980338050
189980344581
189980349952
189980357948
189980364112
189980371315
189980377845
189980384376
189980391273
189980397376
189980402381
189980408241
189980414039
189980420265
189980426795
189980436927
189980443275
189980451209
189980458350
189980464942
189980471473
189980478736
189980484107
189980492652
189980497596
189980504432
189980510841
189980517493
189980524512
189980530921
189980538734
189980545264
189980550879
189980558265
189980563758
189980571570
189980577002
189980583899
189980593238
189980599036
189980604529
189980611976
189980619910
189980626563
189980630469
189980639685
189980646704
189980653601
189980660681
189980667151
189980672705
189980679114
189980685340
189980692237
189980699195
189980705725
189980712500
189980719641
189980726111
189980731116
189980738074
189980745581
189980752417
189980759253
189980766333
189980771521
189980778418
189980783484
189980790503
189980799475
189980805762
189980812048
189980818396
189980822851
189980830176
189980837256
189980843847
189980850500
189980856726
189980862768
189980868567
189980874914
189980881445
189980887793
189980895422
189980901709
189980907202
189980914953
189980920385
189980928015
189980933447
189980940832
189980949011
189980955725
189980959448
189980967932
189980974890
189980979956
189980985510
189980993627
189981002050
189981009069
189981014501
189981021093
189981027746
189981034277
189981038732
189981047826
189981055944
189981063635
189981070715
189981076269
189981085241
189981092260
189981098730
189981103979
189981110265
189981118200
189981125158
189981131505
189981138341
189981144872
189981151586
189981158605
189981165685
189981170995
189981177404
189981183996
189981188878
189981194677
189981201940
189981209447
189981214879
189981222448
189981228612
189981234105
189981239415
189981247045
189981252294
189981260472
189981266393
189981272618
189981278600
189981285008
189981288915
189981299901
189981306066
189981312779
189981319371
189981325780
189981332738
189981339635
189981345250
189981353124
189981359288
189981366307
189981372472
189981379491
189981385106
189981392064
189981399937
189981406407
189981414586
189981420994
189981427830
189981434178
189981439915
189981445897
189981454381
189981461400
189981468175
189981471837
189981480931
189981487278
189981493199
189981499241
189981505711
189981511998
189981519200
189981525731
189981530491
189981538426
189981543187
189981549900
189981557164
189981563572
189981569981
189981575047
189981581455
189981586704
189981593418
189981598789
189981608006
189981614964
189981621372
189981628025
189981634312
189981641331
189981647251
189981653660
189981661778
189981666843
189981673985
189981680576
189981687595
189981694187
189981700535
189981707615
189981714573
189981721897
189981727939
189981735081
189981741306
189981746250
189981754612
189981760410
189981768223
189981773594
189981780674
189981786045
189981793308
189981798801
189981806858
189981815403
189981820957
189981827304
189981834140
189981840427
189981847263
189981853427
189981860507
189981868015
189981874546
189981881076
189981887119
189981892917
189981899021
189981905307
189981910373
189981919162
189981926364
189981931979
189981938754
189981944248
189981951022
189981956882
189981964938
189981970859
189981976047
189981982822
189981988132
189981996127
189982002292
189982007907
189982016452
189982023349
189982027865
189982035129
189982041720
189982047885
189982054233
189982060702
189982068576
189982073825
189982081698
189982086764
189982094272
189982100863
189982107882
189982115634
189982121554
189982128573
189982135104
189982140536
189982147189
189982154086
189982161410
189982167453
189982174349
189982179598
189982187533
189982193026
189982201327
189982207614
189982215548
189982222445
189982229403
189982233981
189982241854
189982248690
189982254855
189982260714
189982267062
189982273043
189982279452
189982285799
189982292635
189982298739
189982303683
189982311922
189982319552
189982325472
189982332369
189982338961
189982344149
189982350191
189982355257
189982362642
189982368075
189982376558
189982382723
189982389254
189982395357
189982401522
189982406893
189982415804
189982423616
189982430635
189982435335
189982443209
189982450228
189982455294
189982462923
189982470003
189982476900
189982484529
189982491060
189982496065
189982502962
189982509920
189982516756
189982524751
189982532076
189982537386
189982545137
189982550569
189982557039
189982564607
189982570161
189982575410
189982584261
189982588106
189982596590
189982602754
189982609712
189982616487
189982623262
189982630037
189982636690
189982643403
189982649568
189982655122
189982661226
189982666536
189982672944
189982681062
189982686738
189982692659
189982699800
189982706941
189982712739
189982720491
189982726045
189982733613
189982739228
189982745820
189982749238
189982756745
189982762666
189982771638
189982778596
189982785615
189982792024
189982798615
189982804841
189982811433
189982818574
189982826447
189982832612
189982839814
189982847443
189982853730
189982863252
189982867341
189982877045
189982885346
189982890351
189982898591
189982903657
189982911103
189982918244
189982924836
189982932587
189982939301
189982944489
189982951508
189982956696
189982962678
189982969147
189982975678
189982981781
189982989472
189982994782
189983002289
189983008393
189983014740
189983020783
189983028351
189983035187
189983041779
189983048920
189983054779
189983060761
189983065277
189983072357
189983077362
189983085968
189983093476
189983099823
189983105194
189983111603
189983118317
189983123566
189983130646
189983137665
189983142670
189983149811
189983155182
189983163177
189983169281
189983176178
189983184296
189983189545
189983196197
189983202789
189983209686
189983216034
189983220672
189983230011
189983238678
189983246490
189983254120
189983260162
189983268829
189983276642
189983284149
189983291778
189983298675
189983304657
189983311554
189983318512
189983325409
189983332733
189983340179
189983346649
189983353424
189983360260
189983365570
189983374908
189983379669
189983387969
189983395599
189983402252
189983409149
189983413848
189983421050
189983427276
189983433929
189983438995
189983446746
189983453948
189983459502
189983466399
189983472808
189983478240
189983485564
189983491912
189983500457
189983506621
189983514190
189983521148
189983527434
189983534759
189983542083
189983549346
189983555633
189983564727
189983570403
189983576934
189983580779
189983591277
189983598296
189983605132
189983611235
189983617583
189983624053
189983630767
189983637480
189983643096
189983650298
189983657317
189983663298
189983668608
189983675933
189983681304
189983689910
189983697112
189983704131
189983710051
189983717009
189983723601
189983729826
189983733244
189983741606
189983747527
189983754179
189983761137
189983767546
189983773161
189983779631
189983786467
189983793974
189983799773
189983806242
189983811613
189983817961
189983824187
189983829130
189983835844
189983842497
189983851774
189983858061
189983863920
189983869413
189983876799
189983882292
189983890348
189983899138
189983905973
189983912138
189983918425
189983923979
189983930632
189983936979
189983944731
189983952543
189983959928
189983966398
189983971159
189983978300
189983984281
189983992521
189983998197
189984006315
189984011808
189984019010
189984024320
189984031706
189984036955
189984043424
189984049711
189984058195
189984064420
189984071378
189984077543
189984084074
189984090665
189984099027
189984105680
189984110807
189984118070
189984122526
189984130277
189984134916
189984141080
189984148649
189984155485
189984162626
189984168912
189984176053
189984182645
189984187833
189984193509
189984201261
189984208341
189984213468
189984221158
189984224942
189984233121
189984238675
189984247464
189984254300
189984261075
189984264859
189984273770
189984280484
189984286954
189984293546
189984300565
189984308072
189984316007
189984324063
189984330716
189984337552
189984344449
189984352933
189984360623
189984367520
189984375027
189984382413
189984388211
189984394986
189984402371
189984409939
189984416470
189984421780
189984427640
189984434842
189984440152
189984446744
189984453824
189984459439
189984467434
189984473416
189984480252
189984486355
189984491848
189984496975
189984504727
189984511624
189984516262
189984522061
189984529019
189984535611
189984542202
189984549099
189984556057
189984560635
189984568142
189984574856
189984581448
189984587856
189984593777
189984599453
189984605801
189984614224
189984619717
189984627773
189984632839
189984640102
189984647244
189984653408
189984661587
189984668911
189984676907
189984682644
189984688076
189984696133
189984702297
189984709133
189984715542
189984721340
189984726772
189984735012
189984740444
189984748317
189984754543
189984762600
189984769680
189984776760
189984783718
189984790187
189984796535
189984803005
189984809658
189984814663
189984822841
189984827541
189984834255
189984841335
189984846767
189984853725
189984859889
189984865810
189984873866
189984879238
189984886745
189984892665
189984898891
189984904628
189984910671
189984918422
189984923610
189984929836
189984936794
189984943141
189984949672
189984956386
189984963832
189984971095
189984977992
189984985011
189984991542
189984997523
189985004359
189985010768
189985019313
189985025599
189985031093
189985038112
189985045314
189985051173
189985058375
189985064296
189985072719
189985079066
189985084498
189985092555
189985099086
189985105494
189985109278
189985117335
189985125148
189985130213
189985136561
189985143031
189985149684
189985156214
189985163722
189985170680
189985177821
189985182948
189985191126
189985196009
189985202357
189985208582
189985214991
189985222804
189985228663
189985235255
189985240809
189985247767
189985255030
189985261317
189985269190
189985275782
189985282435
189985288721
189985294764
189985298914
189985305933
189985312281
189985319117
189985326563
189985331812
189985339319
189985345972
189985352320
189985358973
189985366541
189985374415
189985381006
189985386438
189985394007
189985399500
189985406885
189985412500
189985418726
189985427332
189985434656
189985438440
189985446192
189985451563
189985459253
189985465418
189985473291
189985482019
189985488916
189985495996
189985503809
189985510645
189985516199
189985523523
189985529138
189985537866
189985545740
189985552332
189985559228
189985564050
189985571374
189985579431
189985585779
189985592493
189985598962
189985604028
189985610071
189985615198
189985621423
189985628686
189985636621
189985642785
189985649438
189985655664
189985662133
189985666040
189985674707
189985681360
189985687646
189985693322
189985699243
189985706018
189985712426
189985717797
189985724694
189985732019
189985739160
189985745629
189985752282
189985758752
189985765954
189985771752
189985780663
189985787866
189985793298
189985800012
189985807031
189985813195
189985818749
189985827050
189985833398
189985841515
189985847863
189985855431
189985859399
189985867760
189985873986
189985880089
189985886071
189985894982
189985901635
189985907982
189985912987
189985919213
189985925622
189985932030
189985940819
189985946435
189985952416
189985959374
189985965783
189985970543
189985977684
189985985009
189985991600
189985996788
189986002770
189986009301
189986016014
189986021202
189986028710
189986035607
189986043358
189986047203
189986055870
189986062218
189986069298
189986073082
189986082176
189986089134
189986095543
189986101158
189986108116
189986114525
189986121178
189986128441
189986134056
189986141502
189986148949
189986157494
189986163719
189986170982
189986178368
189986185264
189986192589
189986198082
189986205406
189986212486
189986217430
189986223961
189986231041
189986238670
189986245384
189986252525
189986257896
189986264976
189986271141
189986276573
189986284813
189986290855
189986298729
189986304588
189986309959
189986315086
189986322410
189986327415
189986334983
189986342002
189986349021
189986355796
189986362388
189986367088
189986374534
189986381492
189986388877
189986395835
189986400657
189986407127
189986413413
189986420921
189986425925
189986433128
189986440696
189986447105
189986454185
189986459983
189986467063
189986472617
189986479209
189986484702
189986492881
189986499656
189986505820
189986512473
189986518699
189986526084
189986532798
189986538169
189986546897
189986552329
189986556113
189986565268
189986568992
189986578269
189986584494
189986592063
189986599997
189986605002
189986613059
189986618247
189986626303
189986631369
189986639365
189986647666
189986653586
189986658896
189986666525
189986671958
189986679709
189986685080
189986691123
189986699057
189986704794
189986709982
189986716757
189986721945
189986730124
189986733969
189986742941
189986749899
189986756491
189986762595
189986768820
189986775534
189986781576
189986787253
189986793417
189986800497
189986805441
189986813742
189986818625
189986826437
189986831442
189986839377
189986845968
189986853232
189986860251
189986867636
189986872763
189986879843
189986885763
189986893454
189986897482
189986907247
189986911276
189986919699
189986926046
189986932577
189986936361
189986946310
189986951132
189986959860
189986966696
189986973287
189986979879
189986986349
189986992513
189986997640
189987006002
189987014120
189987021505
189987027364
189987037679
189987042684
189987051229
189987055379
189987064779
189987072530
189987079305
189987085103
189987091695
189987097982
189987105123
189987112020
189987118673
189987124105
189987131002
189987137960
189987143575
189987149434
189987156820
189987163900
189987169271
189987177083
189987183004
189987188008
189987193196
189987200826
189987207906
189987215657
189987221944
189987228353
189987234639
189987241109
189987244893
189987254109
189987261861
189987269002
189987274556
189987280782
189987287190
189987293721
189987300496
189987308247
189987315205
189987321126
189987329976
189987334187
189987343770
189987351033
189987357991
189987364339
189987371358
189987378560
189987384175
189987391316
189987398335
189987404378
189987412739
189987419636
189987425252
189987433064
189987438679
189987445759
189987451313
189987459370
189987465901
189987474141
189987480488
189987486897
189987490559
189987499836
189987503376
189987511677
189987518147
189987525105
189987532002
189987538655
189987545368
189987550251
189987557087
189987564350
189987570820
189987578022
189987584919
189987592487
189987599629
189987607136
189987614216
189987619343
189987627644
189987635700
189987642719
189987648884
189987655842
189987662983
189987671894
189987679035
189987684467
189987692341
189987698017
189987705952
189987711567
189987718891
189987724750
189987732441
189987738666
189987745502
189987751667
189987758564
189987764789
189987771686
189987779010
189987785968
189987791523
189987797870
189987804889
189987811969
189987818439
189987823871
189987831989
189987837665
189987845661
189987852741
189987858600
189987865680
189987871906
189987877765
189987885455
189987890643
189987897723
189987902667
189987909930
189987915668
189987921283
189987927631
189987935626
189987942889
189987949603
189987955768
189987962054
189987968280
189987974567
189987981219
189987986041
189987992694
189987999591
189988005145
189988012042
189988018390
189988028399
189988033648
189988039020
189988047381
189988054095
189988060626
189988064593
189988072711
189988081012
189988087725
189988090106
189988100299
189988108111
189988114825
189988120013
189988127215
189988135150
189988142962
189988150530
189988156390
189988165179
189988173297
189988180377
189988185381
189988193621
189988200640
189988207232
189988212725
189988219256
189988226580
189988234576
189988241167
189988246050
189988252886
189988259966
189988266741
189988271502
189988279009
189988284991
189988292559
189988297686
189988303972
189988311297
189988317339
189988323321
189988329363
189988335405
189988343889
189988350420
189988357561
189988361162
189988368975
189988376299
189988381670
189988389055
189988395708
189988402666
189988409258
189988415178
189988421709
189988428850
189988436235
189988442400
189988450640
189988457292
189988464983
189988471880
189988478288
189988485429
189988493852
189988498979
189988506975
189988512468
189988518571
189988525652
189988531694
189988539384
189988546403
189988552019
189988560197
189988566545
189988572771
189988578325
189988585527
189988594194
189988600542
189988604814
189988611955
189988617814
189988624345
189988631364
189988637346
189988645952
189988652726
189988659318
189988664750
189988673112
189988680436
189988685136
189988692338
189988698625
189988705949
189988712663
189988719377
189988725968
189988732255
189988739030
189988747331
189988754472
189988759782
189988766190
189988771501
189988778031
189988783891
189988789750
189988798234
189988803910
189988811662
189988817338
189988824784
189988830338
189988838334
189988845292
189988852860
189988856644
189988865372
189988869157
189988877091
189988884354
189988891678
189988898697
189988905472
189988911149
189988917557
189988924881
189988929703
189988936600
189988943741
189988951371
189988958451
189988964920
189988970292
189988977555
189988982987
189988990982
189988996170
189989003617
189989009354
189989015641
189989022415
189989028946
189989032913
189989041214
189989049393
189989055802
189989061661
189989067703
189989071854
189989078995
189989085037
189989091812
189989099014
189989108109
189989114761
189989120743
189989129349
189989136185
189989144058
189989151810
189989158035
189989164688
189989169388
189989176224
189989182693
189989189529
189989197891
189989204422
189989211563
189989216934
189989224136
189989230728
189989236282
189989243911
189989252334
189989258316
189989263626
189989270034
189989275344
189989283584
189989289871
189989296096
189989302200
189989311416
189989315994
189989324539
189989330825
189989337295
189989342605
189989349563
189989357437
189989362747
189989370864
189989375625
189989382949
189989387649
189989393874
189989402114
189989409866
189989415298
189989422683
189989428115
189989435439
189989440810
189989448806
189989455398
189989461135
189989466079
189989472854
189989480300
189989486648
