190076946446
190076952061
190076959019
190076964085
190076970249
190076977513
190076983067
190076988865
190076993382
190077000767
190077008335
190077013706
190077021702
190077027744
190077035557
190077042149
190077050510
190077055942
190077063206
190077070225
190077079197
190077087131
190077094150
190077101963
190077107517
190077116367
190077123447
190077131382
190077138645
190077145298
190077153171
190077159702
190077166599
190077174595
190077181247
190077188266
190077196323
190077204258
190077211338
190077218906
190077225742
190077233798
190077241611
190077248996
190077256137
190077264133
190077270603
190077278171
190077284580
190077291477
190077297397
190077304294
190077311862
190077318637
190077325412
190077333835
190077339633
190077345859
190077354282
190077360263
190077368198
190077377902
190077384311
190077392001
190077399325
190077407016
190077413730
190077421054
190077430270
190077437655
190077444552
190077453219
190077459323
190077468539
190077477694
190077483737
190077492404
190077498507
190077505038
190077513034
190077521212
190077528231
190077536044
190077542819
190077550143
190077556491
190077564730
190077573275
190077579989
190077587801
190077594088
190077600314
190077606661
190077613497
190077621676
190077628634
190077636080
190077643893
190077648898
190077655794
190077662752
190077669466
190077677218
190077685335
190077692049
190077699190
190077706148
190077715182
190077722628
190077731722
190077737093
190077745150
190077752657
190077759615
190077766146
190077776217
190077783724
190077789400
190077797213
190077805086
190077811556
190077818819
190077827547
190077835848
190077843416
190077852266
190077859590
190077866487
190077873323
190077881746
190077890413
190077897371
190077903841
190077909456
190077917329
190077924226
190077933199
190077939607
190077946748
190077953584
190077960481
190077967439
190077976472
190077985200
190077993013
190078000581
190078007356
190078013032
190078022188
190078027986
190078037141
190078044648
190078051912
190078060212
190078065645
190078074128
190078080598
190078089387
190078097383
190078105439
190078113740
190078119722
190078127961
190078136750
190078143281
190078153230
190078159760
190078167451
190078174165
190078181977
190078188935
190078197236
190078205415
190078212434
190078219392
190078226716
190078234895
190078243684
190078249665
190078259248
190078264985
190078274201
190078280671
190078288117
190078298005
190078305207
190078313202
190078320283
190078327851
190078335480
190078342011
190078350434
190078358918
190078366608
190078373261
190078380463
190078386872
190078392914
190078403473
190078408905
190078417755
190078426239
190078432770
190078439301
190078446747
190078454682
190078463776
190078472016
190078479950
190078485809
190078493500
190078500946
190078508575
190078516754
190078525177
190078532318
190078538666
190078546295
190078553741
190078560944
190078568939
190078575104
190078582489
190078588714
190078596161
190078601776
190078611969
190078618988
190078623993
190078631317
190078638336
190078644623
190078651703
190078658600
190078667083
190078673858
190078680023
190078688018
190078692657
190078700409
190078707183
190078715301
190078721466
190078728668
190078734344
190078742095
190078748321
190078755889
190078763641
190078773101
190078780425
190078786163
190078794402
190078801055
190078809112
190078814239
190078823272
190078830779
190078838653
190078845306
190078852996
190078859161
190078865508
190078873260
190078881499
190078888763
190078896514
190078902617
190078910308
190078916228
190078925078
190078932830
190078939666
190078946196
190078953643
190078960845
190078967376
190078974334
190078982329
190078989714
190078997527
190079004546
190079011748
190079018096
190079024443
190079032927
190079040984
190079048918
190079056304
190079063689
190079070952
190079078764
190079085661
190079094023
190079101653
190079109831
190079116850
190079125029
190079132048
190079140410
190079148161
190079155546
190079163115
190079171538
190079176665
190079186491
190079194975
190079203459
190079210478
190079217192
190079223906
190079229826
190079238005
190079245695
190079254118
190079259550
190079267973
190079275114
190079279997
190079287870
190079293974
190079301969
190079308622
190079316130
190079323210
190079329679
190079335356
190079340971
190079350065
190079357878
190079362516
190079368986
190079376066
190079382292
190079388029
190079397123
190079404691
190079411466
190079418974
190079425687
190079431486
190079436552
190079443998
190079449796
190079456327
190079462675
190079469144
190079476102
190079483793
190079490262
190079496305
190079503629
190079511320
190079518094
190079524259
190079530485
190079538358
190079545438
190079552457
190079559232
190079563749
190079570035
190079575834
190079584867
190079590665
190079598661
190079605435
190079611478
190079618558
190079623807
190079630094
190079638944
190079646878
190079652005
190079658170
190079664945
190079672757
190079678372
190079685941
190079691312
190079697781
190079704251
190079710721
190079718350
190079723904
190079731778
190079738736
190079745450
190079753140
190079758939
190079766995
190079771878
190079779751
190079785855
190079792752
190079799466
190079806546
190079812832
190079818631
190079826260
190079832242
190079839322
190079847195
190079853543
190079861538
190079868618
190079876248
190079884854
190079894253
190079901394
190079909268
190079917874
190079924954
190079934963
190079941006
190079947842
190079953823
190079959438
190079966396
190079972073
190079979336
190079986538
190079991360
190079999905
190080006619
190080013332
190080018887
190080026821
190080032253
190080039822
190080047390
190080052273
190080059963
190080067104
190080075832
190080081997
190080089992
190080095852
190080101650
190080107204
190080113918
190080122280
190080128994
190080135280
190080142666
190080147304
190080154323
190080160488
190080169521
190080176540
190080182827
190080189235
190080196071
190080203884
190080209377
190080217006
190080221828
190080228908
190080236293
190080243617
190080252284
190080260097
190080267909
190080275600
190080281947
190080288539
190080294215
190080302882
190080310390
190080317104
190080324184
190080331447
190080338344
190080343410
190080351588
190080357692
190080365810
190080372706
190080384913
190080395839
190080402980
190080410365
190080418055
190080426051
190080432216
190080440822
190080450709
190080460109
190080469386
190080478480
190080486293
190080493373
190080498500
190080507411
190080514002
190080523524
190080527369
190080537074
190080543666
190080549769
190080557276
190080563319
190080570399
190080575648
190080585536
190080594141
190080600428
190080606409
190080613367
190080619959
190080626429
190080633204
190080640589
190080645777
190080652857
190080659205
190080666468
190080674830
190080682398
190080687708
190080695521
190080700831
190080709253
190080714014
190080721888
190080728785
190080736231
190080741297
190080748926
190080757593
190080764551
190080771570
190080778894
190080785303
190080791101
190080798487
190080806360
190080813318
190080821863
190080827722
190080835596
190080841272
190080848902
190080854212
190080861597
190080868555
190080875269
190080881433
190080888208
190080894128
190080901209
190080907190
190080912683
190080922144
190080928247
190080935144
190080941736
190080948572
190080954248
190080961267
190080968530
190080973840
190080981164
190080987634
190080994165
190081001550
190081008203
190081015649
190081021814
190081028039
190081034753
190081042505
190081048669
190081054467
190081062890
190081068933
190081075524
190081082238
190081089502
190081096948
190081102868
190081110437
190081118188
190081124291
190081131372
190081137475
190081145287
190081152123
190081160119
190081166161
190081171716
190081179162
190081184716
190081192040
190081198449
190081205651
190081212304
190081217065
190081226403
190081232018
190081239281
190081244103
190081251061
190081258202
190081265343
190081271325
190081277062
190081284630
190081290307
190081297753
190081305687
190081311425
190081318871
190081324547
190081332055
190081337365
190081344872
190081352318
190081358788
190081365990
190081372277
190081378929
190081383812
190081392418
190081400353
190081406884
190081414452
190081419457
190081427635
190081433983
190081440331
190081448815
190081454552
190081462120
190081468163
190081474938
190081481224
190081489403
190081496300
190081502708
190081508385
190081514061
190081519554
190081525841
190081534447
190081539390
190081548363
190081555260
190081560570
190081568870
190081574425
190081582847
190081588890
190081596092
190081602867
190081607628
190081614525
190081621971
190081629722
190081635948
190081641502
190081648765
190081654014
190081662193
190081669334
190081676353
190081683189
190081690757
190081698509
190081703819
190081712181
190081718772
190081725913
190081732688
190081740074
190081745750
190081752464
190081758323
190081763694
190081771446
190081778892
190081785362
190081791770
190081798667
190081804710
190081811362
190081818565
190081826377
190081832908
190081839011
190081845603
190081852683
190081858665
190081865989
190081871055
190081877646
190081884482
190081890220
190081898154
190081901511
190081911704
190081918052
190081925559
190081932944
190081940207
190081947409
190081952658
190081959555
190081966452
190081972617
190081980185
190081984580
190081991599
190081996970
190082004660
190082011679
190082019431
190082025595
190082031455
190082038352
190082046042
190082053610
190082058737
190082065817
190082072409
190082078818
190082084311
190082091818
190082099692
190082106833
190082113181
190082119162
190082123801
190082132468
190082138205
190082146811
190082154257
190082162375
190082168539
190082174338
190082181723
190082187399
190082194723
190082201437
190082208944
190082214438
190082220785
190082228842
190082234457
190082242758
190082249716
190082254599
190082261618
190082268637
190082274801
190082281454
190082288107
190082294821
190082302328
190082308920
190082316732
190082322958
190082328451
190082337484
190082346029
190082350912
190082359884
190082364889
190082372274
190082378317
190082386312
190082392843
190082400167
190082406698
190082413534
190082419759
190082427145
190082435323
190082441549
190082448080
190082454122
190082460531
190082466207
190082472127
190082480062
190082485799
190082492513
190082500081
190082505147
190082512960
190082519735
190082527486
190082534322
190082541097
190082547261
190082553609
190082561849
190082568502
190082575399
190082582479
190082589681
190082596395
190082602742
190082608174
190082613606
190082623799
190082629781
190082635823
190082641744
190082648580
190082654622
190082661702
190082668660
190082675374
190082682515
190082689717
190082696187
190082704121
190082708455
190082716573
190082723714
190082728047
190082734395
190082741292
190082747517
190082753255
190082761067
190082766682
190082773274
190082780110
190082785359
190082794087
190082800007
190082808369
190082815022
190082822041
190082828877
190082834248
190082842976
190082848164
190082856099
190082862385
190082868916
190082875569
190082882771
190082888874
190082894978
190082903584
190082909077
190082916035
190082922444
190082929218
190082935261
190082940266
190082950153
190082956501
190082963398
190082970539
190082977131
190082983479
190082990315
190082997150
190083004108
190083010822
190083016743
190083024189
190083030659
190083034809
190083043842
190083050556
190083056660
190083062580
190083068806
190083076130
190083082416
190083091266
190083098652
190083106159
190083112140
190083118610
190083124286
190083130756
190083139118
190083146015
190083151935
190083157917
190083164325
190083170368
190083174762
190083183490
190083190265
190083197406
190083205768
190083211322
190083218158
190083225849
190083233661
190083240558
190083247699
190083253864
190083261005
190083267902
190083274127
190083281085
190083288226
190083294452
190083302264
190083307391
190083312762
190083321735
190083328815
190083336017
190083342059
190083349322
190083356341
190083361957
190083368548
190083375079
190083381976
190083388202
190083394854
190083401751
190083407367
190083414142
190083418841
190083426532
190083433795
190083439715
190083446002
190083452960
190083461139
190083467242
190083474749
190083481707
190083486590
190083494097
190083498736
190083505633
190083513384
190083519854
190083526568
190083533953
190083540057
190083547747
190083553545
190083559222
190083567217
190083573443
190083581622
190083589251
190083595965
190083604082
190083611163
190083619158
190083625201
190083631548
190083639483
190083646014
190083654009
190083659075
190083667315
190083675493
190083681536
190083688555
190083694414
190083701372
190083708391
190083716265
190083722735
190083729448
190083735796
190083743181
190083748796
190083754229
190083762712
190083770708
190083775530
190083783037
190083790850
190083797319
190083804766
190083811052
190083815691
190083823076
190083829180
190083836199
190083844988
190083851885
190083858720
190083864824
190083872575
190083880449
190083887346
190083894731
190083901689
190083909502
190083915910
190083922380
190083929948
190083936296
190083942522
190083949296
190083957170
190083963273
190083969438
190083976518
190083979692
190083988908
190083995378
190084002519
190084010331
190084015214
190084022477
190084029435
190084035356
190084042314
190084049882
190084056413
190084062699
190084068742
190084075151
190084082841
190084088700
190084096696
190084102311
190084108720
190084115861
190084122087
190084128251
190084135880
190084142167
190084148393
190084156938
190084163834
190084169694
190084177323
190084182694
190084191300
190084197404
190084204545
190084211320
190084218278
190084224259
190084229813
190084237443
190084243363
190084250321
190084257035
190084264847
190084271195
190084277176
190084286088
190084291398
190084298966
190084306351
190084314042
190084320267
190084326188
190084334855
190084341629
190084348587
190084353714
190084360978
190084368302
190084375077
190084381058
190084388443
190084393997
190084401627
190084408646
190084416214
190084421341
190084430191
190084436417
190084443314
190084452042
190084459061
190084466690
190084471939
190084480606
190084487198
190084493484
190084501297
190084508377
190084514725
190084521866
190084529251
190084535660
190084542740
190084550308
190084555923
190084562271
190084567154
190084574905
190084581436
190084587723
190084594192
190084600784
190084607193
190084614395
190084622390
190084628860
190084635757
190084644119
190084649978
190084657241
190084662979
190084670303
190084677505
190084684341
190084690444
190084695632
190084702651
190084708755
190084716201
190084721084
190084728042
190084735122
190084742141
190084748489
190084755996
190084762466
190084770400
190084776016
190084783096
190084788955
190084795547
190084801467
190084808852
190084814407
190084821426
190084828811
190084833144
190084839614
190084847365
190084854201
190084862014
190084868972
190084876113
190084883132
190084889785
190084895705
190084903396
190084909194
190084917922
190084923598
190084929213
190084935561
190084942031
190084949965
190084956496
190084961623
190084968642
190084974623
190084980422
190084987075
190084993605
190085000136
190085008742
190085015334
190085021010
190085028334
190085035231
190085042311
190085049635
190085055617
190085062026
190085068007
190085073439
190085080580
190085086073
190085094313
190085100355
190085107375
190085114149
190085121413
190085127638
190085132399
190085140211
190085147169
190085154738
190085157850
190085169935
190085176649
190085182692
190085189100
190085194166
190085201674
190085208571
190085215773
190085221266
190085227675
190085232985
190085242079
190085249098
190085255873
190085262098
190085269056
190085275160
190085280409
190085289808
190085296156
190085302931
190085308241
190085315016
190085320387
190085327039
190085334852
190085341261
190085349134
190085354139
190085361402
190085367078
190085373609
190085381116
190085389051
190085395460
190085400770
190085408460
190085414197
190085422315
190085428358
190085435682
190085442701
190085448682
190085454481
190085459546
190085467725
190085472974
190085480909
190085487317
190085494703
190085500684
190085505201
190085514112
190085520704
190085527112
190085534009
190085541761
190085548169
190085554456
190085561597
190085566907
190085574597
190085582349
190085589307
190085596143
190085602796
190085610608
190085616651
190085624463
190085630750
190085636975
190085644055
190085648755
190085656445
190085663525
190085671155
190085677197
190085684155
190085691663
190085697461
190085705151
190085711621
190085719067
190085726025
190085732251
190085739819
190085745373
190085752759
190085758862
190085765881
190085771985
190085778515
190085785901
190085790844
190085798535
190085803845
190085812939
190085819348
190085826855
190085833508
190085841076
190085847058
190085854504
190085862011
190085869946
190085876843
190085883435
190085888256
190085898022
190085904675
190085911205
190085916393
190085923657
190085931103
190085937817
190085944958
190085950939
190085958691
190085966747
190085973583
190085979931
190085987255
190085992870
190085999584
190086007763
190086014599
190086019421
190086027660
190086032848
190086040478
190086047252
190086055187
190086059704
190086066601
190086072399
190086079784
190086087108
190086094372
190086100719
190086107982
190086114452
190086122448
190086128185
190086134349
190086141429
190086149669
190086157482
190086163280
190086170299
190086176769
190086183238
190086189342
190086195629
190086202648
190086210155
190086215892
190086223461
190086229259
190086236156
190086242320
190086249950
190086257030
190086263866
190086269969
190086275157
190086282481
190086288524
190086296947
190086303477
190086310252
190086315990
190086321727
190086328441
190086335460
190086342845
190086350291
190086357799
190086363475
190086370067
190086377879
190086385569
190086393565
190086400462
190086405528
190086413951
190086420054
190086426341
190086432872
190086440806
190086446177
190086452586
190086458384
190086465525
190086471690
190086478221
190086486094
190086494029
190086500682
190086506968
190086512400
190086519602
190086526621
190086531565
190086539866
190086547617
190086554575
190086561106
190086566233
190086574046
190086579417
190086587351
190086594126
190086601084
190086607920
190086613413
190086623057
190086631907
190086639109
190086645640
190086651743
190086658091
190086663950
190086671396
190086677500
190086685190
190086690683
190086697886
190086705881
190086712717
190086718576
190086724802
190086732615
190086739267
190086746042
190086752390
190086759348
190086766367
190086771555
190086778635
190086786753
190086791513
190086800424
190086806345
190086813852
190086820444
190086829355
190086836801
190086843332
190086849802
190086856210
190086861887
190086867685
190086875681
190086881357
190086889841
190086895761
190086902414
190086908212
190086914743
190086922800
190086929574
190086934518
190086941904
190086948434
190086955881
190086962533
190086968942
190086976388
190086981759
190086989267
190086995431
190087000802
190087006967
190087013864
190087022104
190087028085
190087033090
190087040109
190087045785
190087053475
190087059213
190087067819
190087073251
190087080270
190087087045
190087093331
190087099374
190087106698
190087114633
190087120065
190087127877
190087133981
190087139108
190087146737
190087153939
190087160531
190087168343
190087174142
190087181222
190087188058
190087194100
190087202584
190087210213
190087217049
190087221871
190087227547
190087233956
190087239998
190087244393
190087254708
190087263070
190087268563
190087274788
190087281746
190087288582
190087295479
190087304207
190087311287
190087318367
190087325631
190087332405
190087338326
190087345528
190087351876
190087359017
190087365425
190087372872
190087377327
190087384896
190087390206
190087398079
190087404183
190087411263
190087417366
190087423287
190087429878
190087435127
190087443916
190087450874
190087457893
190087464790
190087470467
190087477608
190087483040
190087488960
190087497200
190087503609
190087507881
190087516121
190087521797
190087527962
190087534248
190087541633
190087546760
190087553474
190087560371
190087567512
190087573921
190087580513
190087588264
190087593513
190087600410
190087607551
190087614021
190087621650
190087627510
190087635505
190087641243
190087648262
190087654487
190087661079
190087668647
190087675300
190087682380
190087687385
190087694282
190087702278
190087708442
190087713935
190087719001
190087726936
190087732612
190087739814
190087746955
190087754157
190087762092
190087768501
190087775153
190087781440
190087788459
190087796088
190087801093
190087809638
190087815192
190087823432
190087828437
190087836249
190087842597
190087848884
190087855353
190087862433
190087870490
190087877448
190087882392
190087891303
190087898505
190087903937
190087909858
190087917914
190087925422
190087931647
190087937812
190087944586
190087952460
190087958319
190087965033
190087971625
190087976142
190087984381
190087989630
190087998419
190088003851
190088010993
190088018256
190088025153
190088032355
190088038947
190088044989
190088052679
190088060797
190088067633
190088074347
190088080267
190088088263
190088094000
190088099371
190088107123
190088113043
190088120184
190088127508
190088134527
190088140692
190088147284
190088155218
190088160895
190088168219
190088174383
190088181158
190088188543
190088193731
190088201483
190088208807
190088215399
190088222296
190088228033
190088234747
190088241766
190088249456
190088256719
190088263555
190088270025
190088276922
190088284490
190088290472
190088298712
190088305609
190088312017
190088317632
190088323980
190088330450
190088338201
190088344549
190088351995
190088358404
190088364996
190088369390
190088377386
190088383123
190088390935
190088397527
190088404546
190088411626
190088418523
190088424566
190088431890
190088437810
190088445257
190088452215
190088459783
190088464910
190088473455
190088476629
190088485540
190088491033
190088497625
190088505681
190088512761
190088519536
190088522771
190088535833
190088540776
190088547734
190088555181
190088562505
190088569341
190088575139
190088583562
190088589787
190088596684
190088605412
190088611028
190088618413
190088624028
190088631108
190088637334
190088644414
190088651372
190088658940
190088664983
190088670720
190088678532
190088684392
190088691594
190088700261
190088706608
190088712590
190088719609
190088727055
190088734074
190088740178
190088746647
190088750981
190088758183
190088764164
190088771611
190088778508
190088785161
190088792668
190088798649
190088806096
190088813359
190088820439
190088828251
190088835331
190088840824
190088848393
190088855351
190088862248
190088867253
190088874699
190088882206
190088888798
190088894352
190088900639
190088906620
190088913395
190088921818
190088926884
190088933964
190088942387
190088949162
190088957584
190088962711
190088970585
190088978214
190088983463
190088991215
190088998234
190089004032
190089010563
190089018497
190089023990
190089030948
190089037418
190089043888
190089050724
190089057926
190089066044
190089072147
190089079044
190089087223
190089093509
190089100956
190089104190
190089114750
190089121952
190089129276
190089135196
190089141300
190089148319
190089151859
190089161075
190089166568
190089174198
190089182315
190089189578
190089196231
190089202640
190089210147
190089216495
190089223514
190089231448
190089236514
190089244266
190089250247
190089258548
190089264224
190089271060
190089278384
190089283206
190089291751
190089298526
190089307681
190089314456
190089321475
190089329043
190089332522
190089340884
190089347232
190089356204
190089361941
190089369388
190089376529
190089383548
190089389651
190089396792
190089403018
190089409854
190089416873
190089423159
190089430178
190089436282
190089443118
190089451235
190089457461
190089464907
190089471804
190089476931
190089484439
190089490908
190089499026
190089505923
190089513003
190089519839
190089526553
190089532717
190089539736
190089546145
190089552920
190089559267
190089565737
190089572207
190089579653
190089585329
190089593752
190089600344
190089607790
190089614687
190089622622
190089628847
190089634340
190089643618
190089649660
190089656801
190089662783
190089669436
190089674807
190089679628
190089687380
190089694277
190089701662
190089708132
190089715517
190089722109
190089728517
190089735659
190089743471
190089748293
190089755739
190089762819
190089770449
190089775942
190089784303
190089790529
190089797121
190089803285
190089809084
190089815004
190089822084
190089830263
190089835634
190089844423
190089850404
190089854921
190089862123
190089870119
190089876710
190089884157
190089891176
190089898500
190089903444
190089912294
190089917543
190089925905
190089932985
190089938722
190089945314
190089951051
190089958619
190089965272
190089973878
190089980470
190089984803
190089993043
190089999757
190090005861
190090011537
190090020631
190090026612
190090033876
190090041932
190090047059
190090055055
190090061647
190090068177
190090073609
190090080506
190090086488
190090093568
190090100953
190090107423
190090115418
190090122010
190090128907
190090135438
190090142518
190090148682
190090154542
190090162476
190090168519
190090175538
190090182069
190090189393
190090195374
190090201173
190090207764
190090213563
190090221863
190090227967
190090234803
190090240723
190090246766
190090252991
190090260376
190090268128
190090275513
190090283020
190090290345
190090298157
190090306397
190090311219
190090318604
190090325257
190090331848
190090337464
190090341919
190090350830
190090356873
190090364136
190090372193
190090377258
190090386048
190090392639
190090399475
190090405579
190090412415
190090419556
190090424500
190090433167
190090438599
190090447205
190090453247
190090459900
190090466370
190090472717
190090478271
190090484314
190090491028
190090499267
190090505493
190090511413
190090517334
190090523926
190090530762
190090535888
190090544433
190090550903
190090558227
190090565185
190090569885
190090578369
190090585205
190090591980
190090597839
190090605712
190090611633
190090616760
190090624877
190090630676
190090636962
190090644348
190090650634
190090656921
190090663452
190090669738
190090676147
190090684326
190090690124
190090697814
190090704833
190090712402
190090719909
190090726135
190090734191
190090739623
190090746764
190090754333
190090760986
190090766723
190090772582
190090779113
190090785033
190090792602
190090798461
190090805419
190090812926
190090818053
190090826537
190090831420
190090839660
190090847838
190090853331
190090860473
190090866759
190090870543
190090877684
190090885009
190090891845
190090899779
190090905211
190090911681
190090917479
190090924193
190090932128
190090938292
190090945983
190090951659
190090958739
190090964354
190090972716
190090980651
190090986937
190090992796
190090999999
190091006957
190091012816
190091020262
190091027281
190091034789
190091040648
190091046629
190091052122
190091057860
190091067076
190091074400
190091080626
190091085448
190091093260
190091101073
190091107420
190091114928
190091121947
190091129332
190091136534
190091142576
190091148802
190091155577
190091162596
190091168821
190091175535
190091182737
190091189940
190091195982
190091204100
190091209776
190091217649
190091224668
190091232176
190091239988
190091246824
190091254209
190091260557
190091266661
190091274290
190091281187
190091288694
190091295347
190091302854
190091308775
190091315611
190091321287
190091328489
190091336790
190091343259
190091349607
190091356260
190091363706
190091370542
190091377317
190091385618
190091392026
190091400022
190091406858
190091411802
190091420286
190091426206
190091433103
190091438840
190091446470
190091453061
190091461423
190091468503
190091474424
190091482297
190091488095
190091496640
190091503843
190091510129
190091516111
190091522763
190091529416
190091535947
190091545102
190091550656
190091559445
190091565000
190091570981
190091578610
190091584714
190091591916
190091598508
190091605100
190091612058
190091619138
190091625241
190091632443
190091638913
190091644772
190091653317
190091661008
190091667599
190091674008
190091680966
190091687802
190091693844
190091699887
190091707760
190091714596
190091721982
190091726742
190091735348
190091742795
190091749569
190091757626
190091762692
190091769711
190091774655
190091781613
190091789730
190091796322
190091803646
190091809628
190091816403
190091822262
190091829403
190091837155
190091841366
190091850216
190091856503
190091864193
190091869808
190091879391
190091885311
190091893063
190091899899
190091906002
190091910824
190091918697
190091926083
190091933041
190091940426
190091945980
190091951351
190091958370
190091963680
190091972530
190091979549
190091984371
190091993160
190091999935
190092006161
190092011715
190092019588
190092025814
190092032589
190092039913
190092044796
190092053158
190092060360
190092068599
190092073909
190092081173
190092087825
190092094234
190092099483
190092105709
190092114009
190092120357
190092127986
190092134761
190092140316
190092149532
190092155025
190092163509
190092170223
190092176448
190092184627
190092189815
190092197200
190092202571
190092210872
190092216121
190092222713
190092228877
190092235713
190092240718
190092247920
190092255672
190092264278
190092270808
190092277583
190092284602
190092290156
190092297114
190092305476
190092312556
190092319026
190092324458
190092331904
190092336909
190092344905
190092350642
190092357722
190092364985
190092369624
190092377498
190092383052
190092390498
190092395625
190092405879
190092411616
190092418757
190092425654
190092430293
190092439326
190092444697
190092451228
190092458796
190092465876
190092471675
190092479182
190092484919
190092491328
190092497065
190092506281
190092513178
190092518916
190092526850
190092530085
190092539484
190092545100
190092553217
190092559382
190092566584
190092572687
190092578974
190092586420
190092593683
190092600031
190092606562
190092613398
190092620600
190092626887
190092632441
190092638788
190092646357
190092652948
190092659967
190092667719
190092674860
190092681025
190092686884
190092695124
190092701471
190092709162
190092715631
190092722589
190092730158
190092735346
190092743952
190092749872
190092758295
190092763910
190092769586
190092777033
190092782648
190092790460
190092797662
190092805292
190092811273
190092817560
190092823663
190092830011
190092838861
190092844965
190092852045
190092857721
190092864679
190092871576
190092876459
190092884393
190092889520
190092897272
190092902887
190092908624
190092914606
190092922784
190092929132
190092937677
190092945123
190092951532
190092957330
190092963678
190092969781
190092976129
190092984979
190092990594
190092997552
190093004571
190093011346
190093017388
190093025018
190093031671
190093038018
190093044610
190093050347
190093057427
190093065240
190093071832
190093078484
190093086419
190093093621
190093101495
190093106683
190093116448
190093122369
190093130364
190093135857
190093142693
190093150018
190093168450
190093175652
190093182061
190093188714
190093195122
190093203240
190093209405
190093216118
190093222771
190093229607
190093235772
190093243401
190093250481
190093256157
190093264641
190093271599
190093278862
190093284722
190093292473
190093299126
190093303276
190093309746
190093317620
190093323235
190093331291
190093337822
190093344292
190093350029
190093356621
190093363518
190093370110
190093378166
190093385063
190093391289
190093398979
190093405388
190093412224
190093416924
190093425957
190093431084
190093437492
190093444084
190093450981
190093459587
190093465385
190093473076
190093478752
190093485710
190093492363
190093499687
190093506767
190093513176
190093520683
190093525688
190093532768
190093539116
190093546562
190093554619
190093559806
190093567436
190093573722
190093579216
190093585014
190093592277
190093600029
190093604789
190093612968
190093619682
190093624870
190093632377
190093638664
190093646415
190093653922
190093660148
190093666862
190093674491
190093680961
190093687736
190093695121
190093699821
190093707145
190093712455
190093719779
190093726249
190093733085
190093738395
190093746329
190093752067
190093758170
190093766166
190093771415
190093778373
190093787101
190093793815
190093799979
190093806815
190093813712
190093820243
190093826224
190093831839
190093838675
190093845084
190093852774
190093858756
190093864371
190093870841
190093877921
190093884574
190093892203
190093898307
190093905509
190093911673
190093920890
190093928031
190093934622
190093942618
190093948966
190093955924
190093961478
190093966788
190093972037
190093980094
190093987784
190093992423
190093998953
190094005240
190094013052
190094018301
190094026968
190094033621
190094040701
190094049002
190094054678
190094062308
190094067557
190094075796
190094082937
190094088064
190094095022
190094101553
190094108267
190094115103
190094122549
190094128286
190094133841
190094139578
190094146048
190094151663
190094159353
190094165884
190094171499
190094177542
190094184317
190094191030
190094197195
190094205069
190094211660
190094219656
190094226248
190094232962
190094239370
190094245596
190094251943
190094257314
190094265859
190094273672
190094280019
190094286245
190094292715
190094298635
190094304067
190094311819
190094318899
190094325918
190094333730
190094339407
190094346853
190094353689
190094360036
190094366933
190094374135
190094382253
190094388845
190094395009
190094401357
190094408010
190094413686
190094421316
190094427419
190094434255
190094441152
190094447500
190094454396
190094460256
190094467946
190094473867
190094480214
190094485646
190094493337
190094499135
190094506581
190094511708
190094518910
190094526296
190094532949
190094539052
190094545827
190094552541
190094559377
190094565053
190094572316
190094579274
190094584279
190094591054
190094596974
190094601674
190094610036
190094615224
190094623036
190094629140
190094635793
190094641774
190094648915
190094655019
190094661977
190094666676
190094673817
190094681386
190094686329
190094694996
190094702870
190094708546
190094715260
190094722401
190094726979
190094734303
190094741261
190094745717
190094753895
190094761280
190094767445
190094773793
190094779286
190094785939
190094794361
190094802601
190094808216
190094814137
190094821156
190094827320
190094833485
190094841847
190094847767
190094855213
190094861134
190094868763
190094875660
190094880604
190094887989
190094895619
190094902332
190094908253
190094915699
190094921803
190094928516
190094934437
190094942127
190094948658
190094954395
190094960194
190094964771
190094972767
190094978809
190094987598
190094993519
190095000599
190095006397
190095013477
190095020008
190095027210
190095034839
190095040882
190095048938
190095056385
190095064258
190095070362
190095078113
190095084339
190095089649
190095096973
190095103504
190095110462
190095116992
190095122058
190095129993
190095138111
190095144702
190095151660
190095156909
190095163623
190095171497
190095176318
190095184070
190095192127
190095199207
190095205310
190095211169
190095218494
190095223743
190095234180
190095241077
190095245959
190095252734
190095257251
190095265308
190095270801
190095278430
190095284778
190095291614
190095299609
190095304370
190095310779
190095317737
190095323779
190095331225
190095338183
190095346606
190095352527
190095360217
190095365954
190095373462
190095380481
190095387133
190095393359
190095399035
190095406359
190095412829
190095420214
190095425769
190095432727
190095439135
190095445788
190095453600
190095460436
190095466906
190095472827
190095479296
190095486926
190095494006
190095500475
190095507494
190095515490
190095522326
190095527453
190095534350
190095541369
190095547411
190095554674
190095563525
190095572436
190095577563
190095585680
190095591540
190095598986
190095604662
190095612719
190095618273
190095625292
190095631456
190095639147
190095645067
190095651964
190095660082
190095666918
190095671434
190095678759
190095683947
190095692797
190095698046
190095706957
190095713182
190095720445
190095727648
190095732530
190095741930
190095747789
190095756456
190095763902
190095770494
190095776231
190095782335
190095788316
190095794603
190095803514
190095810106
190095817369
190095823595
190095830247
190095836107
190095842760
190095849473
190095855272
190095862901
190095869554
190095876634
190095884935
190095891710
190095900255
190095907945
190095914537
190095920335
190095926866
190095933641
190095937425
190095947496
190095953538
190095960923
190095968309
190095974656
190095981858
190095988267
190095996629
190096004258
190096009141
190096017869
190096023606
190096031236
190096037156
190096044847
190096051743
190096057664
190096065598
190096073167
190096080064
190096087083
190096095322
190096103013
190096110093
190096116135
190096122056
190096130906
190096136704
190096143479
190096150071
190096157151
190096163071
190096170334
190096176316
190096182786
190096193101
190096199082
190096205185
190096212876
190096219590
190096226670
190096234604
190096239975
190096246750
190096254502
190096261887
190096267929
190096274216
190096280075
190096288315
190096293686
190096300644
190096306626
190096312973
190096320236
190096327133
190096333908
190096341416
190096349106
190096353989
190096361496
190096369492
190096376694
190096385056
190096392746
190096397629
190096406357
190096412094
190096418381
190096425339
190096432419
190096439621
190096446396
190096453720
190096458847
190096466720
190096473862
190096481918
190096487472
190096494186
190096500412
190096507553
190096513839
190096519577
190096527878
190096533554
190096541000
190096547470
190096554733
190096561996
190096568588
190096576400
190096583786
190096591110
190096597091
190096602157
190096611618
190096617477
190096625534
190096632980
190096639205
190096646530
190096653365
190096659530
190096664840
190096672653
190096677779
190096685958
190096693160
190096699264
190096707320
190096711776
190096720321
190096725509
190096732040
190096739791
190096746566
190096752914
190096759200
190096768294
190096775558
190096783248
190096789535
190096796981
190096803939
190096808822
190096816451
190096824996
190096830001
190096837081
190096842513
190096848800
190096855941
190096862532
190096869735
190096877486
190096883773
190096889144
190096898299
190096904219
190096912886
190096918502
190096926619
190096935530
190096942854
190096950850
190096956282
190096964461
190096971541
190096978499
190096986128
190096992171
190096998152
190097005476
190097014387
190097022139
190097027144
190097035261
190097039839
190097046004
190097052351
190097060164
190097065901
190097073225
190097080183
190097085676
190097094649
190097101240
190097109175
190097115584
190097123213
190097130720
190097137129
190097143782
190097150007
190097158125
190097165815
190097173750
190097179670
190097186201
190097192060
190097197615
190097206526
190097211470
190097218000
190097223677
190097230818
190097238142
190097245100
190097252058
190097255964
190097265485
190097269880
190097278303
190097284101
190097291242
190097298627
190097305402
190097313032
190097319440
190097326459
190097332807
190097338911
190097348005
190097354169
190097359907
190097365583
190097373456
190097379926
190097387372
190097394147
190097400556
190097408307
190097415265
190097420331
190097426069
190097433149
190097441632
190097449262
190097455854
190097463910
190097471051
190097478559
190097486920
190097493634
190097501874
190097508100
190097516034
190097521832
190097529340
190097538129
190097546124
190097553082
190097557965
190097564130
190097571332
190097579083
190097585736
190097591840
190097597699
190097605145
190097612103
190097619183
190097626996
190097634625
190097639508
190097646100
190097653668
190097659772
190097667157
190097674542
190097679608
190097688641
190097692242
190097701764
190097708050
190097715069
190097722516
190097727581
190097735394
190097742840
190097749127
190097755902
190097761151
190097767132
190097774151
190097779461
190097788006
190097795147
190097801800
190097807293
190097813214
190097821514
190097826702
190097834820
190097841534
190097848858
190097855755
190097860516
190097867718
190097875347
190097881817
190097889263
190097896587
190097904034
190097910503
190097916607
190097921795
190097931072
190097936932
190097944073
190097950603
190097957134
190097963055
190097969707
190097978252
190097984478
190097991680
190097998882
190098005901
190098013958
190098021038
190098028728
190098035625
190098040447
190098049480
190098055278
190098062908
190098068645
190098076213
190098081707
190098088726
190098095500
190098101360
190098107097
190098113689
190098121623
190098127727
190098135295
190098142803
190098149333
190098156902
190098162578
190098170696
190098175639
190098182658
190098189189
190098195537
190098202068
190098209636
190098218364
190098224589
190098231547
190098238566
190098243266
190098250163
190098256633
190098263957
190098269145
190098276286
190098284587
190098289287
190098298320
190098303874
190098311808
190098320109
190098326152
190098334880
190098341105
190098349528
190098357463
190098363078
190098372416
190098378154
190098385417
190098391703
190098398356
190098405070
190098412028
190098418254
190098423442
190098431498
190098437785
190098444621
190098450114
190098457804
190098465189
190098470622
190098478251
190098485697
190098492960
190098499613
190098507243
190098513346
190098520304
190098527811
190098533976
190098541178
190098546854
190098554545
190098563822
190098570353
190098576456
190098582255
190098591166
190098597941
190098603678
190098610819
190098616251
190098623087
190098631144
190098638346
190098645121
190098652994
190098659464
190098664713
190098671671
190098678018
190098685343
190098692972
190098701761
190098708292
190098713846
190098721842
190098727640
190098734720
190098742716
190098750711
190098756876
190098763712
190098769693
190098775613
190098782755
190098789957
190098797586
190098805154
190098810892
190098817422
190098823465
190098829629
190098836648
190098844034
190098850442
190098857339
190098864908
190098870523
190098877725
190098884805
190098892618
190098898477
190098905252
190098911722
190098917764
190098923867
190098931253
190098938943
190098946023
190098953530
190098960122
190098966653
190098971231
190098979287
190098984780
190098994729
190099001077
190099007485
190099013589
190099021218
190099028787
190099036172
190099043191
190099050332
190099056191
190099062539
190099070046
190099075356
190099082986
190099091164
190099097451
190099104775
190099111306
190099117898
190099124428
190099131997
190099139077
190099145913
190099153176
190099158913
190099166237
190099172707
190099179543
190099187905
190099194680
190099200600
190099206276
190099214089
190099219765
190099228859
190099234902
190099241860
190099248268
190099253273
190099261147
190099267678
190099275612
190099281044
190099288124
190099294350
190099301247
190099309120
190099314553
190099322731
190099328407
190099334877
190099341774
190099348122
190099355446
190099362587
190099369972
190099376625
190099384682
190099390907
190099396461
190099403786
190099409950
190099417824
190099424599
190099428932
190099436623
190099442848
190099449562
190099454262
190099462562
190099469765
190099476112
190099482033
190099488624
190099496437
190099502662
190099511268
190099518226
190099525001
190099531776
190099538917
190099544777
190099550819
190099558876
190099564857
190099571876
190099579261
190099585060
190099592445
190099596168
190099605628
190099612281
190099619483
190099624610
190099631141
190099638099
190099642738
190099652137
190099657874
190099666419
190099671851
190099679481
190099685645
190099692786
190099698829
190099706763
190099713782
190099721168
190099727393
190099733680
190099739661
190099747840
190099754493
190099761756
190099767982
190099775977
190099781409
190099788184
190099794288
190099801734
190099809119
190099816138
190099822303
190099828711
190099836829
190099844153
190099849707
190099858985
190099864356
190099872779
190099878333
190099885962
190099893164
190099900794
190099908240
190099915503
190099921362
190099928382
190099935828
190099939978
190099948218
190099956641
190099963049
190099969275
190099976660
190099983740
190099988196
190099996497
190100004980
190100010840
190100018530
190100025000
190100032446
190100039404
190100046850
190100053320
190100059973
190100066504
190100073584
190100078894
190100085119
190100092444
190100098913
190100105749
190100113440
190100118689
190100125891
190100131201
190100139379
190100145605
190100152258
190100158789
190100165502
190100172644
190100179418
190100189611
190100196630
190100202612
190100210119
190100217321
190100225073
190100229711
190100237280
190100245031
190100251196
190100258886
190100265417
190100272558
190100278783
190100286352
190100293432
190100300085
190100306554
190100312170
190100319250
190100326147
190100333288
190100340795
190100348669
190100354284
190100360998
190100368444
190100376378
190100381261
190100390722
190100397985
190100405675
190100410375
190100419225
190100426488
190100432714
190100440038
190100446813
190100451574
190100458287
190100463170
190100473424
190100480626
190100488622
190100495946
190100500829
190100508885
190100514806
190100522923
190100530431
190100537755
190100544042
190100548924
190100557835
190100561559
190100571141
190100577306
190100585301
190100590489
190100597264
190100603978
190100610265
190100617650
190100625340
190100631688
190100638341
190100644993
190100650548
190100656590
190100661290
190100670384
190100677403
190100684056
190100690465
190100696263
190100703953
190100709324
190100718419
190100723729
190100730809
190100738865
190100743565
190100750279
190100754734
190100762120
190100769993
190100776036
190100784275
190100791416
190100797886
190100803257
190100810276
190100817784
190100824375
190100830540
190100836704
190100842869
190100850132
190100857273
190100864780
190100871372
190100878025
190100886021
190100892307
190100900486
190100907444
190100914402
190100920933
190100928196
190100934238
190100941318
190100948276
190100953220
190100961887
190100969211
190100975681
190100981846
190100986789
190100994358
190100999668
190101010105
190101017307
190101022678
190101028782
190101035617
190101041294
190101047824
190101054355
190101061435
190101068515
190101076206
190101082370
190101089939
190101096103
190101103610
190101111484
190101117465
190101123142
190101129001
190101136875
190101142612
190101151035
190101157382
190101162875
190101171970
190101178378
190101184848
190101190036
190101198337
190101205478
190101213412
190101219455
190101226657
190101233981
190101239169
190101247653
190101254672
190101261325
190101268466
190101275180
190101280917
190101286654
190101294711
190101301730
190101308627
190101315341
190101322604
190101328769
190101335665
190101342990
190101348422
190101356295
190101362460
190101368502
190101375888
190101382907
190101390963
190101398593
190101403475
190101411349
190101416720
190101425936
190101432162
190101439120
190101446200
190101453280
190101460238
190101467074
190101473727
190101480929
190101488802
190101493807
190101500338
190101506930
190101513399
190101520785
190101527865
190101534273
190101541414
190101549166
190101556429
190101560641
190101569307
190101573824
190101582430
190101589815
190101594698
190101603182
190101608187
190101617220
190101622164
190101630770
190101636934
190101643770
190101649141
190101656465
190101662813
190101670076
190101677706
190101685152
190101691316
190101699617
190101705843
190101713289
190101717500
190101726045
190101733247
190101740633
190101747347
190101755220
190101760835
190101767427
190101774934
190101782564
190101789278
190101796663
190101802278
190101809785
190101815340
190101822969
190101830049
190101837495
190101844087
190101850068
190101857454
190101862398
190101869783
190101876314
190101883577
190101891084
190101896760
190101904023
190101910005
190101918733
190101926728
190101933076
190101940461
190101946443
190101953462
190101961030
190101968476
190101976594
190101983003
190101990266
190101995698
190102002717
190102010591
190102016084
190102023652
190102029450
190102036469
190102043671
190102048371
190102056550
190102063325
190102070527
190102077363
190102083771
190102089814
190102097565
190102103913
190102111481
190102117829
190102125703
190102130646
190102140168
190102146943
190102153473
190102161469
190102169465
190102175629
190102180451
190102187592
190102194550
190102201264
190102208344
190102215485
190102220673
190102227936
190102235016
190102241181
190102248993
190102255585
190102262482
190102269867
190102277619
190102284577
190102291779
190102300202
190102307709
190102315033
190102321137
190102328827
190102336212
190102343781
190102348785
190102357513
190102365021
190102372040
190102378937
190102386688
190102393219
190102399383
190102407196
190102415131
190102420013
190102429108
190102434723
190102444122
190102451690
190102456146
190102464081
190102469574
190102477142
190102482147
190102492889
190102498932
190102505462
190102512115
190102517669
190102525543
190102532135
190102540191
190102546478
190102553436
190102559783
190102565155
190102572357
190102578399
190102587676
190102592803
190102599700
190102604339
190102611175
190102617889
190102625213
190102631744
190102639922
190102647002
190102653838
190102661041
190102667632
190102675201
190102683623
190102689971
190102697051
190102702727
190102710296
190102718352
190102726226
190102732696
190102738189
190102745818
190102751372
190102757476
190102764617
190102772429
190102779937
190102787444
190102794219
190102801177
190102806548
190102815398
190102821563
190102826323
190102833648
190102842009
190102848174
190102854338
190102862029
190102867949
190102874785
190102881438
190102888274
190102893218
190102902556
190102909026
190102918181
190102925444
190102930205
190102939299
190102942412
190102951018
190102957732
190102965056
190102970305
190102977812
190102984648
190102989409
190102996672
190103002959
190103010161
190103015532
190103022734
190103030668
190103035734
190103044096
190103050139
190103057097
190103063627
190103071013
190103078642
190103084013
190103090971
190103098234
190103104826
190103111967
190103119535
190103126249
190103132109
190103139982
190103146574
190103154814
190103160429
190103167692
190103174284
190103180998
190103186979
190103194486
190103201505
190103207975
190103214811
190103223112
190103230070
190103237760
190103245023
190103252531
190103259184
190103266325
190103272611
190103279813
190103286222
190103290311
190103300260
190103306730
190103311857
190103319486
190103325162
190103332853
190103338590
190103347928
190103355131
190103362150
190103370389
190103377286
190103384183
190103390836
190103395658
190103404386
190103411283
190103416410
190103422391
190103429044
190103436612
190103444059
190103451749
190103457303
190103465299
190103472501
190103477445
190103486417
190103492764
190103500638
190103506314
190103513822
190103519864
190103526700
190103534757
190103540921
190103548245
190103553738
190103560513
190103567532
190103574124
190103581021
190103588101
190103595792
190103601224
190103608914
190103615018
190103622769
190103630581
190103636929
190103643887
190103649991
190103657071
190103664456
190103670437
190103678738
190103684292
190103691006
190103698636
190103704251
190103713467
190103720364
190103726284
190103734890
190103740200
190103748257
190103754849
190103762600
190103769192
190103776943
190103783291
190103790188
190103796292
190103803066
190103808621
190103813931
190103821011
190103828579
190103835293
190103841396
190103847622
190103855312
190103860256
190103869045
190103875454
190103882778
190103889248
190103895718
190103901760
190103908962
190103918117
190103923672
190103930935
190103936489
190103943935
190103951320
190103957241
190103963283
190103970180
190103977321
190103985378
190103992458
190103999294
190104005581
190104014064
190104021144
190104027614
190104035793
190104041652
190104049404
190104057033
190104063686
190104071010
190104076930
190104083217
190104090175
190104095058
190104104152
190104111598
190104119106
190104124721
190104131618
190104139247
190104144801
190104153712
190104160976
190104167934
190104174281
190104181239
190104189662
190104194911
190104202540
190104208034
190104214809
190104221400
190104226100
190104235255
190104240565
190104248439
190104255336
190104261744
190104267604
190104274745
190104282374
190104288417
190104295985
190104304225
190104308986
190104317530
190104324977
190104332301
190104338343
190104344569
190104351222
190104358363
190104364955
190104371668
190104377955
190104384120
190104390772
190104397364
190104403773
190104411463
190104418116
190104426173
190104431117
190104439539
190104446192
190104453883
190104459986
190104465052
190104472315
190104478846
190104486353
190104492335
190104499049
190104506251
190104511439
190104518397
190104524683
190104532191
190104537928
190104544764
190104552820
190104559290
190104565638
190104573084
190104580103
190104586695
190104593470
190104599207
190104604639
190104611902
190104617212
190104625757
190104633203
190104639185
190104644678
190104651697
190104659021
190104665430
190104672998
190104680261
190104687341
190104695581
190104701135
190104708765
190104715112
190104723047
190104729334
190104735620
190104741480
190104746729
190104755273
190104761621
190104770349
190104777490
190104782556
190104790613
190104796716
190104804895
190104810571
190104818139
190104825464
190104830163
190104836938
190104844079
190104850610
190104856225
190104864099
190104869958
190104876489
190104883813
190104890649
190104897668
190104903100
190104910424
190104917321
190104922021
190104929406
190104936853
190104943627
190104949426
190104957543
190104964990
190104972131
190104977380
190104984338
190104990685
190104997155
190105003076
190105008996
190105016503
190105022424
190105029382
190105035058
190105041589
190105048730
190105055199
190105061425
190105068993
190105076195
190105080895
190105088097
190105095238
190105103539
190105111046
190105117455
190105123070
190105129784
190105136376
190105142113
190105150475
190105157006
190105162804
190105170372
190105176537
190105182946
190105190575
190105197655
190105204796
190105211571
190105217736
190105224388
190105232079
190105237511
190105245751
190105251183
190105258080
190105264916
190105269249
190105276634
190105284203
190105291405
190105298241
190105302818
190105310753
190105316612
190105322350
190105327782
190105336388
190105344383
190105350426
190105359215
190105365013
190105372520
190105378563
190105387108
190105394676
190105399193
190105407066
190105413536
190105419517
190105425316
190105436180
190105441124
190105447960
190105454429
190105460472
190105467918
190105474754
190105482017
190105489341
190105496544
190105503196
190105508628
190105516807
190105521995
190105530479
190105536705
190105543785
190105550254
190105556419
190105562400
190105569541
190105575767
190105581199
190105589317
190105594322
190105602073
190105608115
190105615073
190105623008
190105630088
190105636619
190105644248
190105650108
190105657066
190105663963
190105672568
190105678733
190105687644
190105694480
190105701499
190105706077
190105714255
190105720359
190105729331
190105739463
190105746238
190105753928
190105758872
190105766135
190105773398
190105781333
190105787375
190105794333
190105801230
190105808188
190105813010
190105821067
190105828269
190105835654
190105842063
190105848777
190105856223
190105861167
190105868125
190105875571
190105881980
190105890036
190105895896
190105901572
190105908774
190105917075
190105922080
190105930685
190105934103
190105943808
190105950400
190105957541
190105963583
190105970847
190105978903
190105985007
190105991965
190105998739
190106006186
190106010763
190106018210
190106025839
190106032309
190106040426
190106045004
190106054159
190106059164
190106067404
190106074972
190106081137
190106088827
190106095114
190106102072
190106108480
190106116110
190106121786
190106129293
190106134848
190106140524
190106147970
190106154806
190106161520
190106169271
190106175985
190106183676
190106189230
190106196432
190106203024
190106211752
190106219442
190106224386
190106232381
190106237142
190106243978
190106248434
190106257528
190106262960
190106269735
190106277547
190106284750
190106290670
190106298177
190106305562
190106312520
190106317586
190106326742
190106333211
190106340658
190106346273
190106354146
190106361715
190106369161
190106375997
190106380697
190106388448
190106396810
190106402730
190106409688
190106416951
190106421895
190106430318
190106433736
190106443441
190106450398
190106457540
190106464559
190106469563
190106477864
190106484334
190106490987
190106497945
190106505025
190106511617
190106517720
190106524556
190106527669
190106536763
190106543050
190106550801
190106558553
190106563679
190106572713
190106575947
190106585103
190106592122
190106599263
190106606587
190106613789
190106620137
190106625691
190106634663
190106640889
190106647725
190106654744
190106661091
190106666584
190106671711
190106680012
190106687581
190106694661
190106702473
190106707295
190106714375
190106720784
190106727314
190106734761
190106742634
190106748799
190106754414
190106762837
190106769367
190106777363
190106783283
190106790486
190106796711
190106803547
190106810261
190106817463
190106824604
190106832478
190106840351
190106845905
190106853718
190106860004
190106866230
190106875141
190106881916
190106888752
190106896076
190106901691
190106909687
190106914814
190106922626
190106929340
190106935322
190106941547
190106946491
190106954975
190106960224
190106968158
190106974140
190106980732
190106988971
190106994159
190107001545
190107006610
190107016071
190107022907
190107030963
190107035846
190107042804
190107050189
190107057636
190107064350
190107070636
190107077838
190107085834
190107092609
190107098163
190107104083
190107111774
190107117389
190107124469
190107131976
190107136981
190107146197
190107151324
190107159564
190107165790
190107172687
190107180865
190107185382
190107191974
190107196673
190107205829
190107212787
190107220477
190107226520
190107232501
190107239215
190107245562
190107252520
190107260150
190107267962
190107274493
190107282306
190107288592
190107294085
190107302508
190107308367
190107315692
190107321795
190107328204
190107333758
190107340716
190107349627
190107355303
190107361895
190107369464
190107375872
190107381854
190107387530
190107397173
190107403765
190107411822
190107417864
190107425433
190107432452
190107437090
190107444415
190107452837
190107458941
190107465288
190107470721
190107478472
190107485003
190107492083
190107498797
190107504717
190107510637
190107518023
190107525225
190107530291
190107538042
190107546038
190107553179
190107559221
190107566851
190107574114
190107579851
190107586199
190107594255
190107600298
190107606279
190107613787
190107621538
190107625566
190107633257
190107639727
190107646257
190107653704
190107660539
190107667864
190107673479
190107679277
190107687883
190107694048
190107701372
190107707781
190107714250
190107720842
190107727190
190107733110
190107738847
190107746294
190107753313
190107760576
190107765031
190107771867
190107779130
190107785295
190107793107
190107799211
190107805681
190107813127
190107821977
190107827836
190107835466
190107842302
190107846635
190107852739
190107860734
190107866960
190107874528
190107880571
190107887346
190107892717
190107899125
190107906755
190107913163
190107919572
190107926591
190107934037
190107938981
190107947892
190107954301
190107960099
190107968156
190107973771
190107980363
190107984940
190107993363
190107998795
190108008073
190108014359
190108019364
190108026261
190108032243
190108038773
190108046708
190108053056
190108060624
190108068131
190108073746
190108080094
190108087479
190108094865
190108101578
190108109208
190108115616
190108121232
190108126786
190108134903
190108143570
190108149674
190108157059
190108162674
190108169083
190108174088
190108180863
190108187882
190108195023
190108203324
190108209183
190108216141
190108222977
190108229080
190108237686
190108242691
190108250992
190108258194
190108263748
190108270767
190108277481
190108283829
190108289810
190108297012
190108302567
190108310318
190108316971
190108324051
190108331253
190108336380
190108345291
190108353043
190108360184
190108365616
190108373672
190108380997
190108388260
190108394241
190108401504
190108408462
190108414810
190108419754
190108427871
190108433120
190108440201
190108445755
190108452713
190108458145
190108465530
190108473587
190108480972
190108487075
190108494705
190108501724
190108507156
190108514297
190108522537
190108528457
190108536575
190108543533
190108548965
190108556899
190108563125
190108570999
190108578262
190108586013
190108591811
190108598892
190108606155
190108611465
190108619643
190108626662
190108634109
190108639114
190108647781
190108654128
190108661147
190108667800
190108674697
190108681045
190108687575
190108694106
190108700271
190108707046
190108712417
190108719680
190108727675
190108734145
190108740371
190108747878
190108755141
190108759108
190108768325
190108775893
190108780776
190108789992
190108795363
190108802871
190108809340
190108816848
190108824416
190108830763
190108837660
190108842299
190108850600
190108855910
190108863722
190108871230
190108878432
190108884779
190108892531
190108900099
190108905409
190108914565
190108922255
190108929518
190108937148
190108943556
190108951125
190108955580
190108962782
190108970595
190108976637
190108983961
190108989516
190108996412
190109004896
190109011366
190109017714
190109024183
190109031691
190109037916
190109044874
190109049879
190109059828
190109066786
190109073500
190109080641
190109087049
190109093031
190109098402
190109106703
190109112074
190109118788
190109126356
190109131666
190109139112
190109147657
190109153883
190109161207
190109168409
190109175367
190109182264
190109188429
190109196424
190109203809
190109210218
190109216444
190109224256
190109229322
190109236707
190109242567
190109250501
190109257520
190109264417
190109271986
190109279432
190109286573
190109292432
190109299512
190109307203
190109312879
190109320447
190109326368
190109334119
190109341810
190109346998
190109356397
190109361036
190109367933
190109373731
190109380140
190109384473
190109393933
190109400830
190109407361
190109414929
190109420362
190109428235
190109435132
190109443311
190109449353
190109455823
190109463574
190109468579
190109475476
190109482556
190109488721
190109494214
190109501355
190109506787
190109513562
190109520886
190109527844
190109534802
190109542432
190109549145
190109556714
190109561963
190109568433
190109575696
190109583020
190109591748
190109598401
190109603161
190109610608
190109617444
190109624890
190109631726
190109636425
190109644787
190109650280
190109656079
190109662671
190109668713
190109675915
190109683789
190109689892
190109694714
190109702954
190109707897
190109716198
190109722363
190109728771
190109735913
190109742932
190109749890
190109756176
190109762158
190109769726
190109776379
190109782543
190109789318
190109796215
190109803783
190109810131
190109816540
190109823681
190109829784
190109836803
190109843029
190109848095
190109857922
190109863659
190109871654
190109877453
190109884350
190109891491
190109898144
190109904369
190109910961
190109917309
190109924755
190109932506
190109939159
190109943798
190109951305
190109956310
190109965404
190109972545
190109977550
190109986461
190109992076
190110000499
190110005931
190110016246
190110022350
190110028087
190110034252
190110040538
190110046581
190110052379
190110060741
190110066905
190110073558
190110080211
190110084789
190110092052
190110099071
190110106273
190110114146
190110121104
190110127940
190110134654
190110140636
190110148326
190110155284
190110161510
190110166026
190110174144
190110179576
190110187144
190110190562
190110199840
190110206859
190110212169
190110218089
190110225108
190110232798
190110239451
190110246165
190110252025
190110260630
190110265757
190110273448
190110279673
190110286387
190110291331
190110298594
190110305735
190110310984
190110319895
190110325205
190110332408
190110337351
190110345652
190110352549
190110359568
190110367137
190110372996
190110381602
190110386973
190110394541
190110403025
190110409678
190110415781
190110423045
190110428049
190110436045
190110442271
190110450266
190110455576
190110462778
190110468577
190110474802
190110482065
190110489084
190110495249
190110501108
190110508860
190110515879
190110523081
190110527536
190110538035
190110544260
190110550425
190110556528
190110562815
190110568796
190110575510
190110582834
190110590097
190110594980
190110601816
190110607614
190110613596
190110619821
190110627817
190110634531
190110641611
190110648447
190110655710
190110661630
190110669382
190110676828
190110683847
190110690805
190110696420
190110703317
190110710336
190110718515
190110723886
190110731638
190110738412
190110746164
190110753061
190110760263
190110768503
190110774301
190110781869
190110789071
190110796090
190110803537
190110811227
190110816781
190110824167
190110831125
190110836984
190110844308
190110850778
190110856088
190110863839
190110870187
190110877694
190110884347
190110891183
190110898568
190110905221
190110912728
190110918466
190110926705
190110932809
190110939523
190110946725
190110952828
190110959298
190110967416
190110973824
190110981271
190110986886
190110994393
190110999093
190111006539
190111014169
190111020760
190111026986
190111032845
190111040353
190111046883
190111055978
190111062569
190111069710
190111076302
190111080941
190111089608
190111095711
190111102791
190111110482
190111117745
190111124154
190111130562
190111137948
