189361004553
189361009436
189361014013
189361019079
189361024756
189361028906
189361035070
189361040991
189361047522
189361052771
189361057836
189361063452
189361068273
189361074804
189361080114
189361084326
189361091894
189361097326
189361103185
189361108557
189361116064
189361122656
189361129003
189361135229
189361142187
189361148779
189361157263
189361162756
189361169958
189361176916
189361181982
189361189001
189361194494
189361202062
189361209020
189361215673
189361221838
189361227270
189361234472
189361241186
189361247045
189361255102
189361259862
189361268346
189361273351
189361280431
189361287633
189361294530
189361301427
189361308629
189361316625
189361322240
189361328893
189361336217
189361343053
189361351354
189361356664
189361364049
189361370519
189361377355
189361385411
189361391881
189361399388
189361407750
189361414525
189361420812
189361427525
189361436315
189361443456
189361452123
189361458592
189361463902
189361471715
189361478917
189361487462
189361496312
189361503026
189361509373
189361515965
189361524388
189361529942
189361538365
189361545567
189361554112
189361560521
189361566319
189361574620
189361580113
189361588719
189361596776
189361602940
189361612828
189361618138
189361626072
189361632115
189361639683
189361646580
189361654881
189361661167
189361664524
189361673802
189361680516
189361689060
189361697605
189361704746
189361711155
189361718601
189361725926
189361733250
189361739781
189361747837
189361754917
189361762302
189361767674
189361774937
189361782566
189361790256
189361798862
189361805210
189361812534
189361819614
189361825535
189361834141
189361842686
189361849521
189361855320
189361863010
189361869053
189361876560
189361884128
189361893406
189361900242
189361907505
189361914280
189361921848
189361927280
189361934482
189361943271
189361950656
189361956333
189361965244
189361970432
189361978672
189361984775
189361991428
189362000095
189362007236
189362012058
189362019504
189362027866
189362033542
189362042087
189362050327
189362058444
189362064670
189362071994
189362077975
189362085361
189362092746
189362100070
189362106540
189362113254
189362119723
189362125339
189362135287
189362142184
189362151584
189362158237
189362167331
189362175448
189362184604
189362192233
189362200107
189362209506
189362216037
189362224276
189362231723
189362239535
189362249423
189362256198
189362264254
189362273959
189362281283
189362289950
189362296969
189362307162
189362315646
189362323763
189362332736
189362339633
189362348971
189362354281
189362366000
189362373385
189362382601
189362391024
189362398043
189362406588
189362414339
189362422945
189362430941
189362438387
189362446078
189362453402
189362462801
189362469820
189362476717
189362485079
189362492281
189362499605
189362506563
189362514376
189362524019
189362530306
189362538668
189362546846
189362555574
189362562899
189362571993
189362579805
189362588899
189362595125
189362603365
189362610506
189362616365
189362623201
189362631990
189362640413
189362648164
189362654756
189362660860
189362669160
189362674837
189362683565
189362692049
189362698396
189362707857
189362711641
189362720674
189362727754
189362736970
189362743684
189362752290
189362760225
189362768831
189362775972
189362782014
189362791230
189362799287
189362806062
189362812288
189362820100
189362826631
189362834871
189362842927
189362850740
189362860566
189362866059
189362872529
189362880158
189362887971
189362895600
189362904817
189362911469
189362919282
189362926118
189362933015
189362940766
189362947663
189362956818
189362962800
189362971101
189362977814
189362985017
189362992280
189362999848
189363007355
189363013825
189363020722
189363027680
189363034882
189363041840
189363048981
189363056733
189363063447
189363071381
189363079133
189363086579
189363094880
189363101777
189363109284
189363115937
189363123078
189363128693
189363137116
189363142182
189363151642
189363157624
189363165436
189363172272
189363178314
189363184967
189363193817
189363201264
189363206207
189363214752
189363219635
189363227203
189363233368
189363242035
189363249664
189363257416
189363263397
189363270599
189363277374
189363283539
189363291656
189363298737
189363305450
189363313324
189363319366
189363326996
189363333343
189363340484
189363348236
189363354706
189363361053
189363369354
189363375152
189363382599
189363389923
189363396515
189363401580
189363409515
189363415313
189363422577
189363427703
189363434906
189363441253
189363449127
189363455780
189363462432
189363470672
189363475433
189363483306
189363490386
189363497650
189363503631
189363511199
189363516876
189363525359
189363531158
189363539153
189363545196
189363552154
189363559295
189363564361
189363572784
189363578155
189363585357
189363590423
189363597991
189363605804
189363612334
189363619231
189363627288
189363633636
189363639556
189363645720
189363653655
189363661651
189363668303
189363674773
189363680877
189363687896
189363695830
189363702788
189363708587
189363714568
189363721709
189363728606
189363735991
189363744048
189363749907
189363757170
189363764373
189363771819
189363777556
189363783843
189363790129
189363797392
189363803313
189363811186
189363818083
189363823943
189363832182
189363838164
189363844878
189363851347
189363858122
189363863615
189363872343
189363879790
189363887541
189363893401
189363900725
189363909025
189363914946
189363920439
189363928129
189363935881
189363940214
189363947722
189363952910
189363962797
189363968962
189363976652
189363983793
189363989409
189363996489
189364002104
189364009428
189364017057
189364023527
189364032438
189364039091
189364043913
189364052214
189364057157
189364064726
189364071684
189364077421
189364086943
189364094816
189364100920
189364107633
189364114713
189364123258
189364129728
189364136991
189364143827
189364151640
189364158842
189364167020
189364174406
189364181181
189364188139
189364195158
189364201078
189364207853
189364214506
189364220060
189364226407
189364231107
189364239408
189364247037
189364252286
189364259916
189364264676
189364271268
189364277005
189364283292
189364290433
189364297269
189364305692
189364312589
189364318876
189364323392
189364330289
189364337796
189364342923
189364350797
189364355680
189364363675
189364370023
189364376004
189364380704
189364389188
189364395474
189364403409
189364406766
189364415860
189364421414
189364427213
189364432462
189364439847
189364446072
189364452847
189364460843
189364466214
189364475186
189364482693
189364488797
189364494168
189364499661
189364506375
189364513150
189364519253
189364524686
189364531644
189364539334
189364544461
189364551602
189364558682
189364564908
189364569424
189364576382
189364583096
189364589688
189364596585
189364603299
189364609280
189364615872
189364621731
189364626370
189364633023
189364640408
189364646694
189364652920
189364658718
189364664212
189364671231
189364674282
189364682400
189364691677
189364697415
189364703701
189364708950
189364715908
189364720913
189364725491
189364733608
189364739040
189364748074
189364754726
189364760220
189364769009
189364776699
189364783474
189364791408
189364798977
189364804226
189364811794
189364817654
189364825161
189364832546
189364838161
189364845852
189364853115
189364859646
189364866482
189364873012
189364879238
189364885585
189364891750
189364899196
189364904750
189364912258
189364919521
189364927639
189364934841
189364941310
189364948635
189364954189
189364961513
189364968166
189364974697
189364982692
189364988124
189364996486
189365003993
189365010951
189365017604
189365024501
189365031398
189365038600
189365046596
189365054775
189365059535
189365067348
189365074001
189365081386
189365088405
189365095851
189365103541
189365109279
189365116481
189365123683
189365130336
189365136745
189365142970
189365149440
189365154201
189365163844
189365169703
189365174037
189365181971
189365187098
189365194972
189365199550
189365207484
189365215358
189365222743
189365228663
189365235682
189365241786
189365248378
189365256617
189365264369
189365271510
189365277857
189365284693
189365291346
189365297511
189365304835
189365312159
189365317530
189365324000
189365328822
189365335780
189365340662
189365348109
189365357020
189365362513
189365368128
189365374842
189365380274
189365385340
189365391993
189365399195
189365403712
189365411341
189365418055
189365423975
189365430811
189365439234
189365445399
189365450342
189365460230
189365467432
189365474695
189365481592
189365490381
189365496607
189365504236
189365511560
189365518396
189365524439
189365530664
189365537622
189365544092
189365552271
189365558557
189365566736
189365572534
189365580713
189365587366
189365594080
189365601587
189365606226
189365613672
189365621668
189365627466
189365635339
189365641016
189365648035
189365655237
189365662195
189365668970
189365675317
189365683496
189365691370
189365696680
189365703699
189365711267
189365717676
189365725915
189365731958
189365739221
189365744836
189365751855
189365760522
189365766992
189365774499
189365781091
189365787133
189365795007
189365800256
189365808557
189365814660
189365821252
189365828454
189365833032
189365842492
189365849084
189365856347
189365863854
189365871301
189365878564
189365884057
189365890893
189365896264
189365904260
189365912011
189365919335
189365925195
189365928307
189365937341
189365943078
189365949487
189365956811
189365964623
189365971581
189365977929
189365983788
189365990868
189365998498
189366006127
189366012231
189366020898
189366029198
189366034264
189366041955
189366049706
189366055810
189366061669
189366069603
189366075463
189366082909
189366089684
189366096032
189366101403
189366108239
189366114281
189366121361
189366127892
189366135582
189366142479
189366150963
189366154808
189366164086
189366170738
189366178368
189366185204
189366192223
189366200401
189366206017
189366214256
189366223045
189366230125
189366237328
189366243370
189366248741
189366257286
189366262596
189366269676
189366277306
189366284141
189366291588
189366299156
189366305504
189366313621
189366319359
189366326134
189366334190
189366339256
189366346824
189366353294
189366361046
189366368248
189366376304
189366383262
189366389549
189366394615
189366401695
189366408775
189366416587
189366423851
189366430809
189366437400
189366443809
189366451560
189366459922
189366466331
189366473655
189366480125
189366486228
189366492698
189366500144
189366508079
189366516136
189366521262
189366528465
189366532981
189366540183
189366547752
189366554221
189366560386
189366566245
189366573997
189366580100
189366586265
189366593833
189366599692
189366605796
189366612815
189366618796
189366626182
189366633628
189366640220
189366648093
189366653830
189366659263
189366666770
189366672141
189366678428
189366685813
189366692344
189366698203
189366702597
189366709800
189366716819
189366723166
189366729575
189366736533
189366742942
189366747641
189366754050
189366760764
189366766379
189366771018
189366780234
189366786215
189366792441
189366797812
189366805136
189366812033
189366816916
189366823081
189366828818
189366836447
189366843527
189366849631
189366856406
189366862814
189366869955
189366875693
189366882162
189366889670
189366895590
189366902731
189366909262
189366914023
189366922690
189366927756
189366937460
189366943808
189366950338
189366957846
189366963766
189366970968
189366977682
189366983847
189366990927
189366997458
189367005392
189367013266
189367019003
189367025778
189367033102
189367039389
189367045675
189367051718
189367060140
189367067953
189367074911
189367082662
189367088949
189367098287
189367104574
189367110128
189367118551
189367124899
189367131612
189367137716
189367144674
189367152181
189367158285
189367166891
189367172628
189367178365
189367185995
189367191732
189367199178
189367204793
189367210287
189367218038
189367223653
189367230733
189367237691
189367244710
189367250387
189367257833
189367264974
189367271993
189367279317
189367286336
189367293966
189367300679
189367307820
189367314595
189367321492
189367328939
189367336385
189367342794
189367349935
189367358235
189367363729
189367370687
189367379720
189367385396
189367393147
189367398824
189367406880
189367412312
189367418843
189367427022
189367432332
189367441121
189367447224
189367453389
189367459431
189367465047
189367472188
189367481282
189367486714
189367494710
189367500325
189367507222
189367512349
189367520039
189367527669
189367533589
189367539570
189367545857
189367552937
189367559041
189367566426
189367572712
189367579792
189367586140
189367594014
189367600911
189367608662
189367615437
189367622151
189367628071
189367634358
189367641743
189367648518
189367655354
189367662312
189367668659
189367676167
189367681355
189367687946
189367695149
189367703205
189367710713
189367717060
189367724323
189367732380
189367738056
189367746418
189367753437
189367760212
189367766926
189367773395
189367781269
189367786823
189367795246
189367801227
189367808857
189367816730
189367823383
189367828815
189367836384
189367842365
189367849323
189367855243
189367862507
189367868244
189367875385
189367883808
189367889728
189367896625
189367903339
189367909015
189367915424
189367922016
189367928424
189367936847
189367943744
189367950336
189367956928
189367962543
189367969257
189367976520
189367982807
189367989337
189367997516
189368003803
189368011188
189368016315
189368023578
189368030841
189368037738
189368043536
189368050433
189368056720
189368061786
189368069293
189368075824
189368080890
189368087054
189368094195
189368100909
189368107379
189368113849
189368120379
189368126300
189368133136
189368138385
189368143512
189368150958
189368156390
189368165179
189368172686
189368178546
189368184100
189368190448
189368196978
189368203692
189368209613
189368217608
189368224627
189368232379
189368238177
189368246173
189368252886
189368260760
189368266375
189368272357
189368279742
189368287554
189368295245
189368306658
189368322649
189368332049
189368340655
189368346880
189368353350
189368360552
189368368853
189368376665
189368383745
189368390887
189368397417
189368404986
189368411272
189368419207
189368427202
189368432879
189368440752
189368446184
189368454180
189368461748
189368466997
189368473528
189368479509
189368486162
189368492510
189368498613
189368505632
189368512102
189368518633
189368524248
189368528826
189368536943
189368542681
189368550554
189368557756
189368562761
189368569292
189368576311
189368582720
189368590288
189368596086
189368602129
189368609453
189368614702
189368621843
189368627824
189368635820
189368642778
189368649065
189368654741
189368661027
189368667863
189368672441
189368679277
189368685686
189368691972
189368697832
189368703325
189368710344
189368716386
189368721269
189368728776
189368735673
189368741655
189368746721
189368753618
189368759843
189368765458
189368772355
189368778337
189368785051
189368792863
189368800615
189368806108
189368815446
189368821550
189368827836
189368835649
189368842240
189368848588
189368855241
189368862199
189368870316
189368875932
189368884538
189368890275
189368898026
189368906205
189368911515
189368920548
189368926225
189368932084
189368938187
189368946061
189368950761
189368958207
189368964066
189368970780
189368975480
189368984635
189368988602
189368995072
189369001481
189369007706
189369013932
189369020402
189369025528
189369033463
189369040055
189369046708
189369052262
189369056778
189369063981
189369071000
189369077469
189369084244
189369090470
189369095780
189369103287
189369108841
189369116349
189369122330
189369129654
189369135819
189369143204
189369150284
189369155594
189369164810
189369170975
189369179215
189369182755
189369192032
189369198807
189369204056
189369209427
189369216507
189369222183
189369229630
189369234146
189369241043
189369247452
189369254532
189369258987
189369266128
189369271561
189369278458
189369284988
189369291092
189369297867
189369302811
189369310135
189369315140
189369322281
189369329910
189369337906
189369344253
189369350235
189369356949
189369362930
189369368789
189369376358
189369383133
189369389053
189369395340
189369402481
189369407913
189369414993
189369419876
189369428176
189369435440
189369441421
189369447402
189369453201
189369458755
189369464858
189369469314
189369476760
189369484390
189369491470
189369497207
189369501724
189369508254
189369515762
189369522353
189369529311
189369535781
189369538955
189369548537
189369554885
189369560073
189369565749
189369571487
189369578628
189369585647
189369590346
189369597549
189369603835
189369609145
189369615005
189369622085
189369628432
189369634658
189369640761
189369647048
189369653579
189369658522
189369666152
189369674025
189369680312
189369687636
189369693679
189369698989
189369704909
189369711867
189369718398
189369726515
189369732192
189369737441
189369745009
189369750991
189369758010
189369764052
189369770461
189369777113
189369784133
189369790724
189369796889
189369801039
189369807570
189369812941
189369820021
189369827162
189369833510
189369840163
189369844923
189369851637
189369857619
189369864271
189369871107
189369877211
189369883253
189369889479
189369895704
189369903456
189369909315
189369915846
189369923414
189369929396
189369935682
189369942885
189369949049
189369954664
189369960829
189369968397
189369974257
189369981337
189369987318
189369994459
189369998610
189370005567
189370013258
189370020155
189370026930
189370031385
189370038526
189370042982
189370049635
189370055982
189370062208
189370068922
189370075147
189370081617
189370087354
189370093580
189370099317
189370104383
189370111158
189370118116
189370126112
189370132337
189370138807
189370144544
189370152296
189370157301
189370165479
189370171216
189370178663
189370186658
189370192151
189370201734
189370208570
189370215284
189370221387
189370229505
189370234693
189370242200
189370248365
189370253797
189370259595
189370267102
189370272413
189370279798
189370284803
189370292005
189370299695
189370306043
189370310620
189370317884
189370324109
189370329785
189370335889
189370340344
189370348584
189370353345
189370360242
189370367017
189370373120
189370379651
189370385571
189370391919
189370397839
189370402661
189370409558
189370416760
189370422864
189370427808
189370435864
189370441296
189370447339
189370454663
189370461377
189370467786
189370473889
189370478955
189370486340
189370491528
189370497204
189370503186
189370509595
189370516736
189370522839
189370528332
189370535718
189370540478
189370547558
189370552014
189370560437
189370565930
189370573742
189370582043
189370587109
189370596569
189370603405
189370609997
189370616284
189370623974
189370628369
189370636914
189370643078
189370649731
189370656506
189370665295
189370670849
189370677868
189370684460
189370689831
189370696179
189370703137
189370707409
189370714733
189370720593
189370727551
189370734936
189370739819
189370747570
189370752514
189370758373
189370766857
189370773327
189370779980
189370785656
189370791698
189370797252
189370803417
189370809765
189370817272
189370823742
189370830700
189370836315
189370841137
189370847973
189370852794
189370860241
189370865917
189370875133
189370880382
189370888195
189370895397
189370903087
189370910045
189370915538
189370925060
189370931041
189370937572
189370943492
189370951305
189370956920
189370965526
189370971019
189370979076
189370984874
189370990367
189370997508
189371002879
189371009471
189371017040
189371021312
189371027782
189371032787
189371039439
189371047191
189371051952
189371057872
189371065623
189371072215
189371078197
189371083934
189371090098
189371095958
189371102611
189371109080
189371117015
189371123240
189371128978
189371135020
189371141795
189371147715
189371152903
189371160777
189371166026
189371174083
189371179332
189371187022
189371192759
189371199839
189371205943
189371213450
189371220408
189371226817
189371230906
189371237864
189371244517
189371251109
189371255625
189371263133
189371270213
189371276499
189371282481
189371289561
189371295359
189371301402
189371307383
189371314280
189371320139
189371325083
189371332590
189371339487
189371345103
189371352122
189371359202
189371366282
189371372080
189371379221
189371384653
189371391001
189371398264
189371403696
189371411448
189371419443
189371424204
189371431467
189371437937
189371444040
189371451120
189371457651
189371463144
189371471079
189371476328
189371481882
189371488535
189371493601
189371499277
189371507334
189371513498
189371520700
189371527719
189371532236
189371537424
189371543833
189371549021
189371556040
189371562876
189371567758
189371575510
189371580454
189371588144
189371593027
189371602426
189371607736
189371615671
189371622018
189371627695
189371633310
189371641061
189371646982
189371654428
189371659738
189371667184
189371673837
189371680795
189371685739
189371692697
189371698129
189371706186
189371712350
189371718149
189371724740
189371729318
189371735788
189371741952
189371749704
189371756173
189371762582
189371767770
189371773446
189371777963
189371785165
189371789865
189371799386
189371804879
189371813119
189371818124
189371825875
189371832467
189371838143
189371844674
189371852059
189371857003
189371864083
189371869515
189371876595
189371882699
189371889779
189371895089
189371902657
189371910775
189371915536
189371922738
189371929391
189371935128
189371939645
189371946236
189371953316
189371959359
189371965645
189371971627
189371976693
189371984017
189371988656
189371994576
189372000558
189372007882
189372014107
189372019417
189372026192
189372031929
189372039132
189372047249
189372054268
189372060555
189372065377
189372072274
189372078499
189372084725
189372091561
189372098824
189372105110
189372109871
189372117684
189372122566
189372129952
189372134712
189372142098
189372149605
189372155831
189372162789
189372168526
189372174507
189372180000
189372184883
189372193428
189372199043
189372206856
189372211617
189372218941
189372223885
189372231087
189372236824
189372242500
189372248787
189372255684
189372262398
189372269417
189372275520
189372280220
189372287300
189372294258
189372300361
189372306526
189372312324
189372318611
189372324714
189372331367
189372337959
189372346138
189372352363
189372357673
189372365242
189372370491
189372376716
189372382026
189372389778
189372396675
189372402412
189372408332
189372415412
189372421455
189372426948
189372432563
189372441657
189372448066
189372452705
189372458259
189372465156
189372471870
189372476325
189372484992
189372491828
189372498786
189372504035
189372511787
189372517280
189372522895
189372529609
189372536323
189372543525
189372549140
189372556464
189372561957
189372567145
189372574775
189372581183
189372588141
189372596442
189372602546
189372608588
189372613166
189372619636
189372626593
189372634101
189372641669
189372648322
189372654853
189372660956
189372666816
189372674262
189372679145
189372686774
189372693854
189372699408
189372706855
189372713446
189372720282
189372728217
189372734870
189372741095
189372748969
189372754218
189372760260
189372765753
189372773444
189372778937
189372786932
189372793524
189372800970
189372806525
189372813483
189372819647
189372825140
189372831793
189372839728
189372844488
189372851263
189372856390
189372863592
189372869452
189372876654
189372883978
189372889288
189372898077
189372902899
189372909796
189372916266
189372922003
189372928045
189372934271
189372941168
189372947393
189372952581
189372960211
189372965460
189372972845
189372977972
189372984381
189372990911
189372997991
189373004034
189373009710
189373016302
189373023382
189373029058
189373037420
189373044256
189373050482
189373054998
189373062017
189373068731
189373074896
189373081670
189373087408
189373095037
189373101629
189373107854
189373115118
189373121160
189373126958
189373133306
189373140264
189373146551
189373151800
189373158880
189373163396
189373170598
189373175359
189373183355
189373189336
189373196660
189373204168
189373208928
189373218572
189373223882
189373230230
189373236638
189373244573
189373249761
189373255803
189373261419
189373269048
189373274541
189373283147
189373288701
189373296636
189373305303
189373310430
189373319829
189373325871
189373334111
189373340093
189373346684
189373353703
189373360112
189373367925
189373373662
189373381047
189373386845
189373392766
189373399358
189373405888
189373413091
189373420598
189373428166
189373434697
189373442143
189373448247
189373453557
189373459172
189373465031
189373470891
189373477238
189373484135
189373492253
189373499516
189373505192
189373510685
189373518193
189373523686
189373529728
189373537297
189373542851
189373549992
189373557255
189373563725
189373568791
189373575810
189373581486
189373589176
189373596257
189373602482
189373608341
189373614384
189373619999
189373625797
189373631718
189373638188
189373644535
189373651127
189373656986
189373663761
189373669499
189373675541
189373681461
189373688725
189373694523
189373700382
189373707401
189373713200
189373721134
189373726994
189373735294
189373739994
189373747013
189373752628
189373759525
189373765140
189373772098
189373777347
189373785099
189373793278
189373798221
189373804752
189373811039
189373817692
189373824039
189373830814
189373836551
189373844242
189373852054
189373862979
189373869693
189373877750
189373884647
189373893192
189373900760
189373907657
189373913578
189373921451
189373927005
189373934207
189373940250
189373946964
189373954288
189373960330
189373967410
189373975650
189373985355
189373993167
189374007510
189374014896
189374021793
189374029544
189374037479
189374044131
189374049686
189374057132
189374063418
189374070437
189374079104
189374085086
189374090640
189374101016
189374107608
189374114444
189374120852
189374126223
189374133792
189374139590
189374146792
189374153750
189374160586
189374167666
189374175051
189374181643
189374188845
189374195803
189374203616
189374210086
189374216982
189374223391
189374229251
189374235842
189374241274
189374250186
189374256655
189374264834
189374270327
189374278750
189374285586
189374291506
189374297305
189374305361
189374311648
189374317141
189374324160
189374331484
189374337282
189374344851
189374350893
189374358889
189374363711
189374370547
189374377688
189374384157
189374388857
189374396486
189374404116
189374411257
189374417849
189374425539
189374432009
189374438295
189374444521
189374452028
189374459719
189374464663
189374472414
189374478823
189374486147
189374492922
189374499819
189374506349
189374513124
189374519167
189374526125
189374531679
189374537721
189374545107
189374550966
189374561708
189374568178
189374573671
189374580995
189374586671
189374592653
189374599489
189374607484
189374613100
189374620363
189374627077
189374633668
189374640016
189374647768
189374654359
189374660097
189374668031
189374674562
189374680055
189374686586
189374694215
189374699342
189374707582
189374714540
189374719484
189374727052
189374734559
189374740297
189374745973
189374752015
189374759278
189374766481
189374772706
189374778810
189374785096
189374792543
189374800660
189374805970
189374813233
189374818849
189374826844
189374833131
189374838929
189374844605
189374853822
189374860413
189374865235
189374873048
189374878053
189374886781
189374892945
189374899903
189374905824
189374913636
189374919923
189374927430
189374932496
189374939881
189374947449
189374954163
189374960572
189374967164
189374972901
189374977967
189374986268
189374991822
189374999817
189375005616
189375012940
189375021241
189375026185
189375032898
189375038880
189375045655
189375052918
189375060303
189375066223
189375073853
189375079651
189375086853
189375091675
189375100037
189375107483
189375114441
189375120606
189375127075
189375133423
189375140808
189375148865
189375156616
189375163269
189375168091
189375175293
189375181946
189375188782
189375194946
189375201172
189375208557
189375214111
189375221069
189375227173
189375234680
189375241455
189375246948
189375255615
189375261597
189375267273
189375273681
189375279358
189375285217
189375293152
189375299988
189375307678
189375314331
189375320923
189375327209
189375332214
189375342285
189375347717
189375355224
189375361328
189375368408
189375373657
189375380920
189375388854
189375396240
189375402282
189375408508
189375414672
189375421630
189375426940
189375432311
189375440246
189375446594
189375453674
189375460754
189375465637
189375473693
189375476806
189375486572
189375492492
189375498412
189375505737
189375511535
189375519652
189375526061
189375533935
189375542113
189375548522
189375554381
189375562072
189375567626
189375575622
189375581969
189375590331
189375597045
189375602050
189375609923
189375614867
189375622619
189375629577
189375635680
189375643309
189375648864
189375655150
189375662413
189375667052
189375674315
189375681945
189375689208
189375696898
189375702025
189375707762
189375715148
189375720702
189375726317
189375733885
189375742308
189375749083
189375755370
189375762022
189375768797
189375774901
189375782103
189375790282
189375795958
189375803282
189375810667
189375816283
189375823729
189375830687
189375839171
189375845335
189375850645
189375858397
189375864012
189375870054
189375877867
189375883238
189375890745
189375897215
189375903685
189375908568
189375915648
189375922361
189375929075
189375935606
189375941587
189375947569
189375955381
189375961729
189375967527
189375973509
189375981260
189375989195
189375995970
189376002134
189376007139
189376014768
189376022459
189376029173
189376034605
189376042478
189376049314
189376055052
189376060911
189376069944
189376077207
189376083555
189376091367
189376097654
189376103025
189376108518
189376115781
189376121030
189376128599
189376135923
189376142820
189376148862
189376155759
189376161802
189376167234
189376174741
189376181577
189376187436
189376194639
189376200559
189376206846
189376214475
189376221616
189376229978
189376236264
189376242673
189376250791
189376257383
189376263425
189376269712
189376277768
189376283750
189376291135
189376299253
189376304196
189376312009
189376318845
189376324887
189376330441
189376337949
189376343381
189376349973
189376355527
189376362668
189376369382
189376378110
189376384335
189376390988
189376398434
189376404660
189376409848
189376414609
189376422116
189376428342
189376435849
189376443173
189376448117
189376457455
189376463437
189376470334
189376476620
189376484250
189376490841
189376498349
189376503537
189376511288
189376517941
189376524655
189376531308
189376536435
189376544857
189376550412
189376558224
189376564633
189376572079
189376577206
189376583920
189376590451
189376596920
189376604672
189376610897
189376617733
189376623715
189376631405
189376637814
189376643063
189376649716
189376655331
189376661923
189376670284
189376677181
189376683834
189376691341
189376696224
189376703548
189376709896
189376716488
189376723385
189376730770
189376736874
189376744320
189376749264
189376756649
189376763668
189376771847
189376778255
189376784908
189376791134
189376797115
189376803280
189376809993
189376819515
189376826107
189376831051
189376838985
189376846187
189376852474
189376858882
189376865230
189376872066
189376878902
189376884273
189376891231
189376896907
189376903438
189376908443
189376918636
189376924922
189376931392
189376936946
189376941829
189376949092
189376954280
189376962642
189376968318
189376975887
189376984004
189376992122
189376998531
189377004817
189377011836
189377018977
189377025691
189377031367
189377038936
189377044978
189377051021
189377056819
189377063716
189377070186
189377078059
189377082393
189377089961
189377095210
189377102534
189377108333
189377115596
189377121028
189377127620
189377135005
189377140681
189377150325
189377156977
189377164363
189377171321
189377175898
189377184077
189377189082
189377195368
189377201838
189377209834
189377215510
189377223506
189377228999
189377236323
189377242793
189377250117
189377257502
189377265681
189377271967
189377278742
189377285029
189377290888
189377298945
189377305231
189377312617
189377317866
189377325068
189377331660
189377338557
189377344477
189377349177
189377357172
189377364802
189377370295
189377376703
189377383906
189377389765
189377396723
189377403559
189377410212
189377416010
189377422419
189377428522
189377435419
189377442377
189377449945
189377455805
189377462336
189377469660
189377476618
189377482904
189377489313
189377496027
189377503412
189377510126
189377518060
189377524164
189377531488
189377536981
189377544367
189377551874
189377559503
189377565851
189377570734
189377579401
189377583856
189377591058
189377597711
189377605341
189377611993
189377618524
189377624261
189377630609
189377637872
189377642877
189377650384
189377655877
189377663690
189377669488
189377676935
189377682245
189377689630
189377696405
189377705133
189377711053
189377717706
189377723748
189377729119
189377737115
189377743951
189377752130
189377760064
189377765374
189377773431
189377780145
189377788201
189377795281
189377801507
189377807427
189377814996
189377819695
189377827874
189377834039
189377841363
189377846551
189377854607
189377860223
189377866753
189377871453
189377877862
189377884576
189377890496
189377896905
189377902703
189377910577
189377917535
189377923638
189377928521
189377935601
189377942254
189377948907
189377956597
189377963189
189377969292
189377975335
189377980950
189377988457
189377991631
189378001091
189378008110
189378015313
189378020989
189378026299
189378032708
189378039421
189378044365
189378053704
189378058586
189378065544
189378071892
189378078057
189378082756
189378089531
189378096245
189378102776
189378108452
189378112602
189378119621
189378126518
189378132500
189378139275
189378146050
189378152824
189378159355
189378164238
189378171196
189378175529
189378182854
189378188408
189378196403
189378204033
189378211601
189378218132
189378224846
189378233757
189378240166
189378246635
189378253898
189378259758
189378266960
189378272392
189378279106
189378284538
189378292045
189378298576
189378304924
189378312248
189378318473
189378325737
189378333183
189378340629
189378346550
189378352470
189378360038
189378365470
189378371513
189378377433
189378384880
189378390678
189378396720
189378403678
189378410941
189378417716
189378424247
189378431632
189378439445
189378446037
189378452079
189378460197
189378465507
189378473563
189378479545
189378485892
189378493278
189378500175
189378506217
189378514701
189378520804
189378526359
189378533500
189378538932
189378544852
189378552421
189378558219
189378564933
189378571402
189378577201
189378581351
189378587699
189378594596
189378601981
189378609488
189378614371
189378621268
189378625907
189378632804
189378638724
189378645255
189378652030
189378658438
189378664054
189378671744
189378678092
189378685294
189378690604
189378699454
189378705618
189378712882
189378719168
189378726920
189378734183
189378741873
189378748953
189378753775
189378763174
189378768607
189378776236
189378783072
189378790091
189378797171
189378801749
189378809744
189378814993
189378821829
189378827078
189378834097
189378839041
189378845755
189378854056
189378859854
189378866324
189378873404
189378880484
189378887747
189378894034
189378901724
189378908377
189378913870
189378921927
189378927847
189378934195
189378941030
189378949331
189378955923
189378961477
189378967825
189378975027
189378980703
189378987905
189378994070
189379002126
189379007009
189379014150
189379019827
189379026846
189379032339
189379039236
189379043508
189379051260
189379058218
189379063833
189379070181
189379075002
189379082143
189379088491
189379095388
189379104055
189379109914
189379114858
189379120168
189379126028
189379131704
189379138357
189379144643
189379152578
189379158559
189379164113
189379171804
189379176687
189379183706
189379189870
189379198110
189379203359
189379210622
189379217519
189379225026
189379234121
189379240163
189379248220
189379254445
189379260915
189379266042
189379273793
189379278859
189379285878
189379290029
189379297719
189379304189
189379311818
189379316579
189379323537
189379329335
189379336110
189379343007
189379349477
189379355275
189379359670
189379368092
189379372792
189379380360
189379385548
189379393300
189379398793
189379406911
189379413075
189379418812
189379425282
189379431203
189379436452
189379444508
189379450306
189379456227
189379461659
189379468922
189379473134
189379480031
189379485096
189379493275
189379499806
189379505543
189379512318
189379517689
189379523671
189379530323
189379535328
189379543202
189379548817
189379555592
189379562733
189379569020
189379575001
189379581288
189379587879
189379594776
189379602894
189379608448
189379614552
189379621266
189379627613
189379634632
189379641712
189379649159
189379655018
189379660633
189379668140
189379674488
189379679981
189379687183
189379693165
189379700733
189379706959
189379713978
189379718372
189379726063
189379732166
189379739124
189379747059
189379752552
189379759144
189379764271
189379770923
189379776111
189379781604
189379788807
189379795765
189379801990
189379808460
189379814746
189379819446
189379826465
189379833545
189379841236
189379847827
189379854114
189379860095
189379864856
189379872425
189379879077
189379885791
189379890918
189379900867
189379905933
189379913379
189379918384
189379924609
189379931812
189379937244
189379943164
189379949817
189379956897
189379964038
189379969836
189379974536
189379981799
189379989368
189379995349
189380000110
189380007312
189380012317
189380019824
189380024646
189380032458
189380039966
189380045764
189380052905
189380058398
189380065600
189380071155
189380077075
189380084704
189380090930
189380098071
189380104480
189380110888
189380117419
189380123828
189380130236
189380136889
189380143176
189380149584
189380155200
189380161425
189380166857
189380171069
189380178149
189380185046
189380192919
189380198657
189380204638
189380210681
189380216357
189380222338
189380228564
189380236071
189380241747
189380247912
189380255114
189380260912
189380268053
189380273425
189380281664
189380287585
189380294604
189380299731
189380306628
189380313219
189380319506
189380326159
189380334093
189380340685
189380345629
189380352343
189380358629
189380365038
189380371630
189380377916
189380385119
189380391344
189380397570
189380403063
189380409105
189380415087
189380420946
189380429003
189380434435
189380442125
189380447679
189380454332
189380459276
189380465807
189380472032
189380477831
189380483568
189380490526
189380498216
189380504442
189380510790
189380517015
189380521349
189380531114
189380537523
189380543932
189380550096
189380554979
189380562120
189380569322
189380575792
189380582811
189380589159
189380594896
189380600877
189380607774
189380613573
189380619188
189380627733
189380634385
189380640123
189380646959
189380654100
189380658250
189380665269
189380671068
189380678636
189380685228
189380690904
189380697435
189380701768
189380709031
189380713731
189380720750
189380728440
189380734910
189380739610
189380747239
189380753648
189380759202
189380763597
189380771165
189380778367
189380785447
189380792283
189380798448
189380804551
189380812119
189380817307
189380823716
189380831590
189380837205
189380843430
189380850083
189380856004
189380861008
189380867051
189380874680
189380880845
189380887925
189380893479
189380900193
189380906541
189380912278
189380916245
189380923142
189380930649
189380935227
189380942551
189380949265
189380955185
189380959824
189380969285
189380974411
189380982590
189380987778
189380993760
189381000290
189381006272
189381011643
189381021469
189381026230
189381033371
189381038987
189381046128
189381051743
189381058701
189381064499
189381072129
189381078781
189381084824
189381091232
189381095932
189381103195
189381109421
189381116623
189381123947
189381129929
189381136276
189381141708
189381147507
189381153305
189381159225
189381167099
189381174179
189381179977
189381185409
189381193100
189381198349
189381204697
189381210617
189381218063
189381223312
189381230514
189381235702
189381242965
189381249435
189381256515
189381261520
189381269272
189381276474
189381283004
189381288925
189381293502
189381300888
189381306991
189381313522
189381320358
189381326706
189381333358
189381339523
189381346664
189381352706
189381357833
189381365463
189381372116
189381377365
189381383895
189381388900
189381393661
189381401046
189381406967
189381415084
189381421554
189381428329
189381435409
189381442245
189381448165
189381455367
189381462264
189381469649
189381476913
189381482589
189381489608
189381497542
189381502547
189381509933
189381515548
189381524520
189381529952
189381537642
189381542342
189381549849
189381554732
189381563277
189381570113
189381577254
189381583724
189381590010
189381595931
189381602034
189381607161
189381614119
189381620467
189381626693
189381632552
189381639205
189381645064
189381649764
189381656356
189381663314
189381669051
189381675337
189381681319
189381686873
189381692732
189381699751
189381706160
189381712752
189381720808
189381726302
189381733443
189381739546
189381745161
189381752180
189381759993
189381764815
189381772017
189381777388
189381784407
189381790083
189381797041
189381802534
189381810286
189381818159
189381822859
189381829634
189381836531
189381842146
189381846602
189381852278
189381861860
189381868452
189381873945
189381879866
189381886946
189381892500
189381898298
189381904707
189381910505
189381918562
189381923506
189381931196
189381937666
189381943159
189381948652
189381956831
189381962385
189381971174
189381976423
189381984236
189381992964
189382000166
189382006757
189382013838
189382020307
189382026228
189382033918
189382038679
189382046247
189382052778
189382058393
189382064741
189382071638
189382076765
189382095991
189382101240
189382110273
189382116193
189382122053
189382127668
189382133405
189382139692
189382144330
189382151349
189382158613
189382165021
189382171613
189382177533
189382183820
189382189740
189382196759
189382203351
189382210004
189382216291
189382222150
189382229901
189382235456
189382243207
189382247968
189382256024
189382261884
189382269147
189382276166
189382282269
189382288861
189382293439
189382301068
189382307111
189382314679
189382319745
189382327252
189382332318
189382339581
189382345074
189382352521
189382358563
189382365155
189382369244
189382375897
189382381818
189382390362
189382394635
189382402325
189382409466
189382415692
189382422589
189382427106
189382434002
189382440228
189382446759
189382454083
189382460614
189382467022
189382474591
189382480206
189382486309
189382493328
189382499554
189382505719
189382511883
189382516949
189382524273
189382529400
189382536358
189382540814
189382548870
189382554974
189382562237
189382568096
189382574932
189382580792
189382585919
189382591595
189382598614
189382605938
189382610638
189382616070
189382623089
189382629803
189382636028
189382640972
189382648968
189382655682
189382661846
189382667522
189382674236
189382680401
189382685284
189382693096
189382701336
189382707622
189382713909
189382719890
189382726177
189382732097
189382738750
189382744793
189382752727
189382758159
189382764202
189382769695
189382776897
189382782268
189382789348
189382797100
189382801616
189382808513
189382814067
189382820781
189382826213
189382832744
189382838176
189382845439
189382852214
189382858623
189382865337
189382870159
189382877117
189382882915
189382889018
189382895793
189382901897
189382908977
189382915202
189382921123
189382927226
189382934184
189382940471
189382948161
189382953715
189382960490
189382965922
189382971721
189382979167
189382984172
189382992351
189382998454
189383005717
189383014262
189383019450
189383027202
189383035136
189383041850
189383048564
189383054606
189383060893
189383066325
189383071330
189383078288
189383083232
189383092082
189383098063
189383105387
189383111125
189383117594
189383123088
189383129252
189383133647
189383141459
189383147319
189383154277
189383161173
189383167521
189383173197
189383179423
189383186198
189383194010
189383200358
189383206034
189383211955
189383216654
189383225810
189383230936
189383237284
189383243876
189383251871
189383257182
189383264811
189383270060
189383277506
189383282267
189383289774
189383294962
189383301371
189383308573
189383313029
189383321573
189383327128
189383334879
189383341288
189383346903
189383352518
189383358866
189383364725
189383371500
189383376566
189383384195
189383391581
189383398050
189383405008
189383409891
189383416544
189383422953
189383430460
189383438883
189383445474
189383451395
189383457498
189383465250
189383471720
189383477457
189383484415
189383491007
189383499002
189383504678
189383510050
189383515665
189383522867
189383529092
189383534341
189383541788
189383548318
189383555399
189383560037
189383567728
189383572244
189383580057
189383587076
189383593362
189383598489
189383605813
189383611307
189383617349
189383625223
189383632303
189383637369
189383644998
189383651895
189383658120
189383663980
189383668374
189383676797
189383684121
189383690347
189383695169
189383701211
189383708169
189383712258
189383720437
189383727334
189383734719
189383741494
189383747415
189383754006
189383759011
189383766641
189383771829
189383777810
189383785012
189383790872
189383796670
189383802895
189383809670
189383817727
189383825784
189383831094
189383838113
189383842263
189383850442
189383856301
189383862221
189383870095
189383875405
189383881447
189383886269
189383894509
189383902444
189383908608
189383915444
189383921853
189383928444
189383932595
189383938698
189383946145
189383953774
189383959084
189383965981
189383971169
189383977272
189383983681
189383992897
189384000344
189384005104
189384011879
189384017250
189384023659
189384030373
189384036415
189384043007
189384048561
189384056313
189384061318
189384066933
189384073647
189384081764
189384085854
189384093361
189384100136
189384105934
189384111794
189384117958
189384124550
189384130592
189384135963
189384141945
189384148476
189384155800
189384161049
189384168007
189384174232
189384180275
189384187172
189384194374
189384201515
189384208534
189384213783
189384220497
189384225868
189384231239
189384237831
189384244056
189384251564
189384256874
189384263282
189384269203
189384277748
189384285987
189384293312
189384299354
189384305030
189384310890
189384317970
189384323219
189384330482
189384339271
189384345069
189384351295
189384355201
189384362403
189384368568
189384375099
189384382728
189384390846
189384397132
189384403480
189384410133
189384416480
189384422218
189384428077
189384436134
189384442847
189384448829
189384454383
189384460975
189384470069
189384476050
189384482215
189384488257
189384496192
189384502723
189384509254
189384516334
189384521583
189384527991
189384535010
189384540992
189384548316
189384554419
189384560218
189384566077
189384572913
189384582251
189384589209
189384594825
189384601294
189384608252
189384614478
189384621253
189384628638
189384634009
189384642310
189384647925
189384653235
189384659155
189384666419
189384674292
189384681983
189384688269
189384695166
189384700598
189384708167
189384713904
189384720984
189384727515
189384733069
189384739233
189384745825
189384752051
189384758887
189384765723
189384772009
189384778967
189384784033
189384793616
189384799841
189384807226
189384813330
189384818884
189384825049
189384831091
189384837561
189384844702
189384850988
189384856726
189384863073
189384870092
189384877417
189384885534
189384891027
189384898046
189384905249
189384911352
189384918188
189384924475
189384931616
189384937353
189384943823
189384949133
189384955175
189384963354
189384970190
189384978063
189384985998
189384995031
189385002599
189385010046
189385015844
189385022741
189385028112
189385035192
189385040868
189385047826
189385055639
189385063268
189385069677
189385076147
189385082983
189385089147
189385095861
189385102514
189385109411
189385117406
189385125768
189385130651
189385137731
189385142614
189385150548
189385157445
189385163121
189385169591
189385176793
189385183141
189385188146
189385195836
189385202916
189385210851
189385218846
189385224584
189385232213
189385236913
189385244359
189385251012
189385258885
189385266332
189385271703
189385279454
189385285314
189385294042
189385300389
189385307286
189385315160
189385321629
189385328343
189385334508
189385341405
189385348546
189385355382
189385363133
189385368565
189385373875
189385382115
189385387303
189385395238
189385400609
189385408238
189385414464
189385420018
189385427525
189385433507
189385440159
189385447056
189385452366
189385459202
189385464512
189385471653
189385477452
189385485142
189385492405
189385497166
189385505345
189385511814
189385517735
189385522312
189385529087
189385535557
189385542698
189385547276
189385554234
189385558750
189385566258
189385571201
189385578770
189385584141
189385590977
189385596165
189385603123
189385611301
189385617283
189385624180
189385631382
189385637791
189385643467
189385651035
189385657017
189385662510
189385669895
189385676182
189385683567
189385689121
189385695469
189385702610
189385709568
189385715183
189385721042
189385729160
189385735264
189385742283
189385747104
189385754062
189385759311
189385766025
189385771335
189385778110
189385783542
189385790256
189385797214
189385803501
189385808322
189385815158
189385820285
189385827365
189385833591
189385837863
189385842990
189385849704
189385856662
189385863315
189385869907
189385877536
189385884067
189385888828
189385896091
189385902438
189385910617
189385915805
189385924167
189385930392
189385937656
189385945895
189385950717
189385958835
189385965182
189385971591
189385977450
189385985324
189385988315
189385996737
189386001681
189386008517
189386011386
189386020846
189386027682
189386033358
189386039523
189386046176
189386052035
189386058505
189386063754
189386069918
189386075656
189386082675
189386089083
189386094760
189386102267
189386107882
189386114901
189386122531
189386129000
189386135165
189386141757
189386148837
189386155062
189386161593
189386168307
189386175448
189386181918
189386188632
189386194796
189386201632
189386207613
189386213168
189386219210
189386225375
189386233004
189386236971
189386244295
189386249483
189386257052
189386263277
189386269076
189386276217
189386281710
189386288912
189386293978
189386299349
189386305819
189386311312
189386318697
189386324984
189386332064
189386337801
189386344942
189386351900
189386357698
189386364046
189386370882
189386377474
189386384127
189386390169
189386396822
189386402803
189386409456
189386415987
189386421846
189386429964
189386435030
189386442476
189386448458
189386453707
189386458650
189386466341
189386472994
189386480379
189386487032
189386494478
189386501924
189386509309
189386515596
189386521394
189386528291
189386533235
189386540132
189386544954
189386552339
189386558870
189386564851
189386572053
189386579072
189386586763
189386593477
189386599580
189386605623
189386614045
189386620149
189386628145
189386634370
189386639924
189386646760
189386653779
189386658906
189386666475
189386672822
189386679597
189386684419
189386691194
189386698274
189386704743
189386712007
189386719209
189386725678
189386730378
189386736665
189386743257
189386748933
189386753327
189386760591
189386767304
189386773347
189386780244
189386786286
189386791596
189386799348
189386804597
189386810639
189386817048
189386824372
189386828461
189386835541
189386840607
189386848115
189386854584
189386860383
189386868622
189386874909
189386882416
189386887421
189386896027
189386901826
189386908783
189386917084
189386923066
189386929719
189386936799
189386943024
189386948517
189386954316
189386962494
189386968171
189386975068
189386980927
189386987580
189386992524
189386998871
189387005341
189387011200
189387017731
189387024018
189387029877
189387036652
189387042328
189387048615
189387054413
189387060578
189387066437
189387072418
189387078278
189387084869
189387090973
189387097504
189387103973
189387111847
189387117767
189387123016
189387130524
189387136139
189387143036
189387149322
189387157135
189387162628
189387169891
189387177765
189387182892
189387192108
189387199554
189387206390
189387213470
189387218902
189387224395
189387231415
189387235626
189387242889
189387249176
189387255340
189387261200
189387268036
189387273101
189387279876
189387286773
189387292511
189387296722
189387304840
189387312347
189387319244
189387325347
189387330108
189387337371
189387344146
189387350433
189387355377
189387363555
189387370147
189387376190
189387381378
189387388946
189387394134
189387400604
189387407806
189387414397
189387421355
189387427459
189387434722
189387440215
189387445281
189387452788
189387459685
189387466949
189387471648
189387478911
189387488006
189387494170
189387500518
189387507720
189387514129
189387521148
189387527190
189387532317
189387539763
189387545562
189387552153
189387559111
189387567351
189387573088
189387580107
189387585479
189387592375
189387597930
189387605193
189387609893
189387617217
189387623015
189387631133
189387636016
189387642974
189387648894
189387657195
189387664092
189387671111
189387677153
189387681914
189387689726
189387694365
189387700835
189387708342
189387714751
189387721465
189387727385
189387734099
189387739958
189387744780
189387751860
189387758757
189387766325
189387772063
189387777251
189387782316
189387789641
189387794890
189387802946
189387809660
189387816923
189387824186
189387830290
189387836821
189387841948
189387849943
189387857939
189387864408
189387869963
189387877592
189387884428
189387889982
189387895780
189387903654
189387910612
189387916532
189387922148
189387929045
189387935453
189387942533
189387947782
189387955534
189387962614
189387967314
189387974088
189387980253
189387986784
189387992826
189387999418
189388004179
189388011442
189388018156
189388024076
189388028776
189388036466
189388041105
189388048978
189388055265
189388061002
189388066801
189388072355
189388077360
189388084806
189388090787
189388097928
189388106351
189388112089
189388117826
189388124784
189388130460
189388137357
189388143033
189388150602
189388156156
189388163236
189388169706
189388176053
189388182523
189388188810
189388195096
189388202787
189388209012
189388213529
189388222318
189388227139
189388233975
189388239041
189388244962
189388252408
189388258511
189388265653
189388270963
189388275845
189388282803
189388288236
189388295194
189388302457
189388307278
189388313565
189388320645
189388326077
189388333279
189388339505
189388347195
189388354397
189388359158
189388366482
189388373135
189388379178
189388385953
189388392300
189388399319
189388405728
189388411648
189388419156
189388424954
189388430874
189388437405
189388443997
189388451321
189388456631
189388462613
189388467556
189388473172
189388480557
189388486050
189388491909
189388499478
189388506863
189388513333
189388520535
189388526394
189388533901
189388540615
189388544155
189388554226
189388560757
189388568997
189388573757
189388581997
189388587673
189388596218
189388602016
189388608974
189388615261
189388620815
189388627590
189388634670
189388640224
189388648708
189388655544
189388661770
189388668423
189388674587
189388680385
189388686489
189388690883
189388697902
189388704799
189388709011
189388716213
189388722988
189388728969
189388735805
189388742031
189388748928
189388754970
189388761135
189388766628
189388771755
189388779018
189388784145
189388790798
189388798183
189388803981
189388811672
189388817043
189388822841
189388829311
189388834499
189388842067
189388847621
189388854640
189388861965
189388866603
189388873134
189388880153
189388887843
189388896083
189388902370
189388907008
189388913600
189388920009
189388925746
189388932155
189388939174
189388946376
189388952907
189388959621
189388965785
189388970973
189388978419
189388983485
189388991298
189388997401
189389003993
189389009547
189389014552
189389021083
189389026393
189389033290
189389040919
189389045924
189389052638
189389058619
189389064418
189389070582
189389076686
189389081019
189389088587
189389096766
189389102015
189389109400
189389113856
189389120753
189389125025
189389131129
189389138575
189389144862
189389150355
189389157557
189389163111
189389168726
189389175379
189389180506
189389188319
189389193873
189389200221
189389205714
189389212489
189389219447
189389224085
189389232020
189389238428
189389245447
189389251734
189389257838
189389264124
189389270533
189389277674
189389284144
189389290552
189389295252
189389303003
189389309717
189389315577
189389321985
189389328577
189389335596
189389342920
189389348413
189389355249
189389360865
189389367762
189389374353
189389382227
189389388025
189389393213
189389400965
189389408838
189389413782
189389419824
189389427576
189389435510
189389441553
189389447656
189389453272
189389459802
189389467188
189389471948
189389478357
189389485803
189389491602
189389498682
189389504480
189389513696
189389521753
189389527246
189389533288
189389540124
189389546045
189389552331
189389559228
189389566308
189389571680
189389577783
189389584680
189389590356
189389598474
189389603845
189389610864
189389619531
189389626123
189389631616
189389637658
189389645288
189389652368
189389658410
189389664392
189389670678
189389677087
189389684106
189389692102
189389698754
189389705712
189389712915
189389718225
189389726342
189389732385
189389738305
189389744897
189389751000
189389758386
189389763329
189389770165
189389776818
189389783593
189389790856
189389798119
189389804162
189389810571
189389818078
189389825158
189389831078
189389836816
189389843468
189389849084
189389855920
189389863610
189389869164
189389876366
189389881310
189389888085
189389893639
189389901940
189389909508
189389914940
189389923363
189389928551
189389934472
189389941857
189389947289
189389954491
189389961327
189389967003
189389973656
189389980309
189389987023
189389994530
189390001610
189390008263
189390015404
189390020836
189390027916
189390035912
189390040978
189390048058
189390056053
189390059593
189390065819
189390070824
189390082481
189390087181
189390095909
189390102013
189390109337
189390114708
189390123070
189390128502
189390135277
189390141563
189390148094
189390153892
189390158409
189390167625
189390175194
189390182091
189390189110
189390194542
189390201500
189390208946
189390215233
189390222130
189390228538
189390234031
189390241783
189390246666
189390253624
189390260521
189390267173
189390272789
189390278770
189390286888
189390295982
189390300743
189390310264
189390315635
189390323692
189390330467
189390337974
189390345115
189390351280
189390359275
189390366111
189390371055
189390379417
189390386314
189390392173
189390398887
189390406455
189390411521
189390418845
189390427024
189390433982
189390440879
189390447532
189390455222
189390460349
189390467429
189390475303
189390481101
189390489341
189390496482
189390502463
189390510093
189390517234
189390523337
189390529502
189390536582
189390541282
189390548606
189390554221
189390564048
189390569785
189390575278
189390582114
189390588645
189390595053
189390601523
189390609641
189390615683
189390623679
189390629294
189390637961
189390644248
189390650839
189390656943
189390664877
189390673117
189390679892
189390687827
189390694174
189390700278
189390708945
189390714926
189390723776
189390730734
189390738119
189390744467
189390749899
189390757040
189390764792
189390771689
189390778769
189390786581
189390793417
189390799826
189390808310
189390814535
189390820883
189390827169
189390834066
189390842001
189390848532
189390855062
189390862875
189390869528
189390876303
189390884787
189390890951
189390899008
189390905966
189390913717
189390920675
189390926962
189390934591
189390940878
189390948629
189390954855
189390961507
189390969198
189390974935
189390983236
189390990743
189390997823
189391004171
189391010030
189391017355
189391024557
189391031148
189391038106
189391043661
189391050313
189391056112
189391062398
189391069539
189391076803
189391083577
189391090291
189391094930
189391103231
189391109273
189391115987
189391122579
189391130269
189391138265
189391143941
189391151021
189391156819
189391165548
189391173116
189391179830
189391185201
189391191487
189391199849
189391207479
189391214498
189391221456
189391229207
189391236226
189391242452
189391249959
189391257771
189391262593
189391270223
189391277058
189391282979
189391290303
189391296284
189391304707
189391312398
189391318318
189391325886
189391332478
189391339375
189391345723
189391351582
189391358540
189391365254
189391372151
189391378254
189391384846
189391391316
189391398701
189391404866
189391410481
189391416707
189391424824
189391431050
189391438374
189391446614
189391453511
189391459919
189391467793
189391475178
189391482807
189391489460
189391496845
189391503376
189391510517
189391517719
189391524311
189391532307
189391538899
189391546101
189391552448
189391558796
189391566486
189391571125
189391578327
189391583271
189391590107
189391597614
189391602741
189391612080
189391618305
189391626118
189391633259
189391639301
189391645588
189391650410
189391658039
189391663105
189391674213
189391680927
189391687885
189391695575
189391701801
189391709308
189391714191
189391724140
189391730976
189391739277
189391745807
189391752765
189391760395
189391768573
189391776081
189391781818
189391789813
189391797138
189391802936
189391810260
189391817279
189391823627
189391830097
189391838336
189391844745
189391851703
189391857562
189391865009
189391871967
189391876422
189391883075
189391891803
189391897113
189391905902
189391912738
189391919696
189391927081
189391933429
189391939166
189391945697
189391953631
189391960040
189391965350
189391973407
189391980609
189391987933
189391993365
189392000934
189392007403
189392014361
189392022296
189392029010
189392036395
189392044696
189392050616
189392058734
189392065448
189392073138
189392077655
189392087786
189392093768
189392100299
189392107012
189392113116
189392119402
189392125811
189392132830
189392140948
189392146380
189392153643
189392161395
189392166583
189392172686
189392178484
189392186480
189392193743
189392199541
189392207903
189392213885
189392223345
189392229265
189392236040
189392241289
189392249712
189392256487
189392262530
189392270464
189392278093
189392283709
189392292376
189392298418
189392304339
189392311724
189392317888
189392326006
189392332720
189392338030
189392347612
189392352373
189392359636
189392366106
189392372637
189392378313
189392384966
189392390398
189392397173
189392404253
189392410417
189392416338
189392421831
189392429399
189392436052
189392442095
189392448930
189392453569
189392462236
189392467851
189392474748
189392480730
189392487566
189392494279
189392499101
189392507463
189392512834
189392521745
189392528642
189392535661
189392541826
189392547990
189392554826
189392562272
189392570146
189392576616
189392583268
189392589494
189392595781
189392602495
189392609086
189392616472
189392622514
189392628984
189392633439
189392639543
189392646623
189392653703
189392660112
189392666642
189392673356
189392678788
189392685319
189392692216
189392696488
189392704545
189392709489
189392716630
189392722245
189392729325
189392737016
189392745072
189392752152
189392757218
189392763566
189392769914
189392775956
189392782731
189392790482
189392798234
189392804459
189392811234
189392816544
189392823502
189392828629
189392836930
189392844742
189392851700
189392857560
189392863602
189392870377
189392875931
189392884354
189392891129
189392901322
189392907914
189392914078
189392920792
189392928605
189392935746
189392942582
189392949845
189392958145
189392964127
189392970352
189392977982
189392985550
189392990982
189392997940
189393002823
189393009720
189393018082
189393025467
189393033341
189393039688
189393046585
189393053177
189393059341
189393066971
189393073257
189393080826
189393088028
189393095352
189393101517
189393109817
189393117203
189393124100
189393131363
189393138565
189393144485
189393151748
189393157913
189393164932
189393172439
189393179275
189393186233
189393193069
189393200149
189393207901
189393215164
189393221023
189393226394
189393234451
189393240921
189393248245
189393255325
189393263443
189393270584
189393275833
189393282913
189393289566
189393295120
189393302078
189393309768
189393316177
189393323928
189393330520
189393338577
189393346816
189393354141
189393360549
189393366836
189393374282
189393381362
189393387771
189393396133
189393404128
189393409316
189393416457
189393422805
189393427383
189393434646
189393441482
189393448623
189393455092
189393462172
189393469863
189393477187
189393483291
189393489516
189393495742
189393502150
189393508315
189393516311
189393522475
189393532058
189393538039
189393545729
189393552321
189393559279
189393564894
189393571303
189393579177
189393586318
189393594985
189393602675
189393607619
189393614760
189393623488
189393628859
189393636305
189393641982
189393649184
189393656813
189393662428
189393669875
189393674452
189393681105
189393688429
189393695387
189393701796
189393707777
189393715346
189393722182
189393729140
189393734694
189393741163
189393747084
189393753370
189393762282
189393768263
189393775221
189393781202
189393787794
189393793470
189393796644
189393806227
189393813124
189393819227
189393825453
189393832289
189393837843
189393844679
189393848890
189393857679
189393863722
189393868910
189393876905
189393883009
189393888014
189393894361
189393901808
189393908766
189393915052
189393921583
189393927931
189393933729
189393938673
189393946180
189393952589
189393958387
189393964613
189393971815
189393977430
189393984327
189393991346
189393996412
189394004102
189394009534
189394016736
189394023023
189394028638
189394034925
189394043165
189394050123
189394056653
189394063794
189394070508
189394078016
189394086072
189394091749
189394099439
189394106641
189394116407
189394122937
189394128980
189394137159
189394142774
189394150281
189394158765
189394164746
189394170362
189394177747
