189538905709
189538910714
189538916207
189538920479
189538927804
189538933358
189538939766
189538945321
189538951790
189538957161
189538963265
189538968819
189538974678
189538981697
189538988045
189538993416
189539001473
189539008431
189539015877
189539023384
189539030159
189539037850
189539043282
189539050118
189539057198
189539064705
189539073189
189539079475
189539087227
189539094185
189539100105
189539107979
189539116463
189539122688
189539129585
189539136482
189539142952
189539152046
189539159798
189539165718
189539171211
189539180916
189539187324
189539193977
189539200386
189539210335
189539216377
189539223762
189539230110
189539236702
189539242195
189539249885
189539258857
189539266059
189539273017
189539276863
189539285713
189539294319
189539301582
189539309333
189539317024
189539324287
189539331916
189539339118
189539346931
189539353828
189539362922
189539369575
189539375251
189539382942
189539389350
189539397529
189539405219
189539414191
189539420905
189539426337
189539434699
189539441474
189539449042
189539457526
189539462775
189539470954
189539478217
189539484443
189539490241
189539498786
189539507453
189539514228
189539520759
189539527900
189539534797
189539542121
189539549018
189539558112
189539565863
189539572211
189539579962
189539586493
189539592902
189539599738
189539607428
189539614569
189539620368
189539628607
189539636664
189539643378
189539650031
189539658209
189539667181
189539673590
189539681036
189539688849
189539694586
189539702399
189539709967
189539717413
189539724066
189539731268
189539738959
189539746283
189539753546
189539762152
189539769781
189539775946
189539784369
189539791205
189539798041
189539805182
189539810736
189539819403
189539825384
189539833380
189539840582
189539847296
189539853033
189539862188
189539871038
189539877874
189539885260
189539892095
189539899176
189539906683
189539913030
189539919317
189539927862
189539933599
189539941473
189539948309
189539954839
189539961858
189539968878
189539978094
189539987127
189539995611
189540004095
189540011541
189540018865
189540026556
189540034856
189540042913
189540052190
189540059881
189540066778
189540072820
189540082647
189540092351
189540100774
189540109746
189540114446
189540125676
189540135137
189540142034
189540150640
189540158391
189540167241
189540174504
189540182805
189540190007
189540196172
189540208135
189540215703
189540221379
189540230046
189540237981
189540247258
189540251714
189540261907
189540269109
189540276616
189540286748
189540291264
189540301030
189540309392
189540317448
189540324528
189540330998
189540340764
189540349309
189540357060
189540365300
189540372624
189540380803
189540389165
189540397770
189540403935
189540409916
189540421208
189540428593
189540436222
189540443730
189540450261
189540458989
189540469059
189540476261
189540483830
189540492131
189540501896
189540509464
189540516972
189540525517
189540531864
189540540409
189540548527
189540556156
189540563175
189540570927
189540578800
189540585636
189540594181
189540602909
189540611515
189540618168
189540627506
189540634952
189540642216
189540649845
189540656986
189540666141
189540674137
189540682316
189540691349
189540699466
189540705143
189540714481
189540722782
189540729740
189540738590
189540746708
189540753543
189540761966
189540768985
189540777774
189540782901
189540791507
189540799320
189540808353
189540815921
189540823673
189540830997
189540839115
189540847354
189540853458
189540861026
189540869998
189540877261
189540884952
189540892886
189540899783
189540906497
189540914676
189540921695
189540929080
189540935428
189540941409
189540950076
189540959415
189540965762
189540974063
189540982181
189540989566
189540996951
189541003665
189541011538
189541020266
189541026187
189541033999
189541042422
189541049014
189541056094
189541064151
189541071475
189541077151
189541085452
189541092898
189541099673
189541107546
189541115603
189541122805
189541130435
189541137454
189541143984
189541151797
189541160098
189541165835
189541172793
189541179934
189541186343
189541192141
189541197207
189541206057
189541214175
189541220888
189541227663
189541234377
189541240908
189541244875
189541252688
189541258852
189541267214
189541273440
189541279665
189541285952
189541290712
189541298098
189541304384
189541311403
189541318911
189541324831
189541329653
189541335451
189541343264
189541349306
189541355776
189541362001
189541369142
189541373720
189541382326
189541388735
189541396059
189541403444
189541408144
189541414614
189541419130
189541427492
189541432314
189541437746
189541444643
189541450685
189541458437
189541467226
189541473024
189541479005
189541485841
189541493410
189541497011
189541505678
189541513063
189541517152
189541524049
189541528383
189541537355
189541543031
189541548402
189541555849
189541559938
189541566591
189541574647
189541581605
189541587465
189541592592
189541598939
189541604554
189541610048
189541618715
189541624452
189541630616
189541638551
189541644532
189541652345
189541658998
189541664979
189541672792
189541678224
189541683351
189541690675
189541696595
189541701600
189541710389
189541716737
189541722596
189541728211
189541735108
189541740540
189541747926
189541754823
189541760072
189541766847
189541772035
189541776307
189541783265
189541788819
189541795228
189541803406
189541809754
189541815003
189541820863
189541826295
189541832459
189541839234
189541844178
189541851807
189541857422
189541863953
189541869324
189541874756
189541881043
189541889588
189541896668
189541900513
189541907898
189541912659
189541920777
189541925660
189541932434
189541940186
189541946228
189541951233
189541956787
189541962769
189541967408
189541974121
189541980164
189541989136
189541995423
189542001221
189542007569
189542013367
189542018494
189542024475
189542031311
189542037232
189542042908
189542049622
189542054688
189542060059
189542065674
189542073303
189542079895
189542086426
189542091309
189542098389
189542103027
189542109619
189542116699
189542122620
189542128174
189542133911
189542140320
189542147583
189542153686
189542160888
189542167236
189542173401
189542180664
189542186279
189542192444
189542199524
189542206726
189542213012
189542219116
189542223938
189542230896
189542235656
189542242920
189542250000
189542256591
189542262573
189542268798
189542274719
189542279663
189542285583
189542292236
189542299865
189542305602
189542310485
189542315673
189542322692
189542327575
189542335754
189542341125
189542348205
189542353820
189542361266
189542367248
189542373962
189542378722
189542387634
189542393188
189542398681
189542405639
189542410400
189542417235
189542425475
189542431640
189542438232
189542443664
189542451171
189542456054
189542462218
189542470458
189542476378
189542483092
189542488402
189542494689
189542500365
189542506469
189542512816
189542520751
189542528014
189542533812
189542540038
189542545775
189542552184
189542559020
189542564879
189542569213
189542575988
189542580748
189542588378
189542594664
189542600340
189542606078
189542612486
189542618468
189542624388
189542630736
189542635558
189542642821
189542650755
189542656493
189542660094
189542668944
189542674315
189542680113
189542686766
189542692747
189542698973
189542703795
189542710997
189542718260
189542724119
189542733092
189542738219
189542744627
189542749632
189542757384
189542764036
189542770079
189542775694
189542780943
189542789915
189542795042
189542801451
189542805540
189542810850
189542817930
189542826231
189542833616
189542840086
189542845823
189542849241
189542857603
189542862608
189542868528
189542874815
189542880918
189542886717
189542892576
189542898313
189542902586
189542910215
189542917295
189542924925
189542930479
189542936216
189542942442
189542948240
189542953977
189542959898
189542966734
189542971372
189542979185
189542982359
189542989194
189542995359
189543001463
189543008482
189543014951
189543020811
189543027097
189543033018
189543037656
189543044736
189543051084
189543056943
189543063352
189543068967
189543075254
189543081601
189543087583
189543094480
189543100522
189543104062
189543112241
189543118772
189543124631
189543130613
189543139768
189543146604
189543150937
189543157529
189543163388
189543170896
189543177243
189543183835
189543190488
189543196958
189543203122
189543209836
189543215756
189543221127
189543229672
189543236386
189543241696
189543249570
189543252561
189543260434
189543265561
189543271481
189543278745
189543284543
189543291867
189543297726
189543303220
189543310910
189543319150
189543326108
189543332089
189543338681
189543344418
189543349728
189543356076
189543360959
189543368710
189543375851
189543382565
189543388608
189543395932
189543401242
189543410519
189543417050
189543423153
189543428646
189543437008
189543441281
189543449154
189543455258
189543462399
189543467709
189543473141
189543479977
189543485897
189543492733
189543498104
189543506344
189543512570
189543518063
189543524716
189543530514
189543535824
189543542172
189543549618
189543553646
189543560970
189543567562
189543573483
189543581112
189543586483
189543593563
189543601376
189543606502
189543612484
189543618343
189543625179
189543629879
189543639217
189543644527
189543649471
189543654903
189543660763
189543666988
189543673458
189543681453
189543686275
189543693660
189543699642
189543706539
189543712642
189543719234
189543725399
189543731746
189543739437
189543745540
189543751216
189543758235
189543763668
189543772579
189543777523
189543785091
189543792232
189543798335
189543804134
189543810787
189543818477
189543821590
189543830074
189543833247
189543842098
189543847041
189543855586
189543861995
189543866512
189543875423
189543881953
189543888362
189543894649
189543902583
189543908260
189543915095
189543920833
189543925471
189543931331
189543937556
189543942256
189543950801
189543955989
189543961360
189543966853
189543973750
189543978999
189543985713
189543992061
189543999812
189544004878
189544011348
189544016902
189544022578
189544031672
189544037715
189544044734
189544049922
189544057002
189544061518
189544069636
189544077449
189544083918
189544090144
189544095759
189544100581
189544106318
189544111689
189544117610
189544127558
189544132563
189544139460
189544145075
189544150935
189544156916
189544164790
189544171137
189544176081
189544183833
189544191340
189544197321
189544202631
189544208735
189544215632
189544222163
189544228998
189544235102
189544240595
189544246515
189544252985
189544259821
189544266047
189544273066
189544278132
189544283381
189544288813
189544296137
189544300837
189544307123
189544314997
189544322077
189544328363
189544335321
189544341547
189544348566
189544353693
189544360895
189544368524
189544374994
189544379877
189544386591
189544393793
189544400202
189544405695
189544410883
189544417780
189544423578
189544430780
189544437128
189544443048
189544448969
189544456171
189544461420
189544468134
189544476312
189544482355
189544489313
189544494989
189544502130
189544508356
189544514947
189544520868
189544528375
189544534967
189544540460
189544545587
189544551874
189544556817
189544563775
189544571283
189544577936
189544583001
189544588556
189544594049
189544599847
189544608087
189544614312
189544619073
189544626947
189544632013
189544637262
189544644708
189544650323
189544659051
189544666192
189544672174
189544677972
189544683953
189544691522
189544698480
189544704400
189544711175
189544716485
189544722466
189544728082
189544733270
189544739312
189544746819
189544752557
189544759026
189544765496
189544771844
189544775506
189544784966
189544792535
189544797051
189544803216
189544809746
189544815789
189544822930
189544830376
189544837639
189544844903
189544850030
189544856438
189544862908
189544869072
189544875603
189544880608
189544887810
189544894524
189544900811
189544907036
189544914971
189544920525
189544927483
189544934441
189544941704
189544947380
189544953240
189544959038
189544965691
189544972222
189544980095
189544985344
189544992180
189544997612
189545004814
189545013909
189545019829
189545028740
189545033989
189545042168
189545047661
189545054619
189545062004
189545067131
189545074150
189545081779
189545087395
189545093864
189545101311
189545104851
189545112053
189545119865
189545126274
189545133232
189545139702
189545146232
189545151298
189545158378
189545162712
189545171806
189545179008
189545185722
189545191581
189545197441
189545206047
189545214286
189545219474
189545226921
189545233879
189545239189
189545245842
189545252372
189545258171
189545267387
189545275016
189545281242
189545287712
189545294547
189545299491
189545307060
189545314567
189545317985
189545325919
189545329398
189545337150
189545345451
189545351615
189545359794
189545364677
189545372550
189545376029
189545385062
189545392326
189545398002
189545406425
189545411735
189545420157
189545426322
189545432853
189545438712
189545445426
189545453238
189545459830
189545465812
189545471244
189545479422
189545486075
189545493155
189545500052
189545506705
189545514029
189545519339
189545526053
189545530936
189545539420
189545545279
189545551993
189545559500
189545564749
189545571829
189545577078
189545584403
189545590628
189545597952
189545603690
189545610953
189545617117
189545622244
189545630972
189545637503
189545645804
189545652396
189545659598
189545665823
189545671133
189545679007
189545685904
189545691702
189545699210
189545706229
189545711722
189545716971
189545725210
189545732290
189545738150
189545745840
189545751883
189545758108
189545763785
189545770804
189545776236
189545784781
189545791311
189545798086
189545804495
189545810781
189545818472
189545825552
189545832327
189545839224
189545846182
189545851980
189545858694
189545865347
189545871206
189545878530
189545885122
189545891165
189545896719
189545904714
189545909597
189545915701
189545923513
189545929311
189545936575
189545943777
189545949880
189545956655
189545963369
189545969534
189545974783
189545982900
189545990102
189545996084
189546003286
189546011343
189546017629
189546025381
189546031301
189546037893
189546044912
189546052114
189546059621
189546067251
189546074148
189546080617
189546088552
189546094045
189546102346
189546109060
189546115468
189546121144
189546127065
189546134206
189546139516
189546147451
189546153920
189546160756
189546167104
189546172841
189546177480
189546183156
189546190663
189546198537
189546205007
189546210378
189546216420
189546222279
189546230641
189546236134
189546245717
189546252370
189546259755
189546265187
189546271901
189546278432
189546283681
189546291127
189546297047
189546305165
189546311207
189546317738
189546325062
189546331166
189546337575
189546344105
189546351613
189546357167
189546364674
189546369862
189546376759
189546385060
189546392689
189546398243
189546405568
189546411854
189546417897
189546424122
189546431263
189546436695
189546446583
189546453175
189546459584
189546466236
189546472340
189546478565
189546483937
189546492665
189546498463
189546504933
189546510182
189546517750
189546525257
189546531727
189546539600
189546545094
189546553028
189546559925
189546566944
189546573841
189546582386
189546589161
189546594837
189546603077
189546609730
189546616016
189546622547
189546630359
189546636280
189546642139
189546651294
189546657703
189546664417
189546671253
189546677906
189546686023
189546693042
189546699085
189546704944
189546711780
189546717090
189546724353
189546731983
189546739368
189546745533
189546751636
189546757984
189546765369
189546770313
189546777820
189546785205
189546791187
189546799121
189546805530
189546812000
189546817493
189546825488
189546832874
189546838794
189546845020
189546849658
189546858142
189546863513
189546870837
189546876575
189546881580
189546888538
189546893359
189546900806
189546907580
189546915576
189546921374
189546927661
189546933154
189546939075
189546944385
189546952136
189546957263
189546964709
189546970202
189546975634
189546981616
189546988391
189546996814
189547002734
189547010058
189547015063
189547022143
189547026294
189547034594
189547040881
189547048205
189547054980
189547059252
189547065966
189547071215
189547078234
189547084826
189547091418
189547098010
189547103869
189547109362
189547115466
189547122057
189547126147
189547135790
189547141100
189547146777
189547152636
189547158495
189547164782
189547169787
189547178759
189547182177
189547190050
189547193407
189547202746
189547208605
189547214770
189547220324
189547226977
189547232775
189547238695
189547244127
189547250170
189547255968
189547262560
189547268847
189547276415
189547282702
189547288134
189547294359
189547300646
189547305773
189547314867
189547320055
189547325792
189547332628
189547338549
189547344835
189547352526
189547358568
189547363939
189547372301
189547378710
189547386034
189547392504
189547397691
189547404466
189547410570
189547416063
189547422777
189547429002
189547434801
189547442491
189547448534
189547455370
189547461107
189547466539
189547473314
189547480638
189547487230
189547493455
189547497972
189547504564
189547510179
189547515672
189547522386
189547529283
189547535692
189547542344
189547548936
189547553270
189547559678
189547564561
189547571885
189547576402
189547586168
189547590928
189547595811
189547601060
189547606309
189547613145
189547621751
189547628831
189547635301
189547641160
189547646775
189547652024
189547658677
189547664170
189547671372
189547676744
189547683091
189547688706
189547694383
189547699387
189547705308
189547712571
189547718552
189547725388
189547731126
189547738389
189547742478
189547749314
189547754136
189547762803
189547765916
189547774033
189547778306
189547795640
189547802231
189547808701
189547816758
189547821580
189547827500
189547833054
189547840867
189547847703
189547853501
189547859360
189547865403
189547871567
189547877976
189547883957
189547888596
189547896592
189547903000
189547909470
189547916123
189547921616
189547929428
189547936142
189547944443
189547948166
189547955551
189547961533
189547967209
189547974899
189547980454
189547989060
189547992050
189547999313
189548005844
189548011704
189548017746
189548024643
189548032211
189548037399
189548045273
189548049789
189548058578
189548063644
189548072067
189548078232
189548085373
189548092575
189548097763
189548103317
189548110580
189548116257
189548123520
189548131271
189548136520
189548143661
189548147751
189548153976
189548159103
189548168380
189548173629
189548181015
189548185836
189548192917
189548198776
189548206100
189548212997
189548219223
189548225936
189548232406
189548238693
189548244125
189548249618
189548257980
189548263656
189548269210
189548276718
189548283187
189548290145
189548295211
189548304122
189548307723
189548316207
189548322311
189548328048
189548334274
189548341415
189548347335
189548351852
189548360152
189548365890
189548373336
189548378341
189548384261
189548392318
189548398543
189548405562
189548410628
189548416549
189548422835
189548430037
189548435897
189548441817
189548446883
189548452865
189548458785
189548466475
189548471480
189548480269
189548486434
189548492293
189548498336
189548504012
189548509322
189548517867
189548523787
189548528182
189548537215
189548543135
189548548934
189548553450
189548561324
189548568465
189548574324
189548580000
189548587142
189548593062
189548600142
189548606551
189548611800
189548618941
189548625288
189548632552
189548638533
189548644392
189548651533
189548658064
189548664900
189548669661
189548678389
189548683028
189548688826
189548694868
189548702681
189548707747
189548712568
189548720076
189548725081
189548731856
189548739546
189548745527
189548751631
189548757490
189548764509
189548770796
189548776716
189548781721
189548790205
189548795210
189548800093
189548805342
189548812422
189548817976
189548825788
189548833052
189548839521
189548845564
189548850019
189548856794
189548861494
189548868635
189548876997
189548883039
189548889204
189548894026
189548899580
189548905195
189548910993
189548917036
189548925703
189548929609
189548937421
189548943586
189548949262
189548956586
189548964521
189548970869
189548977277
189548983320
189548987836
189548994245
189548998395
189549005292
189549011579
189549019391
189549024518
189549030134
189549036359
189549042219
189549048749
189549055402
189549062909
189549069257
189549075055
189549080854
189549086469
189549092267
189549097577
189549102887
189549111371
189549117047
189549121503
189549128278
189549133039
189549140485
189549149335
189549155133
189549161786
189549165753
189549173871
189549178266
189549185834
189549191144
189549198529
189549203046
189549210187
189549216168
189549221661
189549228192
189549235455
189549241315
189549247296
189549254926
189549261273
189549266095
189549272259
189549280255
189549286786
189549292096
189549298260
189549304120
189549311383
189549317120
189549324811
189549331585
189549335248
189549343243
189549350811
189549355023
189549362408
189549368084
189549375592
189549381512
189549386517
189549392437
189549397259
189549404461
189549412213
189549418194
189549424725
189549430279
189549435772
189549441265
189549448101
189549455731
189549460980
189549468121
189549473553
189549481060
189549486920
189549491741
189549498211
189549506756
189549512676
189549518108
189549524090
189549529949
189549536297
189549543194
189549550762
189549556805
189549563641
189549567425
189549576763
189549584453
189549591106
189549596599
189549601726
189549611004
189549618816
189549625103
189549630535
189549636333
189549644024
189549649273
189549656597
189549662151
189549667156
189549673992
189549680767
189549687358
189549692485
189549700481
189549706340
189549712383
189549718792
189549727214
189549733257
189549739543
189549746257
189549753093
189549757305
189549763469
189549771831
189549779399
189549785014
189549792583
189549798625
189549803325
189549811076
189549818950
189549824992
189549831889
189549837444
189549843242
189549849345
189549853618
189549861064
189549867900
189549874553
189549880473
189549886516
189549891948
189549897929
189549905803
189549913005
189549917766
189549924540
189549931376
189549938640
189549945414
189549949931
189549957744
189549963054
189549969951
189549976542
189549982707
189549988078
189549995341
189550001567
189550008158
189550013163
189550019206
189550024577
189550029704
189550035319
189550043009
189550047404
189550054789
189550059733
189550067301
189550073832
189550080119
189550086466
189550092509
189550098979
189550104960
189550110697
189550115214
189550121012
189550128886
189550135905
189550141337
189550146708
189550153239
189550158671
189550164042
189550171976
189550179911
189550183817
189550190958
189550197977
189550203287
189550206339
189550213358
189550220682
189550227640
189550234293
189550238627
189550245585
189550250040
189550256327
189550261393
189550269571
189550276285
189550282022
189550288370
189550294413
189550299417
189550305582
189550313089
189550318949
189550325113
189550330728
189550337564
189550343119
189550349161
189550355936
189550362161
189550369180
189550374063
189550380594
189550386453
189550392679
189550399942
189550406534
189550413248
189550417703
189550425150
189550431436
189550437540
189550444925
189550451822
189550458414
189550462808
189550469522
189550473855
189550480875
189550486917
189550495279
189550500345
189550506204
189550513528
189550518899
189550525796
189550532205
189550538858
189550546548
189550552530
189550559060
189550565347
189550571878
189550576577
189550584573
189550590554
189550595437
189550602151
189550608194
189550613931
189550619180
189550628274
189550631692
189550639627
189550645730
189550652749
189550657510
189550665811
189550671731
189550676553
189550683999
189550686868
189550694131
189550701028
189550708108
189550713479
189550720010
189550726479
189550731545
189550740029
189550746560
189550753457
189550760354
189550764443
189550774087
189550780678
189550787148
189550793923
189550799538
189550806557
189550814248
189550818947
189550826211
189550832314
189550841286
189550848122
189550854409
189550862282
189550867592
189550874916
189550881081
189550888039
189550894814
189550901833
189550908913
189550914284
189550922463
189550927773
189550935219
189550941078
189550948830
189550955422
189550961281
189550967934
189550974770
189550981117
189550986977
189550995155
189551001320
189551008766
189551014259
189551019936
189551029030
189551035377
189551041664
189551049355
189551056862
189551063759
189551071022
189551077553
189551084083
189551090858
189551097023
189551103126
189551111854
189551115761
189551124367
189551131996
189551139198
189551144569
189551150734
189551157631
189551164100
189551169105
189551175819
189551182350
189551187538
189551194618
189551199867
189551207130
189551211219
189551220008
189551226844
189551233558
189551238990
189551243507
189551251502
189551256751
189551264503
189551269874
189551278480
189551285377
189551291724
189551298133
189551304542
189551311195
189551318763
189551325050
189551333472
189551339759
189551346839
189551353431
189551359046
189551366859
189551374122
189551380286
189551386085
189551392249
189551396583
189551404395
189551410987
189551418738
189551427100
189551433326
189551438758
189551445838
189551452002
189551459205
189551467994
189551474524
189551480811
189551488135
189551496375
189551503333
189551510291
189551517310
189551523535
189551530005
189551535681
189551541663
189551547827
189551553748
189551561804
189551569129
189551576392
189551582678
189551587744
189551595129
189551602026
189551607886
189551615149
189551621985
189551628333
189551635229
189551642126
189551648596
189551657324
189551663428
189551670508
189551676306
189551683752
189551692175
189551700049
189551706885
189551714087
189551721411
189551727636
189551733374
189551741430
189551747595
189551753210
189551761206
189551766333
189551772436
189551780737
189551788000
189551794653
189551801001
189551806921
189551813085
189551818823
189551824072
189551831579
189551838476
189551846350
189551852575
189551859533
189551865515
189551872778
189551879553
189551885839
189551892004
189551900488
189551905309
189551913061
189551918371
189551926305
189551933813
189551940893
189551946630
189551952673
189551957860
189551963598
189551969823
189551977636
189551984533
189551989843
189551996129
189552001134
189552008153
189552014501
189552021032
189552027501
189552033788
189552041173
189552048620
189552055089
189552062658
189552069921
189552077794
189552082799
189552088781
189552095311
189552101781
189552107457
189552115392
189552122167
189552128820
189552135716
189552142125
189552148107
189552154698
189552161168
189552167516
189552174291
189552179356
189552186803
189552190587
189552198521
189552204808
189552211522
189552219029
189552225011
189552231908
189552238499
189552244664
189552250096
189552257970
189552265355
189552271214
189552278783
189552285313
189552291417
189552298314
189552305028
189552312596
189552318577
189552323399
189552329686
189552334569
189552342259
189552346165
189552355198
189552362217
189552368443
189552374241
189552380772
189552386570
189552391880
189552400303
189552408421
189552414768
189552420811
189552427403
189552434727
189552440159
189552447117
189552454319
189552461704
189552466953
189552474400
189552481053
189552487766
189552491673
189552499729
189552507542
189552514072
189552519810
189552526279
189552532078
189552539036
189552544163
189552550877
189552557346
189552563267
189552569919
189552574253
189552582737
189552586338
189552594761
189552601475
189552608127
189552616306
189552620212
189552630039
189552636753
189552644993
189552653415
189552657200
189552665928
189552669651
189552677829
189552684360
189552691562
189552697544
189552704441
189552711643
189552717929
189552724216
189552730686
189552738071
189552744174
189552749301
189552756870
189552763767
189552770603
189552776828
189552784091
189552791782
189552795383
189552804355
189552809543
189552816745
189552824619
189552830417
189552838290
189552843600
189552851291
189552855441
189552864963
189552871127
189552877658
189552884372
189552891757
189552897677
189552902560
189552910190
189552915744
189552923495
189552930697
189552937045
189552942233
189552948031
189552953769
189552960543
189552966403
189552973666
189552980807
189552987948
189552994113
189552999423
189553006442
189553013827
189553020663
189553026766
189553032809
189553042086
189553049166
189553053988
189553060580
189553069247
189553077303
189553084017
189553091525
189553096407
189553103793
189553109896
189553116732
189553124606
189553130587
189553138827
189553145113
189553151095
189553156771
189553163302
189553171419
189553176485
189553184664
189553190951
189553197115
189553205111
189553212923
189553219515
189553225863
189553232576
189553238863
189553245394
189553252047
189553259432
189553267244
189553273409
189553279634
189553285982
189553292147
189553298372
189553305513
189553311861
189553318758
189553324251
189553330538
189553336397
189553341829
189553350923
189553359224
189553365877
189553370760
189553376619
189553382600
189553388521
189553394685
189553403352
189553410127
189553415620
189553424532
189553428682
189553437837
189553443208
189553450960
189553463045
189553469453
189553476900
189553480562
189553488984
189553495149
189553501741
189553510103
189553515169
189553523286
189553528840
189553534456
189553540315
189553547334
189553553926
189553560029
189553568147
189553574922
189553580964
189553587983
189553595002
189553603913
189553610810
189553617158
189553623567
189553630403
189553638032
189553643708
189553651948
189553657197
189553664826
189553671418
189553677888
189553683930
189553689484
189553696565
189553703706
189553709687
189553715485
189553722321
189553727448
189553735993
189553743745
189553749848
189553755891
189553761140
189553768342
189553776459
189553782990
189553790070
189553795380
189553802582
189553809907
189553816926
189553821137
189553830292
189553837555
189553844452
189553851593
189553857758
189553865326
189553870758
189553878266
189553885407
189553891388
189553897919
189553904084
189553909760
189553914521
189553922333
189553930084
189553936127
189553942475
189553948944
189553955658
189553960358
189553968048
189553975372
189553981232
189553989960
189553996552
189554003937
189554009979
189554017975
189554024872
189554031036
189554038483
189554046356
189554053009
189554058868
189554067474
189554074249
189554081146
189554088959
189554095733
189554101715
189554105438
189554113250
189554121124
189554127411
189554133514
189554138824
189554146820
189554154205
189554162872
189554169159
189554174041
189554181549
189554187286
189554195526
189554202484
189554209686
189554217132
189554223846
189554229888
189554235198
189554242401
189554249420
189554256744
189554262847
189554269744
189554276092
189554281280
189554288970
189554294830
189554301727
189554307952
189554313750
189554321075
189554326141
189554333404
189554341216
189554348785
189554354400
189554360747
189554369353
189554374785
189554382659
189554389312
189554396697
189554403472
189554410857
189554417144
189554422515
189554430632
189554438445
189554443694
189554452300
189554459197
189554463897
189554470183
189554476226
189554481658
189554489470
189554496123
189554502593
189554508574
189554514434
189554521330
189554526030
189554533537
189554538664
189554547026
189554554900
189554560515
189554568511
189554573882
189554582304
189554589446
189554595671
189554602324
189554608488
189554615507
189554620329
189554627104
189554634367
189554640776
189554646025
189554653593
189554657377
189554666411
189554672148
189554678679
189554684111
189554690031
189554696379
189554702849
189554709196
189554716032
189554723234
189554728544
189554735624
189554741850
189554747892
189554754240
189554760649
189554767668
189554773405
189554781462
189554786405
189554793913
189554798551
189554806303
189554811796
189554817961
189554823698
189554831449
189554838468
189554844877
189554850919
189554857084
189554863493
189554868742
189554876737
189554882963
189554889494
189554895780
189554901884
189554909025
189554917448
189554924711
189554930997
189554937345
189554941007
189554950162
189554956937
189554962614
189554971097
189554975187
189554983182
189554988370
189554996366
189555003324
189555011014
189555018033
189555023099
189555030301
189555035245
189555042386
189555046964
189555054227
189555061307
189555067899
189555074002
189555079984
189555086026
189555092313
189555098355
189555105496
189555111722
189555117215
189555124967
189555131680
189555138028
189555144071
189555151456
189555159390
189555164700
189555174161
189555179898
189555186795
189555193814
189555200406
189555209500
189555216092
189555222256
189555227811
189555233670
189555241727
189555248196
189555254605
189555261258
189555267300
189555274624
189555280301
189555286282
189555290921
189555299832
189555305813
189555312405
189555319302
189555323697
189555330533
189555336880
189555345425
189555350552
189555356045
189555363064
189555367092
189555374112
189555381253
189555388638
189555394436
189555399868
189555406582
189555412014
189555419338
189555426113
189555432705
189555437344
189555444790
189555450771
189555455959
189555463223
189555468472
189555476772
189555480434
189555489346
189555495693
189555503017
189555507656
189555515957
189555521816
189555528896
189555535061
189555539760
189555544887
189555550930
189555555935
189555565639
189555569057
189555576931
189555583034
189555588772
189555594814
189555601223
189555608852
189555614223
189555621181
189555626125
189555632778
189555639431
189555645351
189555652370
189555659084
189555664455
189555670558
189555675930
189555682277
189555689357
189555694179
189555702846
189555708705
189555714504
189555720851
189555726955
189555733119
189555738063
189555745204
189555749294
189555757900
189555764858
189555771327
189555777614
189555782924
189555790065
189555796657
189555803737
189555809230
189555814906
189555822353
189555826015
189555835231
189555841395
189555847072
189555851649
189555857509
189555864284
189555869411
189555877284
189555884608
189555890407
189555896632
189555902125
189555907313
189555914271
189555920802
189555925807
189555933925
189555939662
189555944667
189555951686
189555960048
189555966029
189555973475
189555979518
189555986415
189555991114
189555996607
189556004359
189556010157
189556015772
189556021327
189556028224
189556031886
189556038722
189556045435
189556053065
189556058619
189556065943
189556071864
189556077418
189556083643
189556089381
189556096033
189556102076
189556107325
189556112940
189556119227
189556124232
189556131251
189556137171
189556144251
189556150538
189556154993
189556162806
189556167078
189556174341
189556180872
189556188013
189556195154
189556200647
189556206385
189556211756
189556217798
189556225794
189556232691
189556235682
189556244532
189556250330
189556256861
189556262659
189556269007
189556278101
189556284937
189556290735
189556297937
189556302027
189556309046
189556316553
189556322901
189556329675
189556333765
189556341089
189556345178
189556352503
189556358423
189556367151
189556374109
189556379785
189556386682
189556394128
189556398584
189556405237
189556411462
189556418481
189556422937
189556431665
189556437585
189556443689
189556449365
189556456018
189556463464
189556467431
189556475122
189556479944
189556487268
189556492212
189556499719
189556506372
189556511621
189556516931
189556522363
189556528100
189556536828
189556545007
189556551171
189556556909
189556560388
189556569604
189556575647
189556582116
189556587915
189556594750
189556601586
189556605615
189556612023
189556617272
189556623254
189556632165
189556638207
189556645165
189556650964
189556656823
189556662194
189556669335
189556676232
189556686059
189556689599
189556696191
189556702904
189556707726
189556712914
189556718896
189556725365
189556731286
189556739525
189556745507
189556752770
189556757958
189556764367
189556771264
189556776269
189556783898
189556790429
189556797997
189556804039
189556808739
189556816735
189556823693
189556829308
189556836327
189556842369
189556847496
189556857628
189556863366
189556869591
189556875084
189556881859
189556886193
189556893822
189556898888
189556906883
189556912377
189556917565
189556923119
189556930077
189556935631
189556943077
189556949669
189556955528
189556961693
189556969017
189556973900
189556980614
189556988548
189556995201
189557001366
189557006248
189557013512
189557019493
189557025352
189557032555
189557040916
189557046287
189557051842
189557058433
189557063499
189557068626
189557075340
189557082481
189557089256
189557095482
189557101280
189557107261
189557112693
189557118126
189557127220
189557133018
189557140953
189557146690
189557150962
189557157005
189557165123
189557170677
189557176902
189557182823
189557190147
189557196006
189557201133
189557207542
189557215293
189557220298
189557227317
189557232810
189557238365
189557245628
189557252830
189557259116
189557265281
189557271323
189557275901
189557283103
189557286399
189557294028
189557299644
189557308189
189557315635
189557321616
189557327109
189557333274
189557339072
189557344810
189557353721
189557357566
189557365684
189557371604
189557377768
189557383628
189557391807
189557397239
189557404136
189557410178
189557416648
189557421531
189557429770
189557435935
189557441306
189557449485
189557453635
189557461386
189557464987
189557474143
189557481894
189557487815
189557495078
189557501303
189557507285
189557511801
189557519614
189557524375
189557533164
189557539389
189557544699
189557551230
189557556784
189557563315
189557569296
189557577414
189557584311
189557589804
189557594992
189557600546
189557607870
189557614218
189557620810
189557625876
189557634726
189557641562
189557647116
189557653342
189557659994
189557665854
189557673178
189557679342
189557685202
189557690024
189557696920
189557701498
189557711020
189557715658
189557720724
189557727377
189557733114
189557739462
189557744223
189557751425
189557758444
189557764364
189557768637
189557775900
189557783163
189557788046
189557794760
189557800863
189557806661
189557813864
189557819235
189557825094
189557833456
189557838888
189557846273
189557852194
189557858175
189557865072
189557872518
189557878439
189557886068
189557891866
189557898641
189557904745
189557909505
189557916769
189557923055
189557930929
189557936117
189557941732
189557948812
189557952779
189557959066
189557966329
189557973165
189557978841
189557986654
189557991109
189557997884
189558003377
189558009298
189558015584
189558021688
189558028890
189558034383
189558041402
189558047322
189558053365
189558060445
189558067830
189558073629
189558079610
189558086263
189558092183
189558097737
189558105550
189558110433
189558118611
189558124410
189558130147
189558135945
189558142232
189558149617
189558154378
189558161153
189558167744
189558174458
189558179890
189558186543
189558193867
189558201497
189558207417
189558214619
189558219075
189558226704
189558231038
189558238911
189558244710
189558250081
189558256489
189558261494
189558266560
189558273152
189558281636
189558284932
189558292683
189558298726
189558304463
189558310688
189558316853
189558322956
189558328511
189558335652
189558340168
189558347004
189558351460
189558358479
189558362812
189558371968
189558377522
189558382893
189558390339
189558396626
189558402485
189558407429
189558415669
189558420857
189558426533
189558434162
189558440693
189558447285
189558454548
189558461445
189558468037
189558474384
189558479939
189558484760
189558495136
189558501301
189558506916
189558513691
189558519489
189558525226
189558529804
189558537739
189558544086
189558551838
189558557331
189558563129
189558569355
189558574665
189558582599
189558588215
189558596027
189558602680
189558608112
189558613361
189558618427
189558624286
189558632526
189558638691
189558643512
189558651691
189558657123
189558664081
189558669574
189558676288
189558683673
189558688678
189558695575
189558699665
189558707721
189558713580
189558720233
189558726093
189558733112
189558740009
189558744403
189558750995
189558755573
189558763995
189558770038
189558775775
189558783160
189558789325
189558794635
189558800494
189558805255
189558813129
189558820758
189558827106
189558832538
189558838214
189558845416
189558851398
189558857989
189558864642
189558868670
189558876056
189558882953
189558889422
189558895831
189558901385
189558909686
189558915179
189558923236
189558929827
189558935015
189558941607
189558948138
189558955218
189558961261
189558965838
189558973651
189558979754
189558987017
189558993609
189558999774
189559006732
189559011920
189559017779
189559022479
189559029864
189559037249
189559043169
189559049822
189559055315
189559061358
189559067095
189559072100
189559080828
189559089007
189559094805
189559101031
189559106524
189559111956
189559119097
189559126910
189559132891
189559138079
189559144854
189559151568
189559156695
189559161822
189559167681
189559175249
189559181902
189559188494
189559193194
189559200762
189559205584
189559213213
189559220537
189559226519
189559233538
189559239214
189559245195
189559250566
189559258562
189559263445
189559271440
189559279436
189559285601
189559292314
189559296709
189559303972
189559310869
189559316240
189559323198
189559327898
189559335527
189559340837
189559346636
189559353716
189559359941
189559365801
189559372392
189559379900
189559385759
189559392534
189559399065
189559404985
189559411272
189559416704
189559423845
189559429765
189559435075
189559440751
189559449663
189559455156
189559460710
189559467668
189559473527
189559479509
189559485490
189559493425
189559497392
189559505754
189559511857
189559518388
189559523942
189559529557
189559538407
189559544511
189559550737
189559556901
189559563371
189559570634
189559577348
189559583512
189559588944
189559594193
189559601212
189559605424
189559612016
189559618974
189559627641
189559631303
189559638322
189559644853
189559650590
189559657853
189559663651
189559670182
189559674577
189559683305
189559686417
189559695084
189559701615
189559708817
189559715592
189559721390
189559728409
189559734818
189559740250
189559747696
189559753678
189559762406
189559768937
189559774796
189559780777
189559786332
189559793168
189559800248
189559807084
189559810807
189559819901
189559825882
189559831437
189559837723
189559843460
189559849930
189559856217
189559863175
189559870377
189559875748
189559882401
189559888870
189559895767
189559899857
189559908707
189559914566
189559921036
189559926529
189559934647
189559940567
189559946732
189559953873
189559960037
189559965591
189559971817
189559978958
189559984695
189559991653
189559997757
189560003982
189560009842
189560017105
189560025162
189560031143
189560038956
189560044876
189560051468
189560057632
189560063553
189560068374
189560077774
189560083633
189560089370
189560096145
189560101516
189560106033
189560112320
189560121536
189560126236
189560133133
189560140213
189560148147
189560154373
189560159256
189560166336
189560172744
189560180618
189560186599
189560192703
189560197708
189560205154
189560211257
189560217605
189560223037
189560229263
189560235427
189560241409
189560248611
189560256118
189560261855
189560267226
189560273208
189560278091
189560284438
189560290481
189560296584
189560302993
189560308242
189560313918
189560319289
189560323806
189560331862
189560339919
189560346084
189560349868
189560358108
189560364028
189560369277
189560375136
189560381606
189560389113
189560394118
189560400527
189560406203
189560411391
189560416945
189560423842
189560430495
189560436476
189560443557
189560449843
189560455519
189560460707
189560467665
189560472304
189560481581
189560487013
189560492568
189560498000
189560502883
189560509230
189560516432
189560522475
189560527846
189560536269
189560542311
189560548476
189560554884
189560560378
189560568129
189560574904
189560581435
189560586134
189560593275
189560599745
189560605299
189560611281
189560619398
189560623122
189560630934
189560637404
189560643507
189560649855
189560657423
189560664930
189560672011
189560678602
189560686720
189560693434
189560699842
189560707045
189560713697
189560721022
189560729811
189560736463
189560743605
189560749891
189560757826
189560765455
189560771864
189560778028
189560784437
189560790968
189560797621
189560804334
189560810743
189560816786
189560822889
189560826734
189560835096
189560841627
189560848158
189560854749
189560861158
189560866712
189560871412
189560878980
189560885267
189560892103
189560900587
189560907361
189560913282
189560920179
189560926282
189560933729
189560940320
189560947828
189560954603
189560961377
189560968763
189560975171
189560980298
189560989270
189560996045
189561003003
189561009168
189561014905
189561021863
189561027051
189561035535
189561042371
189561048658
189561056165
189561062879
189561069043
189561074109
189561081800
189561086621
189561096021
189561103528
189561110303
189561115979
189561123547
189561129468
189561134900
189561143689
189561150647
189561157483
189561164136
189561168958
189561177563
189561182141
189561190503
189561196789
189561202771
189561210339
189561215222
189561221387
189561226819
189561234448
189561241894
189561248181
189561255505
189561262463
189561268506
189561275342
189561283520
189561288464
189561296093
189561300671
189561309826
189561316662
189561324536
189561330700
189561337475
189561345654
189561352185
189561358227
189561365124
189561373181
189561379162
189561384045
189561391186
189561397595
189561403881
189561410046
189561415966
189561423657
189561430065
189561436291
189561440075
189561448864
189561455212
189561462475
189561469677
189561476635
189561482861
189561489025
189561495251
189561502636
189561509533
189561516918
189561524669
189561530956
189561537609
189561542248
189561549206
189561556957
189561563183
189561570018
189561578319
189561585033
189561591686
189561598461
189561604137
189561612377
189561619091
189561625072
189561631298
189561637157
189561643138
189561650707
189561658702
189561665172
189561671703
189561675487
189561683788
189561691295
189561697093
189561704112
189561710887
189561718517
189561724742
189561733165
189561740550
189561747569
189561755321
189561759776
189561769420
189561775401
189561781444
189561787913
189561792979
189561799998
189561805553
189561813914
189561819957
189561825938
189561834361
189561840404
189561848887
189561854930
189561860545
189561864024
189561872142
189561878428
189561886119
189561893199
189561899180
189561907481
189561914439
189561920970
189561928477
189561934458
189561944102
189561948680
189561955271
189561961436
189561967600
189561973277
189561978404
189561986094
189561992014
189561997996
189562003245
189562008799
189562015696
189562023692
189562030283
189562034983
189562042918
189562047800
189562052927
189562059824
189562066660
189562073252
189562079905
189562085093
189562091379
189562097117
189562102610
189562109263
189562116343
189562122812
189562129038
189562136606
189562142100
189562148630
189562155649
189562162851
189562167673
189562176035
189562181528
189562187326
189562194162
189562201487
189562210093
189562215891
189562223276
189562229990
189562234323
189562241831
189562249521
189562255747
189562262338
189562268625
189562274973
189562279367
189562286203
189562292673
189562298349
189562306101
189562312143
189562318857
189562323496
189562331613
189562338205
189562343637
189562351205
189562355966
189562362497
189562368906
189562374033
189562381845
189562387826
189562395029
189562400949
189562406930
189562412729
189562418954
189562425424
189562432138
189562436532
189562443063
189562447763
189562454355
189562460336
189562466562
189562474374
189562480722
189562486337
189562492257
189562498666
189562503488
189562510202
189562517404
189562523263
189562529916
189562535226
189562540841
189562546334
189562552194
189562560189
189562566720
189562572030
189562579049
189562583505
189562590219
189562595529
189562601937
189562608163
189562613717
189562620797
189562626778
189562631478
189562637460
189562642587
189562651803
189562657845
189562664986
189562670663
189562676583
189562681649
189562688241
189562693490
189562701668
189562708077
189562713204
189562716134
189562724740
189562730599
189562736947
189562743172
189562749093
189562757210
189562763009
189562768746
189562775277
189562781319
189562788704
189562794747
189562802254
189562807930
189562813607
189562819100
189562824593
189562833199
189562839302
189562844734
189562852181
189562858040
189562865608
189562872017
189562877449
189562883736
189562889168
189562895577
189562901680
189562907967
189562914009
189562922432
189562928719
189562934212
189562941048
189562946968
189562953316
189562960945
189562966866
189562972786
189562978645
189562985481
189562990791
189562997688
189563004097
189563011360
189563019111
189563024483
189563031196
189563037727
189563044563
189563051765
189563058601
189563065132
189563070808
189563076667
189563080696
189563089363
189563095283
189563102424
189563108039
189563113960
189563120857
189563125373
189563131904
189563139228
189563147163
189563153022
189563158760
189563165290
189563171455
189563176521
189563182990
189563190803
189563194221
189563202705
189563208076
189563213874
189563220893
189563226447
189563234565
189563239936
189563247871
189563253486
189563260688
189563266486
189563273872
189563280769
189563286933
189563293586
189563299323
189563306708
189563312079
189563319770
189563327216
189563332404
189563340095
189563344977
189563351935
189563358344
189563364447
189563372870
189563378608
189563382148
189563387946
189563393683
189563399298
189563406256
189563414557
189563420539
189563426154
189563432685
189563437995
189563443488
189563450934
189563458136
189563465094
189563470709
189563476752
189563482062
189563488349
189563493048
189563501532
189563508185
189563513678
189563521674
189563527106
189563533942
189563540839
189563547125
189563551215
189563559943
189563566107
189563572089
189563577704
189563583075
189563591315
189563596991
189563604986
189563610480
189563616888
189563623175
189563631170
189563636908
189563643377
189563647711
189563654120
189563660284
189563666143
189563671270
189563679998
189563684576
189563689703
189563696051
189563701483
189563708380
189563715338
189563719915
189563725775
189563733099
189563739569
189563744696
189563751226
189563759649
189563765936
189563772589
189563777960
189563783270
189563788946
189563796087
189563801580
189563810857
189563817693
189563823675
189563830206
189563836309
189563842229
189563849065
189563855535
189563861211
189563868169
189563873601
189563878728
189563883306
189563890447
189563898931
189563903448
189563912237
189563918523
189563924383
189563931463
189563936468
189563943059
189563949895
189563955877
189563962896
189563969182
189563975713
189563980962
189563989690
189563996160
189564002080
189564009160
189564015325
189564020513
189564026738
189564033757
189564039495
189564044988
189564052312
189564058232
189564065496
189564073613
189564078984
189564085393
189564091374
189564098638
189564105595
189564111516
189564118718
189564124699
189564129887
189564135930
189564142339
189564148259
189564154179
189564160344
189564169255
189564174382
189564181340
189564186955
189564192753
189564198430
189564207219
189564213078
189564218144
189564224858
189564231572
189564236943
189564242192
189564249943
189564255986
189564261906
189564269352
189564275578
189564280888
189564287297
189564292851
189564299321
189564305241
189564311344
189564316777
189564322636
189564327885
189564334599
189564341984
189564348149
189564354130
189564360111
189564367314
189564372990
189564378056
189564384770
189564392887
189564398014
189564405949
189564409977
189564419193
189564425114
189564433109
189564440311
189564444889
189564452457
189564460270
189564465702
189564471561
189564478336
189564484806
189564490482
189564496281
189564503544
189564509037
189564514957
189564520878
189564526920
189564533451
189564541385
189564548160
189564553531
189564559635
189564565372
189564571476
189564578434
189564585514
189564591983
189564597904
189564603458
189564609134
189564617923
189564623294
189564630313
189564636417
189564642337
189564648685
189564655094
189564662296
189564668277
189564673404
189564678897
189564686221
189564691165
189564698001
189564704715
189564711246
189564718814
189564724796
189564731448
189564736453
189564743411
189564750735
189564756717
189564763736
189564769656
189564775699
189564780582
189564790042
189564796634
189564802798
189564808719
189564816043
189564821841
189564826846
189564832522
189564840579
189564845645
189564852847
189564859073
189564864444
189564869510
189564875125
189564882449
189564889285
189564895510
189564900210
189564907901
189564912783
189564920596
189564926882
189564932254
189564938723
189564945071
189564952517
189564958193
189564963931
189564970278
189564975527
189564982729
189564987795
189564996401
189565002261
189565008608
189565015566
189565021975
189565027895
189565034060
189565039553
189565043826
189565050356
189565057864
189565063540
189565070376
189565075686
189565081179
189565086672
189565092531
189565100893
189565108401
189565113772
189565119936
189565125429
189565132265
189565137575
189565143313
189565149599
189565156191
189565163515
189565167910
189565173769
189565178164
189565186037
189565192751
189565199160
189565206362
189565210512
189565217409
189565223085
189565230226
189565234926
189565243166
189565249147
189565254579
189565261232
189565267214
189565272829
189565278810
189565285951
189565291994
189565299562
189565302675
189565312196
189565317812
189565324892
189565332399
189565338502
189565344545
189565351503
189565357912
189565363710
189565369997
189565377504
189565385072
189565390504
189565397584
189565402040
189565410951
189565417970
189565423463
189565430543
189565434816
189565442323
189565448182
189565453370
189565460511
189565467042
189565473573
189565479249
189565485536
189565491761
189565498292
189565503297
189565510316
189565515870
189565522279
189565529847
189565535340
189565541810
189565549562
189565555726
189565560792
189565568360
189565575196
189565580079
189565585816
189565592164
189565598817
189565603211
189565611512
189565617371
189565623536
189565629945
189565635194
189565643067
189565649415
189565655152
189565661988
189565667481
189565672730
189565679017
189565687134
189565692017
189565699463
189565705384
189565710755
189565717347
189565726502
189565732605
189565740113
189565746033
189565751893
189565757630
189565762513
189565769226
189565777161
189565783265
189565788941
189565795166
189565800537
189565806763
189565813477
189565820740
189565825440
189565833985
189565840637
189565846558
189565851441
189565857422
189565863709
189565869995
189565875488
189565883240
189565889099
189565894592
189565902893
189565911011
189565916870
189565922302
189565928101
189565934265
189565941345
189565946655
189565954346
189565960083
189565965454
189565971374
189565976868
189565980102
189565989075
189565996826
189566003235
189566009887
189566015869
189566020996
189566027588
189566032226
189566040588
189566047607
189566053833
189566059204
189566064453
189566069885
189566075927
189566082824
189566090149
189566095031
189566102783
189566106140
189566115234
189566120666
189566127563
189566135131
189566141174
189566147277
189566151794
189566157653
189566162780
189566170349
189566177978
189566184142
189566190856
189566196594
189566203796
189566209411
189566214050
189566222656
189566229003
189566235168
189566240050
189566244750
189566249938
189566256591
189566263854
189566272094
189566279540
189566285949
189566293212
189566298827
189566307311
189566314452
189566320189
189566326598
189566332274
189566338561
189566345458
189566350951
189566359740
189566365050
189566372069
189566377868
189566383727
189566388182
189566395446
189566402404
189566408507
189566415282
189566423217
189566427123
189566437255
189566444029
189566449950
189566458190
189566464171
189566471373
189566476622
189566484374
189566490599
189566497740
189566504637
189566510374
189566518126
189566525023
189566531248
189566537596
189566544798
189566552550
189566557860
189566565672
189566569884
189566577635
189566585325
189566590574
189566598692
189566606138
189566613157
189566620482
189566627440
189566633421
189566641173
189566648497
189566653868
189566663267
189566669127
189566676085
189566683836
189566690245
189566698851
189566704893
189566711363
189566719358
189566724913
189566732542
189566738645
189566745664
189566751646
189566758177
189566765745
189566771543
189566779844
189566786680
189566793455
189566801878
189566808225
189566815122
189566821348
189566827634
189566835081
189566842771
189566849241
189566856077
189566861753
189566868528
189566874387
189566883665
189566889768
189566895200
189566901243
189566907651
189566913755
189566919614
189566926938
189566933164
189566938840
189566946348
189566953550
189566959958
189566967221
189566973752
189566982785
189566989194
189566995786
189567002011
189567008664
189567015134
189567021787
189567029843
189567036252
189567043149
189567050229
189567056882
189567063413
189567070310
189567078549
189567085385
189567092038
189567098203
189567104489
189567111508
189567115109
189567124142
189567131467
189567138058
189567144467
189567149960
189567157956
189567164059
189567170163
189567176327
189567183346
189567189938
189567195187
189567204037
189567210995
189567217831
189567224667
189567231625
189567237912
189567242917
189567251339
189567257626
189567264645
189567272519
189567279782
189567285702
189567290951
189567299008
189567306515
189567312863
189567316342
189567323788
189567331173
189567337094
189567343197
189567348751
189567356869
189567361874
189567368832
189567375973
189567381527
189567387997
189567393185
189567401302
189567406735
189567416012
189567421261
189567429073
189567434505
189567441769
189567447933
189567455990
189567462765
189567469601
189567475826
189567483944
189567489559
189567497921
189567504452
189567511165
189567517269
189567523189
189567530452
189567536190
189567544063
189567550167
189567556392
189567562862
189567569210
189567575252
189567580196
189567587276
189567593990
189567599605
189567606136
189567611629
189567616939
189567625301
189567632991
189567639888
189567647029
189567653560
189567660091
189567664852
189567671626
189567679134
189567686519
189567692561
189567700069
189567708431
189567713863
189567721431
189567727901
189567735957
189567742488
189567748103
189567754085
189567760249
189567766536
189567773921
189567781123
189567786616
189567793452
189567798762
189567806880
189567812922
189567818049
189567826655
189567833430
189567840449
189567846553
189567853083
189567860713
189567867793
189567875056
189567880366
189567888484
189567894770
189567900630
189567907099
189567914546
189567921382
189567927180
189567935481
189567942072
189567948298
189567954096
189567961604
189567967463
189567972895
189567980891
189567984736
189567993708
189567999873
189568006709
189568014277
189568019648
189568027766
189568031733
189568040949
189568048395
189568055842
189568064875
189568072809
189568079035
189568084284
189568091181
189568097834
189568105524
189568110590
189568115412
189568122126
189568127009
189568134577
189568142084
189568147272
189568155695
189568160639
189568167963
189568172846
189568182062
189568188288
189568194086
189568202387
189568207819
189568215692
189568222467
189568229242
189568236811
189568245600
189568251642
189568257013
189568266168
189568272943
189568279840
189568286615
189568295526
189568302667
189568309198
189568315118
189568320612
189568327020
189568333551
189568340570
189568346429
189568353387
189568360162
189568365289
189568371942
189568376703
189568384454
189568387872
189568395135
189568401300
189568407709
189568415033
189568420465
189568427667
189568434930
189568442804
189568448663
189568456109
189568462152
189568468682
189568476739
189568484063
189568490289
189568498529
189568504754
189568512567
189568519891
189568526300
189568531976
189568540704
189568547479
189568552545
189568559808
189568567315
189568573052
189568579766
189568588555
189568594659
189568600701
189568606622
189568613213
189568620293
189568626946
189568634637
189568641534
189568648247
189568654839
189568662224
189568669732
189568676568
189568682671
189568690789
189568696343
189568704033
189568711663
189568718743
189568724541
189568731194
189568739129
189568744378
189568751030
189568757256
189568763420
189568769402
189568776421
189568785088
189568791008
189568797356
189568802849
189568810723
189568816887
189568823357
189568830620
189568836479
189568843620
189568849175
189568857231
189568862297
189568872368
189568878288
189568884941
189568891350
189568896599
189568903923
189568911552
189568917412
189568924919
189568930168
189568937004
189568943718
189568951530
189568958488
189568964592
189568970390
189568976250
189568981987
189568987907
189568996452
189569003105
189569011406
189569015800
189569023918
189569030082
189569036064
189569039726
189569050468
189569058097
189569065361
189569071586
189569076408
189569083244
189569090507
189569096427
189569102226
189569111625
189569118217
189569122856
189569130058
189569135185
189569140739
189569149772
189569156730
189569160941
189569168754
189569175529
189569181632
189569187003
189569194022
189569201225
189569207084
189569214530
189569222221
189569228568
189569236076
189569242362
189569250358
189569257133
189569263846
189569270804
189569277396
189569284171
189569289664
189569297660
189569303031
189569311576
189569318107
189569325187
189569330680
189569337333
189569344840
189569349662
189569357779
189569364676
189569371329
189569377494
189569385367
189569391349
189569396537
189569404776
189569409720
189569416312
189569423392
189569430777
189569436392
189569441763
189569449576
189569454825
189569461417
189569468985
189569476126
189569482535
189569489432
189569495657
189569502432
189569508292
189569514944
189569521841
189569528006
189569535269
189569541861
189569547842
189569554190
189569560477
189569568716
189569574698
189569581412
189569589041
189569593802
189569601309
189569606192
189569614981
189569621023
189569627737
189569635244
189569640554
189569648916
189569654898
189569661917
189569668814
189569676199
189569683096
189569689444
189569694998
189569701895
189569709280
189569715994
189569723684
189569730825
189569737356
189569744009
189569750112
189569756399
189569761404
189569769216
189569774099
189569780630
189569787222
189569795034
189569800405
189569808340
189569815176
189569819997
189569827627
189569834280
189569841421
189569848501
189569854421
189569862722
189569869375
189569875600
189569882863
189569887502
189569894826
189569903005
189569911062
189569917165
189569922841
189569926687
189569935415
189569942800
189569949392
189569955983
189569962453
189569969777
189569976247
189569982717
189569989186
189569996327
189570003713
189570011220
189570017934
189570021779
189570030751
189570037526
189570042836
189570051686
189570056996
189570065358
189570072194
189570079091
189570086354
189570093739
189570100575
189570108571
189570114613
189570121938
189570128224
189570134755
189570138356
189570147755
189570154652
189570161244
189570166493
189570172902
189570178395
189570184254
189570191701
189570198231
189570204945
189570211537
189570218495
189570225453
189570233326
189570240101
189570245472
189570253712
189570260609
189570266896
189570274037
189570279591
189570288197
189570294361
189570300831
189570307362
189570313648
189570320545
189570328602
189570334706
189570339588
189570345081
189570349903
189570356983
189570364674
189570372303
189570379078
189570384510
189570391895
189570398487
189570404163
189570409168
189570417164
189570423267
189570431995
189570438709
189570445667
189570452564
189570457386
189570465015
189570470997
189570478870
189570485767
189570492542
189570498951
189570505176
189570511341
189570518299
189570526050
189570531727
189570539295
189570546802
189570552845
189570559009
189570565540
189570572498
189570577747
189570586902
189570592700
189570598499
189570605335
189570612354
189570618579
189570625659
189570632007
189570635974
189570644763
189570651294
189570658801
189570665210
189570672412
189570679065
189570685107
189570693591
189570700610
189570707996
189570715015
189570721057
189570728625
189570735583
189570742053
189570750232
189570758410
189570765430
189570768970
189570778491
189570784411
189570791369
189570797351
189570804004
189570812671
189570816577
189570824939
189570830920
189570837146
189570843005
189570850451
189570858203
189570865161
189570871630
189570877673
189570883898
189570889453
189570896105
189570902575
189570909106
189570916003
189570921374
189570929064
189570935656
189570942187
189570949145
189570955859
189570963488
189570969347
189570975573
189570981310
189570988085
189570993884
189571001818
189571009081
189571014452
189571021838
189571027148
189571034655
189571040392
189571046374
189571053942
189571060412
189571066637
189571073168
189571078783
189571085741
189571094774
189571101183
189571107470
189571114245
189571121142
189571127001
189571133715
189571140245
189571145494
189571152330
189571157946
189571167101
189571173876
189571180223
189571187181
189571192675
189571200060
189571207445
189571213671
189571220201
189571225450
189571233019
189571239733
189571246446
189571252245
189571259447
189571264574
189571273790
189571279833
189571286363
189571293748
189571300706
189571306810
189571312181
189571320299
189571326952
189571335130
189571341234
189571347276
189571353441
189571359605
189571365770
189571371507
189571379197
189571385545
189571391893
189571398057
189571403428
189571410569
189571417283
189571425462
189571432359
189571438829
189571444322
189571450669
189571458238
189571465562
189571471238
189571477159
189571485215
189571489122
189571499009
189571505784
189571512864
189571520249
189571526414
