189895750193
189895754649
189895760325
189895765635
189895771617
189895777537
189895782359
189895788950
189895795298
189895804392
189895809947
189895816355
189895822215
189895828806
189895835459
189895841990
189895847666
189895853526
189895860606
189895867075
189895875803
189895883189
189895889414
189895896494
189895904001
189895910166
189895918406
189895926218
189895932993
189895938852
189895945871
189895953806
189895959726
189895967356
189895975290
189895981272
189895988962
189895996286
189896004709
189896011545
189896017404
189896025156
189896032846
189896040476
189896046640
189896053598
189896061960
189896070444
189896078195
189896084970
189896092172
189896098459
189896106577
189896112192
189896119028
189896127023
189896133615
189896140329
189896148630
189896157114
189896165231
189896171640
189896178842
189896185068
189896192575
189896201730
189896210641
189896216623
189896222726
189896233346
189896240365
189896249215
189896255075
189896263437
189896271432
189896277230
189896285958
189896293161
189896302255
189896309091
189896316598
189896324899
189896332162
189896340524
189896349923
189896356881
189896364633
189896370858
189896379220
189896385934
189896393624
189896401681
189896407845
189896415963
189896422433
189896430306
189896438363
189896445870
189896453927
189896460397
189896469063
189896475594
189896483346
189896492562
189896501412
189896507210
189896516244
189896522530
189896530709
189896537728
189896546090
189896555428
189896561348
189896570809
189896577645
189896584786
189896594063
189896602791
189896609932
189896618721
189896625740
189896634163
189896640816
189896648445
189896656746
189896665047
189896672859
189896678902
189896686165
189896693611
189896701485
189896709114
189896716988
189896724617
189896733467
189896740669
189896748177
189896758186
189896766121
189896772591
189896781074
189896787056
189896797127
189896804207
189896812752
189896819404
189896827644
189896836677
189896843147
189896851814
189896858223
189896866768
189896873787
189896881721
189896890144
189896896247
189896904792
189896913215
189896921577
189896927864
189896935005
189896943611
189896950202
189896958137
189896967780
189896974494
189896984321
189896991035
189896998542
189897005134
189897012397
189897020576
189897029060
189897035651
189897044746
189897051215
189897061408
189897070930
189897079841
189897087287
189897094123
189897103278
189897110847
189897119452
189897126655
189897135261
189897141974
189897150702
189897158271
189897165107
189897172553
189897182319
189897189338
189897198249
189897205329
189897213446
189897221259
189897229621
189897238654
189897246100
189897253790
189897262824
189897269965
189897276984
189897285285
189897294257
189897301093
189897309699
189897318427
189897324652
189897334235
189897340948
189897348456
189897354315
189897362555
189897370489
189897377875
189897384894
189897393988
189897400641
189897409247
189897418036
189897424261
189897431341
189897438849
189897447638
189897455938
189897463568
189897469915
189897478216
189897485418
189897492987
189897502569
189897508734
189897518011
189897524603
189897531439
189897539190
189897547003
189897553228
189897561529
189897568304
189897575872
189897582586
189897590765
189897598455
189897604498
189897612188
189897619634
189897627630
189897635259
189897643377
189897652044
189897659734
189897666936
189897674505
189897682500
189897690435
189897697942
189897705816
189897713506
189897720159
189897728399
189897735845
189897744573
189897752202
189897759771
189897768132
189897775151
189897781621
189897789617
189897797185
189897804876
189897811589
189897817998
189897825933
189897832707
189897842046
189897850957
189897858708
189897866582
189897872258
189897882024
189897888738
189897896062
189897905339
189897911626
189897919499
189897927983
189897934880
189897944096
189897953496
189897960454
189897968327
189897974065
189897981938
189897988774
189897996770
189898004582
189898011845
189898016972
189898024846
189898030278
189898038701
189898046513
189898053776
189898059452
189898067021
189898071476
189898081120
189898087956
189898094914
189898102421
189898109501
189898114445
189898121830
189898126103
189898134159
189898141422
189898146549
189898153874
189898162296
189898168034
189898175724
189898182255
189898189335
189898195744
189898202519
189898209721
189898216923
189898222172
189898228764
189898235111
189898241581
189898246647
189898254581
189898261234
189898270634
189898278324
189898285282
189898291752
189898300419
189898307438
189898314396
189898319889
189898325687
189898332889
189898339725
189898347538
189898355289
189898360660
189898368351
189898374027
189898381168
189898388858
189898394962
189898401065
189898408023
189898414676
189898421329
189898426395
189898433170
189898440067
189898446781
189898452396
189898459842
189898467166
189898474063
189898482059
189898489505
189898494754
189898503055
189898508060
189898513675
189898520938
189898529056
189898535587
189898542483
189898546878
189898554446
189898561771
189898568057
189898575809
189898582278
189898589786
189898595218
189898601687
189898608462
189898613467
189898619876
189898627810
189898632632
189898639346
189898643435
189898651919
189898658572
189898664981
189898672549
189898677554
189898684451
189898692080
189898697879
189898705996
189898713931
189898719546
189898726138
189898731875
189898738650
189898744876
189898751650
189898757937
189898763247
189898768496
189898777224
189898783633
189898791262
189898797793
189898804324
189898810976
189898816897
189898823794
189898828982
189898836123
189898843325
189898848086
189898854800
189898861635
189898867129
189898875918
189898883730
189898890383
189898895449
189898900637
189898909731
189898916628
189898921511
189898929445
189898936770
189898941835
189898950014
189898957094
189898964052
189898969545
189898975832
189898982485
189898989199
189898997072
189899002321
189899010805
189899018007
189899023928
189899031008
189899038332
189899045412
189899052553
189899059450
189899065309
189899072695
189899078676
189899084535
189899094057
189899100221
189899107362
189899113649
189899122194
189899127931
189899135622
189899141969
189899148622
189899154665
189899162233
189899170473
189899178163
189899184816
189899191163
189899199586
189899205140
189899211549
189899219117
189899228029
189899235963
189899241700
189899246461
189899253541
189899261537
189899267884
189899274842
189899282960
189899290528
189899296510
189899303224
189899311463
189899317506
189899324708
189899330445
189899337281
189899344361
189899354432
189899361024
189899365601
189899374391
189899382447
189899391236
189899397035
189899405701
189899412843
189899419923
189899427247
189899434815
189899441834
189899447449
189899455567
189899463441
189899470826
189899477112
189899483643
189899489869
189899496888
189899504761
189899511597
189899518982
189899526063
189899531189
189899539734
189899548706
189899555970
189899561951
189899568970
189899575806
189899584046
189899590332
189899597901
189899603882
189899610779
189899618286
189899624695
189899634766
189899642151
189899649231
189899657166
189899664124
189899670899
189899677734
189899685120
189899694092
189899700562
189899707397
189899714111
189899721008
189899727661
189899734192
189899742676
189899749634
189899755188
189899763550
189899770264
189899778015
189899784424
189899790405
189899798584
189899804321
189899810058
189899817444
189899825256
189899832397
189899837707
189899844787
189899849853
189899856872
189899863159
189899869567
189899876464
189899884582
189899889770
189899896179
189899903137
189899909973
189899915832
189899923767
189899928466
189899934265
189899941223
189899948913
189899953185
189899962463
189899969848
189899975463
189899981628
189899987609
189899995300
189900000121
189900009155
189900016845
189900022521
189900028503
189900035705
189900041198
189900048278
189900055297
189900063232
189900069762
189900075133
189900080627
189900088256
189900094420
189900101500
189900108458
189900115600
189900121337
189900129271
189900135009
189900142150
189900148558
189900158446
189900164122
189900170104
189900177916
189900184020
189900189330
189900197081
189900203246
189900212340
189900218383
189900224181
189900231749
189900237425
189900243712
189900250914
189900256651
189900263793
189900269652
189900277647
189900283507
189900289793
189900295897
189900302611
189900309081
189900316161
189900322874
189900329649
189900335875
189900341551
189900347533
189900354491
189900361571
189900368407
189900373900
189900381102
189900386778
189900394285
189900400023
189900405333
189900413817
189900419371
189900426085
189900431028
189900437742
189900443785
189900451475
189900458860
189900465696
189900473082
189900480101
189900486448
189900491819
189900499693
189900505369
189900511961
189900518858
189900525389
189900531919
189900539549
189900544676
189900550718
189900557493
189900566160
189900572508
189900578245
189900585752
189900592954
189900598325
189900603819
189900611753
189900619443
189900625913
189900631895
189900637937
189900642698
189900648557
189900655393
189900660947
189900670347
189900676755
189900682615
189900688840
189900696348
189900702390
189900708921
189900716184
189900721311
189900728513
189900733335
189900740537
189900745176
189900752683
189900757993
189900766294
189900772702
189900780027
189900786374
189900791989
189900798276
189900805661
189900811032
189900818601
189900826413
189900831784
189900838010
189900844907
189900852963
189900859372
189900867368
189900873044
189900878598
189900885312
189900890866
189900899533
189900904355
189900911435
189900920163
189900926511
189900933346
189900939572
189900946774
189900952939
189900958127
189900966977
189900973752
189900979977
189900985592
189900993283
189900998166
189901005795
189901010861
189901018795
189901024594
189901031613
189901036740
189901043820
189901049069
189901054562
189901064328
189901070980
189901077206
189901084042
189901090145
189901096737
189901102474
189901108029
189901115780
189901122921
189901128597
189901134579
189901142391
189901148373
189901155697
189901161923
189901168209
189901177120
189901181942
189901187801
189901195187
189901200619
189901206234
189901213924
189901223141
189901229488
189901235043
189901242794
189901249081
189901255184
189901261776
189901269161
189901276241
189901282345
189901289669
189901295223
189901302913
189901308407
189901313411
189901321285
189901327816
189901333553
189901340694
189901346431
189901353450
189901359066
189901366634
189901374813
189901381282
189901388118
189901393734
189901399715
189901405452
189901412044
189901418514
189901425960
189901431514
189901437496
189901445247
189901450008
189901457210
189901463863
189901469234
189901477351
189901482234
189901488582
189901496333
189901502620
189901509395
189901516597
189901524348
189901530940
189901536983
189901543086
189901550288
189901556392
189901562007
189901570308
189901577754
189901583247
189901590083
189901595942
189901603450
189901609065
189901614375
189901623408
189901629451
189901636714
189901643306
189901650691
189901656733
189901661433
189901668330
189901675837
189901682124
189901688838
189901694575
189901701106
189901706965
189901713740
189901720393
189901725947
189901733515
189901740412
189901745905
189901752802
189901758112
189901762995
189901771113
189901776850
189901784663
189901790034
189901797358
189901802729
189901808344
189901817866
189901825434
189901832148
189901837641
189901843684
189901850031
189901856013
189901862665
189901872126
189901877497
189901885431
189901891230
189901898920
189901905451
189901911066
189901917475
189901925409
189901931208
189901939570
189901945795
189901951532
189901956903
189901964838
189901971247
189901978266
189901984919
189901991510
189901999384
189902005304
189902011530
189902018915
189902025385
189902032770
189902038202
189902043817
189902051203
189902056696
189902063410
189902069208
189902076837
189902085321
189902090875
189902097223
189902104303
189902110284
189902117242
189902123529
189902129694
189902137628
189902143426
189902151056
189902159051
189902164239
189902172723
189902181207
189902187982
189902195062
189902201715
189902208001
189902216424
189902222650
189902229059
189902237054
189902243036
189902249994
189902255914
189902264886
189902269952
189902279168
189902286370
189902292962
189902298516
189902306451
189902312982
189902320489
189902327264
189902334832
189902341546
189902348382
189902354119
189902360589
189902366387
189902372369
189902380975
189902387017
189902392815
189902402276
189902407464
189902413506
189902420159
189902427911
189902433160
189902440667
189902446648
189902454583
189902460198
189902468377
189902475091
189902482232
189902488640
189902495781
189902501702
189902508416
189902514031
189902520501
189902529778
189902536370
189902543023
189902549614
189902556939
189902563469
189902569451
189902577751
189902585503
189902591362
189902597222
189902604912
189902613030
189902618889
189902626457
189902633415
189902641838
189902647942
189902653740
189902660210
189902667839
189902674187
189902682976
189902690910
189902695976
189902703728
189902709343
189902715202
189902722588
189902730400
189902736748
189902742485
189902750664
189902757561
189902763725
189902770439
189902777214
189902784782
189902789909
189902795891
189902804130
189902810173
189902816093
189902824272
189902830986
189902837516
189902843925
189902852165
189902857963
189902865409
189902872489
189902880546
189902887199
189902895195
189902901603
189902908439
189902914909
189902923637
189902929496
189902936454
189902944389
189902951103
189902958366
189902964713
189902972221
189902978935
189902984794
189902992362
189902998100
189903006217
189903012077
189903018424
189903025870
189903034293
189903040702
189903047416
189903053458
189903060905
189903068107
189903073844
189903081351
189903089103
189903095389
189903101371
189903107230
189903115348
189903122062
189903128165
189903136893
189903142325
189903149833
189903156424
189903162284
189903168570
189903174857
189903182913
189903188712
189903194754
189903202201
189903210501
189903217459
189903224661
189903231986
189903238577
189903246695
189903252493
189903258963
189903266470
189903273062
189903281424
189903287894
189903295584
189903301932
189903309195
189903315665
189903320853
189903329520
189903338675
189903346731
189903353689
189903361380
189903367483
189903375113
189903381827
189903387991
189903394583
189903402762
189903408743
189903415213
189903422049
189903430105
189903435598
189903441946
189903448477
189903454641
189903462454
189903468069
189903476370
189903482595
189903490835
189903495718
189903501638
189903509573
189903515737
189903522939
189903529775
189903535391
189903541738
189903548635
189903554678
189903561514
189903567861
189903575002
189903584341
189903590444
189903596059
189903603078
189903608633
189903616567
189903622060
189903628164
189903635793
189903643728
189903650381
189903656423
189903661489
189903669485
189903676076
189903682790
189903689870
189903696584
189903703359
189903711843
189903718374
189903727102
189903733693
189903740712
189903747182
189903752980
189903759084
189903766347
189903772634
189903780019
189903786794
189903794118
189903800405
189903805593
189903812917
189903817555
189903824758
189903830007
189903838185
189903842153
189903849599
189903856984
189903862660
189903868947
189903876637
189903882558
189903891103
189903897511
189903903981
189903910084
189903915639
189903921071
189903928883
189903936268
189903943959
189903950551
189903957326
189903963490
189903970326
189903976552
189903983326
189903990040
189903996144
189904004323
189904010243
189904015919
189904021901
189904029591
189904035572
189904043385
189904048329
189904054860
189904060658
189904068409
189904074635
189904079579
189904086170
189904093983
189904101917
189904107044
189904112904
189904119312
189904125050
189904132069
189904139149
189904145924
189904152638
189904159657
189904165882
189904172474
189904178700
189904185780
189904192188
189904199573
189904205067
189904210682
189904217701
189904223133
189904230518
189904237171
189904243275
189904250538
189904259632
189904265735
189904271473
189904277515
189904284046
189904290394
189904297962
189904304554
189904311329
189904317310
189904323963
189904330127
189904336597
189904345264
189904351368
189904356922
189904364185
189904369678
189904376636
189904382312
189904388233
189904396778
189904403125
189904410022
189904415759
189904420703
189904427966
189904431201
189904441333
189904447315
189904455310
189904462390
189904468066
189904476245
189904480945
189904488940
189904495288
189904501392
189904507495
189904515063
189904520984
189904527026
189904534045
189904540759
189904546680
189904554431
189904561023
189904566699
189904574084
189904579455
189904586718
189904594409
189904602343
189904609973
189904616565
189904624987
189904631152
189904638537
189904647326
189904655322
189904662524
189904669177
189904676440
189904682543
189904690966
189904697192
189904704577
189904710803
189904718798
189904724413
189904733508
189904740283
189904747607
189904753405
189904762377
189904768053
189904774950
189904781298
189904788256
189904794054
189904801257
189904809008
189904814562
189904822985
189904828966
189904835436
189904843004
189904848803
189904856066
189904862292
189904873583
189904884325
189904894884
189904903368
189904914476
189904923021
189904934435
189904943041
189904951403
189904960497
189904970629
189904978319
189904985704
189904994737
189905007006
189905016466
189905028978
189905040697
189905048937
189905055467
189905061937
189905068895
189905077196
189905083543
189905090623
189905096971
189905103746
189905109056
189905115343
189905123460
189905131334
189905138414
189905144517
189905151781
189905158372
189905165208
189905173936
189905178453
189905185716
189905192125
189905198839
189905205125
189905212144
189905218675
189905225267
189905231370
189905238206
189905245652
189905253465
189905259690
189905265000
189905271348
189905276780
189905284898
189905290574
189905298142
189905305589
189905312364
189905319016
189905327561
189905333421
189905339768
189905345872
189905354234
189905360459
189905366746
189905372971
189905380784
189905386643
189905393906
189905400071
189905408311
189905414963
189905420090
189905426133
189905434251
189905439805
189905445603
189905454453
189905460862
189905467454
189905472947
189905480271
189905486313
189905491929
189905497178
189905504380
189905511399
189905519944
189905526657
189905532761
189905540329
189905546189
189905554306
189905560349
189905567734
189905573044
189905580918
189905586472
189905594467
189905601242
189905609116
189905615219
189905622360
189905629990
189905635910
189905642807
189905651108
189905657028
189905665207
189905671494
189905680161
189905686569
189905694931
189905701401
189905710800
189905717331
189905723923
189905731003
189905737106
189905743576
189905752243
189905758652
189905767013
189905773971
189905780380
189905787948
189905794235
189905803024
189905809738
189905815963
189905823227
189905828781
189905833847
189905840560
189905847702
189905855880
189905861862
189905867538
189905873764
189905881271
189905888534
189905895004
189905902572
189905908065
189905915145
189905920333
189905926803
189905932235
189905940292
189905948104
189905955184
189905962325
189905968063
189905975509
189905982711
189905990035
189905997359
189906003219
189906010970
189906017013
189906022994
189906031234
189906039107
189906044845
189906051131
189906059554
189906065719
189906072616
189906080062
189906087325
189906094832
189906103438
189906109786
189906118758
189906126387
189906134200
189906141890
189906148177
189906156783
189906162886
189906169295
189906177169
189906184127
189906191695
189906197798
189906204268
189906212386
189906218001
189906227217
189906233687
189906241255
189906248946
189906254622
189906261153
189906269331
189906275374
189906281783
189906288191
189906294905
189906304121
189906310591
189906318892
189906325056
189906332991
189906339400
189906345625
189906356306
189906362776
189906369734
189906378645
189906386580
189906393293
189906399885
189906407454
189906415815
189906422163
189906428877
189906436384
189906442427
189906451216
189906457380
189906462690
189906469831
189906478437
189906485395
189906491499
189906497663
189906505476
189906513410
189906519209
189906526228
189906531233
189906536848
189906543806
189906551801
189906558393
189906565839
189906571516
189906577131
189906583295
189906592084
189906598981
189906607038
189906613447
189906618879
189906624738
189906630659
189906638227
189906643781
189906653486
189906661481
189906668134
189906675641
189906681623
189906689008
189906695539
189906702741
189906709577
189906716047
189906723981
189906729474
189906736982
189906742658
189906750470
189906758527
189906763959
189906771466
189906778241
189906783551
189906790326
189906798810
189906804669
189906811383
189906816937
189906822003
189906828595
189906834882
189906842633
189906850934
189906856732
189906862592
189906869427
189906875226
189906882672
189906890240
189906895795
189906900433
189906907941
189906914044
189906920270
189906926495
189906935528
189906941998
189906950238
189906956402
189906965191
189906974164
189906981061
189906988141
189906994793
189907002484
189907010052
189907017682
189907024212
189907032208
189907040692
189907049237
189907057476
189907063275
189907070782
189907076641
189907086041
189907092022
189907099224
189907104534
189907111553
189907120037
189907128338
189907135235
189907142498
189907150555
189907156475
189907163921
189907169903
189907177410
189907184368
189907190044
189907197430
189907202740
189907210857
189907219707
189907226238
189907232769
189907240032
189907245830
189907252849
189907261272
189907267803
189907273784
189907281231
189907287151
189907296550
189907303386
189907310527
189907316936
189907325786
189907332134
189907339580
189907347393
189907354290
189907361675
189907369670
189907377666
189907383525
189907389324
189907396709
189907405315
189907413371
189907419109
189907425212
189907432903
189907438884
189907446391
189907454265
189907459575
189907466838
189907473186
189907480205
189907488078
189907495280
189907503337
189907509502
189907516582
189907524211
189907529399
189907536052
189907542583
189907549296
189907557719
189907563273
189907572123
189907578837
189907586711
189907593058
189907599955
189907605082
189907611064
189907618754
189907624858
189907631999
189907638652
189907647013
189907654643
189907661174
189907669291
189907678446
189907686198
189907692790
189907699870
189907709025
189907716288
189907722697
189907729411
189907739787
189907746073
189907753214
189907761698
189907767924
189907776347
189907782816
189907788248
189907795267
189907802347
189907807291
189907813029
189907821207
189907827982
189907835306
189907841288
189907850016
189907856180
189907862101
189907868082
189907874796
189907880961
189907889200
189907895487
189907902994
189907910929
189907917704
189907926187
189907934244
189907940103
189907948587
189907954569
189907962992
189907969950
189907977518
189907984537
189907992716
189908000406
189908006815
189908013162
189908021524
189908028177
189908036234
189908042703
189908050333
189908055948
189908062723
189908070657
189908078470
189908083597
189908091287
189908099405
189908106058
189908113870
189908121072
189908127298
189908135110
189908141763
189908149026
189908154214
189908162210
189908168008
189908175210
189908182901
189908188943
189908197671
189908204141
189908211770
189908218057
189908224343
189908231546
189908238137
189908244790
189908253335
189908259866
189908267983
189908274270
189908280435
189908288674
189908295510
189908304666
189908310891
189908319131
189908324563
189908330605
189908339639
189908347268
189908352639
189908360818
189908368447
189908374551
189908382302
189908388161
189908396706
189908402199
189908410561
189908416176
189908422829
189908428200
189908434243
189908441262
189908448098
189908454934
189908460488
189908465859
189908473855
189908479775
189908486489
189908492897
189908500100
189908506142
189908514077
189908522255
189908527687
189908534767
189908543862
189908550026
189908557717
189908564064
189908572060
189908577675
189908585243
189908592812
189908599709
189908606728
189908614601
189908621437
189908631142
189908637428
189908645180
189908653175
189908659645
189908667152
189908673927
189908679970
189908689308
189908695717
189908701271
189908709572
189908716713
189908725868
189908732521
189908739967
189908745949
189908753578
189908760109
189908766212
189908772987
189908778724
189908786476
189908793007
189908799659
189908806190
189908814613
189908820900
189908828651
189908834266
189908841041
189908848121
189908854164
189908861244
189908867652
189908874732
189908882728
189908890296
189908897987
189908904579
189908910743
189908919227
189908925330
189908932594
189908940284
189908946998
189908955177
189908960548
189908967933
189908974281
189908981849
189908989539
189908996741
189909005347
189909012916
189909019202
189909026649
189909033179
189909041358
189909047645
189909052833
189909060950
189909068946
189909075965
189909082190
189909089209
189909098792
189909105445
189909112891
189909118628
189909124854
189909131934
189909138648
189909145423
189909151831
189909159400
189909167395
189909173743
189909181677
189909189002
189909196265
189909202307
189909208472
189909215796
189909223059
189909230017
189909237402
189909244971
189909251624
189909258948
189909266943
189909274084
189909281348
189909288855
189909295996
189909302649
189909309424
189909317541
189909326208
189909333594
189909339819
189909346411
189909354468
189909360876
189909368078
189909375769
189909382361
189909390295
189909398718
189909405493
189909412390
189909418982
189909425573
189909433508
189909439184
189909446936
189909454443
189909461340
189909467138
189909472997
189909481481
189909487585
189909494177
189909501806
189909508764
189909517248
189909523351
189909531408
189909536779
189909542455
189909549718
189909557714
189909563146
189909571569
189909578405
189909586095
189909594030
189909599828
189909607885
189909615636
189909623327
189909629430
189909637121
189909643102
189909650182
189909658056
189909665990
189909672033
189909677587
189909684972
189909692540
189909700353
189909705663
189909715184
189909721349
189909728795
189909736913
189909743932
189909752843
189909758946
189909766271
189909774510
189909781407
189909788182
189909794591
189909800816
189909810033
189909816319
189909822423
189909830052
189909836156
189909845067
189909852879
189909859776
189909867162
189909873997
189909881139
189909889378
189909895299
189909904332
189909910802
189909917149
189909925999
189909932469
189909939427
189909946995
189909952733
189909960911
189909969151
189909976597
189909982945
189909988743
189909997776
189910004002
189910012059
189910018406
189910025364
189910034642
189910041416
189910049168
189910055210
189910063328
189910070469
189910079075
189910083958
189910092320
189910100071
189910105930
189910113377
189910118687
189910126438
189910132847
189910137913
189910145786
189910151768
189910159275
189910164768
189910173679
189910179844
189910187229
189910192234
189910199192
189910204868
189910210239
189910218113
189910226047
189910233860
189910241611
189910247959
189910257480
189910263218
189910268833
189910276889
189910285007
189910291904
189910298374
189910307224
189910314853
189910320957
189910329074
189910335239
189910343845
189910350803
189910359958
189910365512
189910374240
189910380405
189910387668
189910395786
189910402866
189910409335
189910416904
189910424106
189910429965
189910437961
189910443820
189910451450
189910458713
189910466220
189910472324
189910479037
189910486240
189910492892
189910499484
189910507236
189910512729
189910520602
189910527133
189910535312
189910543185
189910549106
189910556918
189910563022
189910570590
189910577365
189910586154
189910593783
189910600436
189910608371
189910617770
189910623812
189910630831
189910639987
189910645846
189910654757
189910661227
189910669039
189910677767
189910684420
189910691561
189910699496
189910705233
189910712801
189910718966
189910726656
189910735567
189910740817
189910748934
189910757113
189910763766
189910769869
189910778902
189910786898
189910794710
189910801607
189910808443
189910814303
189910820833
189910828768
189910834261
189910841646
189910849642
189910855257
189910861788
189910869234
189910877047
189910883333
189910889864
189910897737
189910903719
189910911165
189910917513
189910924410
189910932344
189910939058
189910947237
189910953890
189910961519
189910968050
189910976473
189910982637
189910990144
189910996431
189911002474
189911008028
189911016451
189911022371
189911030000
189911036287
189911041841
189911048311
189911055879
189911062349
189911068941
189911075227
189911081087
189911088838
189911094514
189911101594
189911108125
189911114351
189911122407
189911127290
189911134675
189911139497
189911146699
189911153962
189911160005
189911167390
189911174470
189911179841
189911185456
189911192903
189911199128
189911208223
189911214631
189911221955
189911229585
189911235627
189911243012
189911249665
189911256318
189911264375
189911270722
189911278413
189911285005
189911292207
189911301118
189911309174
189911315217
189911323029
189911329377
189911336762
189911344147
189911351533
189911357697
189911366853
189911372895
189911380952
189911386017
189911392914
189911402009
189911409272
189911417573
189911424714
189911431550
189911438569
189911444672
189911452179
189911458039
189911463471
189911468842
189911476288
189911482880
189911490815
189911497345
189911502716
189911510346
189911515229
189911522614
189911528046
189911535980
189911541107
189911547943
189911553375
189911560578
189911566437
189911572052
189911579071
189911587189
189911593903
189911601349
189911607697
189911613983
189911619782
189911626495
189911632965
189911640045
189911648102
189911653473
189911661224
189911666107
189911673920
189911680450
189911687042
189911694427
189911700226
189911708221
189911714020
189911721039
189911726654
189911734894
189911740020
189911745086
189911755035
189911761810
189911767425
189911775482
189911781158
189911789825
189911796356
189911802032
189911808258
189911815521
189911822784
189911829681
189911836090
189911839447
189911849639
189911856353
189911863494
189911870025
189911878387
189911885040
189911890960
189911898650
189911906097
189911911651
189911919952
189911928436
189911936004
189911942046
189911950286
189911956390
189911964019
189911972015
189911977752
189911986175
189911992095
189911999541
189912006133
189912012481
189912020232
189912025725
189912034270
189912039336
189912046721
189912052764
189912058806
189912065764
189912073150
189912079619
189912086821
189912094939
189912100249
189912108733
189912114958
189912122039
189912129790
189912137297
189912143157
189912150725
189912159026
189912164397
189912171843
189912178557
189912185759
189912192168
189912199736
189912207854
189912215178
189912222197
189912230376
189912237273
189912244841
189912250334
189912257719
189912266264
189912272185
189912281401
189912288054
189912295744
189912302092
189912310637
189912316801
189912324919
189912332182
189912338469
189912345244
189912351896
189912359037
189912366972
189912374601
189912381559
189912387297
189912395414
189912403044
189912409452
189912415190
189912423368
189912430937
189912436003
189912443632
189912448820
189912455900
189912464445
189912471281
189912480253
189912486112
189912493620
189912501798
189912507047
189912514249
189912520292
189912527921
189912534208
189912541593
189912548734
189912556669
189912564115
189912570280
189912577970
189912584196
189912590543
189912597196
189912606046
189912611051
189912617093
189912624906
189912630887
189912637906
189912644315
189912651578
189912659024
189912665677
189912672757
189912678739
189912686124
189912693631
189912700589
189912707425
189912713407
189912720243
189912725919
189912731656
189912739835
189912746121
189912753812
189912759793
189912766385
189912772305
189912778409
189912786893
189912794095
189912801236
189912806668
189912813382
189912819302
189912825589
189912833524
189912839993
189912845914
189912853177
189912858975
189912864590
189912870633
189912879605
189912884488
189912891629
189912899014
189912904080
189912911770
189912918667
189912927395
189912933865
189912940213
189912949307
189912956448
189912964566
189912970730
189912980862
189912987576
189912993374
189913001431
189913009243
189913016445
189913024746
189913032131
189913044155
189913053555
189913062161
189913069729
189913076565
189913082546
189913088894
189913096279
189913102810
189913109646
189913118435
189913127651
189913134792
189913140957
189913147182
189913154568
189913160610
189913167812
189913175503
189913181728
189913189052
189913197658
189913203396
189913211147
189913218166
189913224636
189913232876
189913238369
189913246059
189913251857
189913259365
189913267482
189913273586
189913281276
189913287197
189913296169
189913302700
189913308803
189913317104
189913323024
189913330959
189913338954
189913344997
189913351589
189913359096
189913366176
189913375026
189913382228
189913388210
189913394801
189913402736
189913408351
189913415797
189913421901
189913429286
189913435573
189913441859
189913449428
189913455348
189913462855
189913468959
189913475734
189913484340
189913490382
189913497096
189913504786
189913510890
189913516444
189913523585
189913530299
189913538539
189913545741
189913554652
189913560939
189913569056
189913576808
189913582789
189913590358
189913597438
189913605067
189913611720
189913618190
189913625453
189913634059
189913639918
189913647975
189913653346
189913661585
189913667384
189913674952
189913681544
189913689112
189913696681
189913702296
189913709620
189913715846
189913722620
189913730799
189913737086
189913744532
189913751246
189913759363
189913765162
189913770899
189913778528
189913786280
189913791712
189913798853
189913804774
189913811793
189913818323
189913825647
189913834437
189913841272
189913848597
189913855555
189913861475
189913867090
189913874109
189913882044
189913887720
189913894800
189913900904
189913908350
189913914942
189913922205
189913929102
189913937464
189913944483
189913951074
189913957788
189913963831
189913970239
189913978418
189913985986
189913991541
189913998315
189914003992
189914010706
189914018945
189914025232
189914032373
189914040186
189914047021
189914052637
189914058984
189914066003
189914072961
189914079675
189914086938
189914095910
189914102991
189914111230
189914116906
189914123742
189914133813
189914139856
189914146570
189914153405
189914158532
189914167138
189914172998
189914181848
189914188073
189914196618
189914202600
189914210717
189914216943
189914224145
189914229638
189914237756
189914244348
189914251794
189914260217
189914267846
189914274560
189914282617
189914287316
189914297570
189914304711
189914313073
189914319176
189914326928
189914333703
189914342431
189914347497
189914356591
189914363732
189914372582
189914379357
189914387414
189914395714
189914403710
189914409936
189914419213
189914425072
189914431481
189914438500
189914443383
189914452599
189914460228
189914467431
189914473473
189914481896
189914488182
189914494286
189914500573
189914507286
189914514305
189914519737
189914525658
189914534142
189914541222
189914548424
189914555016
189914560448
189914568321
189914573753
189914579979
189914585655
189914593712
189914600243
189914607445
189914612938
189914620262
189914625694
189914633079
189914639610
189914647484
189914653526
189914659630
189914666588
189914674766
189914681175
189914687767
189914694359
189914701866
189914708092
189914714561
189914723228
189914730308
189914736595
189914743797
189914749839
189914757896
189914765525
189914773277
189914778648
189914784568
189914791465
189914797691
189914804405
189914809593
189914816246
189914823204
189914827842
189914835655
189914841880
189914850791
189914857383
189914862266
189914869712
189914874290
189914880454
189914887962
189914894431
189914901389
189914908042
189914914817
189914920921
189914927634
189914933799
189914939536
189914948508
189914954002
189914961753
189914968345
189914973899
189914980857
189914986472
189914994102
189915000754
189915010764
189915017051
189915023887
189915030112
189915036399
189915044272
189915050803
189915058677
189915065268
189915073752
189915079551
189915087729
189915092795
189915101828
189915107993
189915114096
189915121176
189915127463
189915133994
189915140158
189915145835
189915152243
189915160544
189915166708
189915172019
189915177573
189915183127
189915190329
189915195395
189915204367
189915210226
189915217612
189915223898
189915229758
189915236227
189915243552
189915249045
189915256491
189915264120
189915270102
189915276327
189915282980
189915289267
189915296225
189915303549
189915310324
189915318625
189915324057
189915330404
189915337912
189915343649
189915349508
189915358236
189915363974
189915369772
189915376608
189915384115
189915392111
189915397116
189915403952
189915411947
189915418417
189915424948
189915430990
189915438558
189915444601
189915450094
189915456930
189915465170
189915471334
189915476583
189915484090
189915489034
189915494894
189915501119
189915509359
189915515096
189915522298
189915527731
189915535299
189915540731
189915548116
189915554159
189915561910
189915568136
189915573263
189915580770
189915586507
189915592794
189915599141
189915605855
189915614095
189915622457
189915629903
189915636312
189915645223
189915650716
189915658590
189915665425
189915673543
189915681478
189915690206
189915697652
189915706136
189915712606
189915718831
189915727132
189915733968
189915739949
189915748067
189915753743
189915760579
189915768575
189915774861
189915781453
189915787740
189915794881
189915800984
189915808308
189915815388
189915822408
189915828938
189915834553
189915842183
189915847249
189915854512
189915859883
189915867573
189915873677
189915879048
189915885579
189915891316
189915898884
189915906514
189915912312
189915920613
189915926716
189915932881
189915938496
189915944355
189915950947
189915957661
189915966084
189915972248
189915978657
189915985432
189915993306
189915999897
189916005635
189916011677
189916020893
189916026631
189916032185
189916041401
189916046528
189916053059
189916060749
189916069355
189916076557
189916083210
189916089069
189916096882
189916102436
189916110126
189916114582
189916123127
189916131123
189916136433
189916142658
189916147907
189916154926
189916160175
189916166767
189916174213
189916180927
189916187885
189916193989
189916200458
189916206623
189916213581
189916221637
189916226276
189916233417
189916238300
189916245624
189916251178
189916257343
189916263324
189916272052
189916279010
189916284626
189916290668
189916298297
189916304950
189916310688
189916316730
189916325641
189916332172
189916338397
189916344806
189916352252
189916358600
189916365375
189916374774
189916381366
189916389423
189916396014
189916402301
189916409442
189916417987
189916424640
189916432452
189916439227
189916446551
189916454974
189916460834
189916468890
189916475299
189916483417
189916489093
189916497149
189916503436
189916511126
189916515216
189916521747
189916527667
189916534869
189916541156
189916547381
189916555194
189916560138
189916567950
189916574908
189916582476
189916588641
189916593829
189916599505
189916606585
189916611651
189916618731
189916624652
189916632647
189916639483
189916646807
189916652911
189916659808
189916665911
189916671526
189916680010
189916685931
189916694048
189916702349
189916708575
189916718218
189916725359
189916732256
189916739458
189916745806
189916752459
189916760760
189916767290
189916773272
189916781267
189916790606
189916797442
189916802691
189916810442
189916818316
189916823076
189916829668
189916837786
189916844378
189916851397
189916857683
189916864641
189916870867
189916876726
189916883013
189916887834
189916896562
189916902361
189916908647
189916915605
189916921831
189916927385
189916934648
189916941973
189916950578
189916958269
189916965715
189916971513
189916977007
189916987016
189916990801
189916999712
189917004839
189917013200
189917020647
189917026994
189917034196
189917041154
189917046770
189917055437
189917061784
189917070024
189917078020
189917086015
189917092485
189917099016
189917105851
189917113847
189917120561
189917126420
189917134721
189917141191
189917149919
189917155168
189917161332
189917167802
189917173722
189917180253
189917186051
189917191484
189917199723
189917206620
189917211991
189917217668
189917224748
189917231156
189917236711
189917244462
189917252213
189917258439
189917265031
189917270829
189917277299
189917283158
189917288773
189917297379
189917304337
189917312760
189917320817
189917326432
189917334672
189917342667
189917349625
189917356400
189917364701
189917370377
189917378800
189917386674
189917392777
189917400284
189917406510
189917413834
189917422257
189917428666
189917433670
189917440079
189917445755
189917455582
189917462662
189917469132
189917475357
189917481339
189917487747
189917493485
189917499832
189917506424
189917513138
189917520828
189917526016
189917533707
189917540177
189917545853
189917551346
189917560196
189917566116
189917573380
189917579178
189917585648
189917591751
189917596695
189917605423
189917613113
189917619827
189917627212
189917635147
189917641495
189917647293
189917653885
189917662369
189917668411
189917674637
189917682571
189917688797
189917695083
189917702835
189917709488
189917715713
189917723831
189917730850
189917736404
189917742263
189917749466
189917756363
189917762771
189917769485
189917777359
189917783706
189917791030
189917797317
189917802932
189917808914
189917816543
189917824356
189917829605
189917835891
189917842788
189917848892
189917855972
189917862075
189917869094
189917874648
189917880935
189917888503
189917896011
189917902236
189917909011
189917917129
189917923171
189917930251
189917935866
189917940932
189917948012
189917953567
189917962600
189917967483
189917975356
189917980483
189917988479
189917995254
189918001174
189918009047
189918015212
189918021621
189918029311
189918035537
189918040480
189918049086
189918054824
189918061904
189918069228
189918076125
189918083205
189918090041
189918096511
189918102614
189918109206
189918118300
189918123244
189918130934
189918135756
189918143263
189918148329
189918155653
189918160658
189918169936
189918175795
189918182997
189918188368
189918195570
189918201308
189918209303
189918215895
189918222914
189918229140
189918234694
189918240614
189918247145
189918253248
189918259352
189918267531
189918274733
189918281202
189918288405
189918293715
189918300306
189918305555
189918313307
189918319105
189918326124
189918334120
189918342054
189918348036
189918355848
189918361586
189918370680
189918378431
189918384046
189918392042
189918398023
189918405836
189918411695
189918418714
189918426161
189918432569
189918438490
189918446363
189918452894
189918458387
189918466261
189918472974
189918480421
189918487928
189918493299
189918498792
189918505628
189918510999
189918519422
189918526075
189918531934
189918537061
189918542921
189918550611
189918556898
189918562330
189918570753
189918576856
189918584546
189918590894
189918598707
189918604932
189918612134
189918618787
189918625013
189918633496
189918639478
189918647779
189918654432
189918662366
189918669141
189918677747
189918683972
189918690808
189918697278
189918702649
189918711926
189918717847
189918725110
189918733838
189918740186
189918745496
189918753369
189918758618
189918764783
189918772412
189918778760
189918784009
189918791638
189918797131
189918803174
189918809827
189918815686
189918822339
189918829114
189918836621
189918842602
189918850476
189918856274
189918861584
189918869275
189918875500
189918882458
189918888012
189918893384
189918900464
189918905529
189918913098
189918917553
189918926098
189918930981
189918939343
189918945141
189918951123
189918958081
189918963940
189918968945
189918974621
189918981274
189918987011
189918993298
189919000805
189919006481
189919012707
189919020031
189919026989
189919034252
189919042370
189919049389
189919055370
189919064404
189919069653
189919077831
189919083263
189919092785
189919098644
189919105053
189919112804
189919119213
189919125133
189919131847
189919138805
189919146923
189919151745
189919159435
189919165050
189919171093
189919178661
189919186413
189919191662
189919198681
189919205150
189919210582
189919217907
189919223583
189919229992
189919237438
189919243297
189919250499
189919258129
189919263622
189919269603
189919276317
189919282909
189919289318
189919295360
189919301769
189919307750
189919314464
189919320629
189919328014
189919334789
189919342967
189919348277
189919353099
189919360362
189919364940
189919372203
189919379649
189919387340
189919394115
189919399242
189919407237
189919414012
189919420360
189919427013
189919433665
189919441112
189919447764
189919454600
189919460704
189919466014
189919473582
189919480174
189919486949
189919494944
189919501475
189919509471
189919515696
189919521617
189919529246
189919535228
189919544139
189919550730
189919558177
189919564769
189919570811
189919578868
189919584117
189919591746
189919600108
189919606639
189919613535
189919620677
189919628367
189919634104
189919641856
189919647837
189919655833
189919660838
189919667124
189919673716
189919681773
189919690928
189919697031
189919704539
189919711863
189919718394
189919725230
189919734324
189919741038
189919748484
189919756357
189919763254
189919769663
189919776072
189919784800
189919793161
189919800058
189919806589
189919813547
189919821543
189919828867
189919836008
189919844431
189919850595
189919858164
189919864084
189919871042
189919880686
189919886911
189919895090
189919902902
189919907541
189919916940
189919922983
189919929758
189919936716
189919942270
189919949472
189919955881
189919965280
189919973520
189919979318
189919986765
189919992685
189920000009
189920005746
189920013315
189920020883
189920026987
189920034860
189920042551
189920047922
189920056344
189920065133
189920070749
189920078561
189920085702
189920093210
189920099496
189920106027
189920114938
189920119882
189920127877
189920136300
189920143258
189920149423
189920157601
189920164804
189920172921
189920180734
189920186654
189920193490
189920200692
189920206918
189920214303
189920219918
189920226876
189920234628
189920240365
189920248116
189920257333
189920263009
189920269540
189920276315
189920283212
189920289620
189920297066
189920303536
189920312875
189920319283
189920327340
189920334054
189920341561
189920348092
189920354073
189920361397
189920368722
189920374276
189920382454
189920389901
189920396920
189920404671
189920412545
189920419564
189920425789
189920433785
189920440438
189920446602
189920455208
189920462776
189920468880
189920474983
189920483101
189920489144
189920497383
189920504891
189920510506
189920520149
189920525948
189920532662
189920539314
189920546761
189920552742
189920559944
189920565254
189920574409
189920580818
189920588753
189920594368
189920601509
189920607979
189920614937
189920620735
189920628731
189920635444
189920644050
189920650154
189920656074
189920664253
189920669990
189920678535
189920687202
189920693611
189920699775
189920706978
189920714363
189920720955
189920728279
189920734809
189920741706
189920748176
189920755867
189920761543
189920767707
189920776191
189920784004
189920789741
189920797187
189920802864
189920810127
189920815132
189920824592
189920830451
189920837653
189920844001
189920851203
189920857429
189920863410
189920871894
189920878669
189920885139
189920890937
189920897651
189920903266
189920910895
189920919990
189920925971
189920933784
189920940070
189920946601
189920952826
189920959174
189920965644
189920972297
189920980231
189920986213
189920992804
189920998786
189921005011
189921013739
189921021674
189921028693
189921034980
189921041816
189921048712
189921054877
189921062995
189921070014
189921075629
189921080878
189921088874
189921095221
189921101203
189921109076
189921116339
189921123419
189921131781
189921139472
189921145270
189921154913
189921162970
189921168646
189921176215
189921182989
189921190863
189921196478
189921204840
189921212897
189921218939
189921226324
189921232855
189921240362
189921246649
189921253607
189921260016
189921267584
189921274054
189921279913
189921285589
189921293829
189921300177
189921308416
189921316290
189921323309
189921329596
189921335638
189921344366
189921350347
189921357977
189921365850
189921372015
189921379522
189921388494
189921395757
189921401373
189921407659
189921415777
189921422735
189921429998
189921438238
189921443914
189921452032
189921457525
189921464239
189921472356
189921479192
189921488653
189921495550
189921503912
189921509344
189921515508
189921523015
189921531011
189921537664
189921543767
189921549016
189921555913
189921562017
189921570257
189921579168
189921585759
189921591558
189921599675
189921605840
189921612127
189921617925
189921626043
189921631780
189921640874
189921647344
189921653447
189921661321
189921668645
189921677129
189921683538
189921691167
189921698735
189921705632
189921714482
189921721196
189921729070
189921736821
189921743474
189921750981
189921757024
189921763799
189921772038
189921777715
189921783391
189921792851
189921798039
189921806340
189921814641
189921820866
189921826970
189921834904
189921840581
189921847111
189921855412
189921861882
189921868840
189921877080
189921881779
189921889592
189921895878
189921901738
189921910405
189921916752
189921924992
189921931645
189921938420
189921946293
189921951420
189921959538
189921965458
189921972111
189921980351
189921988102
189921996281
189922002690
189922010319
189922016422
189922025639
189922033024
189922040958
189922046574
189922055485
189922062016
189922069157
189922077763
189922083500
189922092167
189922098453
189922107242
189922113651
189922120670
189922129337
189922135685
189922142582
189922150699
189922157535
189922163578
189922170719
189922177067
189922183658
189922190555
189922196781
189922205753
189922211734
189922219181
189922225833
189922233463
189922239139
189922246585
189922253604
189922259403
189922267826
189922273990
189922280338
189922287113
189922294925
189922303775
189922310123
189922318179
189922323856
189922331668
189922339908
189922348453
189922353580
189922362918
189922369205
189922377139
189922383609
189922391238
189922396731
189922405276
189922411380
189922418033
189922424258
189922432498
189922438052
189922448001
189922454715
189922462161
189922468142
189922474978
189922483157
189922489932
189922497256
189922504519
189922509646
189922516909
189922523135
189922530093
189922535769
189922542300
189922549441
189922554263
189922561831
189922569583
189922575747
189922583315
189922589846
189922595278
189922600344
189922607119
189922612063
189922619875
189922626772
189922634280
189922640322
189922646975
189922654360
189922660525
189922667544
189922674807
189922680239
189922687197
189922693117
189922700442
189922706301
189922714175
189922722536
189922728884
189922736330
189922742678
189922749087
189922757021
189922761721
189922771425
189922779177
189922784975
189922792116
189922798891
189922806398
189922811708
189922818789
189922826784
189922834841
189922840456
189922847963
189922853273
189922859438
189922867311
189922874452
189922880739
189922885866
189922891542
189922898256
189922904482
189922911562
189922919862
189922925111
189922932619
189922938844
189922944093
189922952394
189922959047
189922964967
189922971132
189922977480
189922984987
189922991151
189922996095
189923005250
189923012941
189923018495
189923025026
189923032594
189923040834
189923046510
189923053102
189923061342
189923067445
189923073976
189923080995
189923085817
189923094789
189923101258
189923108216
189923114747
189923120851
189923128236
189923133363
189923140931
189923147584
189923153260
189923161927
189923167787
189923173219
189923179322
189923185548
189923191651
189923199952
189923206422
189923211854
189923219117
189923224000
189923231141
189923236207
189923244935
189923251588
189923257996
189923262879
189923270264
189923276002
189923283692
189923289918
189923296570
189923306153
189923311585
189923319214
189923323914
189923330872
189923336304
189923345887
189923351624
189923358948
189923364930
189923372620
189923378174
189923386475
189923392823
189923398743
189923406372
189923413208
189923419129
189923424317
189923432434
189923439087
189923447144
189923453369
189923460694
189923466736
189923472046
189923479798
189923487488
189923495056
189923501282
189923508240
189923514038
189923520142
189923526184
189923532288
189923539246
189923545715
189923551025
189923556396
189923563538
189923571167
189923576050
189923585144
189923591431
189923597290
189923603638
189923609253
189923614319
189923619812
189923625488
189923633911
189923641113
189923646606
189923652893
189923660644
189923666809
189923673584
189923681579
189923688903
189923696655
189923702331
189923708679
189923716186
189923725280
189923733154
189923739196
189923745849
189923754577
189923763549
189923769470
189923778930
189923784667
189923793823
189923802245
189923807067
189923815795
189923824157
189923830932
189923838378
189923847106
189923854430
189923862426
189923871032
189923877624
189923885070
189923890380
189923897643
189923904601
189923911315
189923918273
189923923827
189923932921
189923939208
189923946349
189923953673
189923960143
189923966857
189923974364
189923981017
189923987243
189923995360
189924002074
189924011962
189924019347
189924027465
189924034240
189924041075
189924049498
189924056517
189924065550
189924071959
189924079405
189924086852
189924092345
189924100401
189924106932
189924115355
189924123290
189924128722
189924136290
189924142394
189924150389
189924158507
189924166197
189924171507
189924179930
189924187071
189924192869
189924199705
189924208372
189924215269
189924222349
189924231138
189924238951
189924244322
189924251524
189924256834
189924264891
189924273436
189924279112
189924287718
189924296629
189924303648
189924311827
189924318663
189924326536
189924331968
189924337644
189924346495
189924354429
189924361448
189924367674
189924374510
189924380613
189924390440
189924399290
189924404966
189924412046
189924419737
189924425962
189924433408
189924441038
189924448118
189924455625
189924460935
189924468809
189924475278
189924481504
189924489561
189924496030
189924502927
189924508359
189924513975
189924521970
189924527524
189924534055
189924541074
189924547544
189924553281
189924559263
189924565671
189924573301
189924579160
189924586240
189924593686
189924598752
189924605649
189924610227
189924617185
189924622861
189924631894
189924640012
189924646482
189924652707
189924658628
189924666806
189924673215
189924680722
189924687985
189924693112
189924700253
189924705869
189924713986
189924720029
189924729062
189924735349
189924743588
189924749997
189924756711
189924762875
189924768552
189924776608
189924785580
189924791806
189924798276
189924803647
189924812070
189924818722
189924827695
189924835385
189924842465
189924848630
189924854733
189924861996
189924868832
189924874691
189924881710
189924889340
189924895138
189924901547
189924907406
189924913754
189924921322
189924927975
189924934872
189924941830
189924946469
189924952999
189924960018
189924967953
189924973324
189924980526
189924986996
189924995907
189925004208
189925010922
189925019283
189925040646
189925047726
189925055721
189925062496
189925071529
189925077938
189925084896
189925092953
189925099422
189925107845
189925115169
189925123104
189925129757
189925137508
189925145565
189925152584
189925160213
189925168148
189925174373
189925180111
189925188350
189925194576
189925204280
189925210994
189925218257
189925225521
189925231624
189925238338
189925245418
189925251399
189925258968
189925266353
189925274471
189925280635
189925289607
189925296687
189925305476
189925311519
189925319576
189925325374
189925330867
189925338252
189925344966
189925353938
189925362422
189925369136
189925374934
189925383113
189925390559
189925399715
189925405513
189925414851
189925421016
189925427058
189925434871
189925439387
189925449031
189925455928
189925462092
189925469905
189925476069
189925482051
189925487971
189925498164
189925610896
189925619502
189925627741
189925635310
189925642939
189925649409
189925656977
189925664973
189925671320
189925677241
189925687311
189925693049
189925700129
189925707575
189925715388
189925721979
189925728449
189925736384
189925744867
189925751398
189925759089
189925765375
189925770868
189925778254
189925784235
189925791803
189925797846
189925804865
189925812799
189925819818
189925826654
189925834711
189925839655
189925847040
189925853754
189925860529
189925867426
189925873468
189925881403
189925887567
189925895563
189925902155
189925908258
189925916742
189925925043
189925931329
189925937738
189925944940
189925951898
189925958185
189925964654
189925970758
189925978204
189925984613
189925992059
189926000543
189926006952
189926014642
189926020990
189926028192
189926034540
189926041559
189926048333
189926053766
189926060846
189926065667
189926073297
189926079889
189926085626
189926093011
189926098626
189926105828
189926112725
189926118646
189926125848
189926131585
189926137506
189926144464
189926151788
189926158196
189926164971
189926171258
189926177972
189926184380
189926190545
189926198724
189926204339
189926210320
189926216119
189926223809
189926230584
189926236321
189926243951
189926249810
189926257561
189926263299
189926270196
189926276971
189926284234
189926289849
189926296014
189926304803
189926311272
189926318596
189926324700
189926330254
189926336541
189926343743
189926350274
189926357171
189926363701
189926370415
189926376702
189926383538
189926389763
189926396538
189926404351
189926411431
189926416741
189926423516
189926428582
189926435051
189926440239
189926447685
189926453667
189926461113
189926468376
189926473625
189926478996
189926487175
189926493157
189926499016
189926506096
189926511040
189926518486
189926524773
189926531914
189926538261
189926543755
189926552177
189926557976
189926564323
189926572014
189926577751
189926585380
189926591362
189926597771
189926605278
189926611809
189926618828
189926625053
189926632377
189926638664
189926641899
189926652580
189926660087
189926666801
189926672966
189926679252
189926685356
189926692985
189926699150
189926705986
189926712760
189926719657
189926724601
189926731925
189926737541
189926744865
189926751640
189926757926
189926764762
189926770439
189926777458
189926783012
189926789848
189926797416
189926803703
189926810783
189926816764
189926823661
189926831962
189926839286
189926845390
189926852225
189926860953
189926867057
189926873160
189926880546
189926885856
189926891532
189926898124
189926906486
189926913077
189926918693
189926925712
189926931327
189926938041
189926945243
189926951590
189926958487
189926965201
189926973014
189926978446
189926985892
189926993766
189926999747
189927007010
189927014823
189927021476
189927027335
189927035086
189927040457
189927048209
189927054556
189927061148
189927067008
189927074515
189927079520
189927086905
189927092703
189927097830
189927105216
189927112296
189927119009
189927125479
189927131705
189927138174
189927144339
189927150626
189927156790
189927164603
189927170462
189927176443
189927182181
189927188467
189927194449
189927201468
189927210440
189927217093
189927222830
189927229971
189927235769
189927242239
189927249502
189927256460
189927262137
189927270132
189927277212
189927283499
189927290823
189927296988
189927303457
189927310293
189927317556
189927324148
189927329885
189927337637
189927343252
189927350942
189927357961
189927363943
189927370962
189927376394
189927382925
189927390798
189927396414
189927403860
189927409719
189927418447
189927424734
189927430654
189927436636
189927443227
189927449087
189927455801
189927462026
189927468496
189927474538
189927479787
189927487722
189927492849
189927500783
189927506460
189927515127
189927520131
189927527028
189927532766
189927538564
189927546560
189927551015
189927557119
189927566701
189927573415
189927580068
189927586232
189927591664
189927599477
189927605519
189927613088
189927620229
189927626332
189927632009
189927639699
189927645375
189927653066
189927658315
189927666860
189927673024
189927678700
189927686391
189927692128
189927698415
189927705739
189927712331
189927720570
189927727101
189927732533
189927738210
189927745778
189927751698
189927758290
189927765431
189927771962
189927778248
189927786488
189927792470
189927798756
189927804555
189927814747
189927821095
189927827260
189927833668
189927839222
189927845753
189927851490
189927857289
189927866200
189927872487
189927878224
189927885975
189927891652
189927898121
189927905201
189927909108
189927917652
189927923451
189927930714
189927936024
189927943959
189927950245
189927957325
189927964161
189927971729
189927978565
189927983997
189927990345
189927997486
189928003834
189928011463
189928018604
189928024891
189928030994
189928038746
189928044483
189928050281
189928058277
189928065845
189928071949
189928078968
189928086414
189928091785
189928097339
189928105579
189928110767
189928116443
189928125904
189928132374
189928137256
189928143177
189928149769
189928155689
189928162830
189928171253
189928176502
189928182483
189928188953
189928194751
189928200000
189928207019
189928212085
189928219776
189928226123
189928233753
189928239307
189928247363
189928254383
189928261402
189928268176
189928275379
189928283862
189928290393
189928298328
189928303455
189928311572
189928319263
189928327502
189928334033
189928340686
189928349292
189928355823
189928362659
189928369128
189928379321
189928385608
189928392749
189928400928
189928407519
189928413623
189928421740
189928426928
189928434619
189928441516
189928447497
189928455859
189928462512
189928470813
189928475940
189928482714
189928490161
189928496508
189928503710
189928509265
189928515856
189928524890
189928531237
189928539965
189928545397
189928551196
189928559008
189928566821
189928572619
189928579821
189928586108
189928595263
189928601489
189928608630
189928615405
189928624072
189928630968
189928637316
189928644091
189928651171
189928658922
189928664965
189928672655
189928679003
189928687304
189928693712
189928700670
189928708178
189928716540
189928723436
189928729906
189928737841
189928743334
189928749926
189928757860
189928763964
189928770494
189928776293
189928785143
189928791674
189928800646
189928806505
189928812181
189928821337
189928826952
189928834032
189928840746
189928847582
189928853319
189928862108
189928868700
189928875719
189928882066
189928889330
189928897936
189928906053
189928912645
189928918504
189928926073
189928932542
189928941026
189928948106
189928954820
189928963853
189928968980
189928979051
189928985094
189928993761
189929002061
189929008409
189929016527
189929022813
189929028734
189929036973
189929042283
189929050218
189929056504
189929063035
189929070787
189929076402
189929083543
189929091722
189929097947
189929103868
189929111619
189929116685
189929124986
189929131578
189929138413
189929144883
189929150498
189929157945
189929164048
189929169602
189929176743
189929184434
189929190354
189929197312
189929202744
189929208482
189929214951
189929222581
189929228501
189929237595
189929244370
189929250596
189929257004
189929264512
189929271226
189929277268
189929286057
189929292710
189929298997
189929304429
189929312363
189929317307
189929325730
189929332200
189929339585
189929346116
189929353440
189929359726
189929365891
189929374070
189929381089
189929388352
189929396225
189929404770
189929409958
189929417160
189929423752
189929431626
189929438156
189929446030
189929452622
189929460739
189929466843
189929474960
189929480881
189929487595
189929494370
189929500412
189929508957
189929515915
189929522446
189929531540
189929537704
189929544846
189929552475
189929558578
189929566086
189929572006
189929579452
189929587204
189929593735
189929601181
189929609115
189929615707
189929623398
189929629623
189929636459
189929643051
189929651291
189929658432
189929665573
189929672165
189929680343
189929686752
189929693527
189929704147
189929710189
189929718002
189929723983
189929731979
189929737411
189929745895
189929753951
189929760116
189929767135
189929772994
189929778365
189929785445
189929791244
189929800521
189929807601
189929814498
189929822066
189929827315
189929832870
189929839584
189929848128
189929853988
189929861861
189929867599
189929874496
189929883040
189929892074
189929897994
189929906478
189929914290
189929919478
189929927108
189929932296
189929940535
189929946700
189929955611
189929962203
189929969893
189929975997
189929982283
189929991866
189929998702
189930005477
189930012007
189930018050
189930024275
189930029585
189930036055
189930043807
189930049971
189930055525
189930061751
189930067366
189930072371
189930080245
189930085799
189930092940
189930099715
189930105696
189930110457
189930119185
189930125594
189930132674
189930139754
189930145491
189930151167
189930156966
189930164168
189930170943
189930177840
189930184126
189930189253
189930195906
189930203596
189930209944
189930218001
189930226057
189930232283
189930239546
189930245527
189930251387
189930257490
189930264875
189930271406
189930278120
189930283552
189930289839
189930298323
189930305708
189930312727
189930319136
189930324140
189930331404
189930337934
189930345381
189930352644
189930357710
189930364546
189930369734
189930377912
189930383833
189930390119
189930397138
189930405073
189930411420
189930418623
189930424543
189930431745
189930439619
189930444196
189930452070
189930461652
189930467878
189930474531
189930482953
189930490278
189930497297
189930504560
