189479412819
189479417275
189479421913
189479427590
189479433815
189479439308
189479445351
189479450844
189479456581
189479463417
189479468483
189479474709
189479480507
189479486977
189479494667
189479502113
189479508888
189479516090
189479521828
189479528908
189479535805
189479541237
189479548866
189479556923
189479561745
189479571144
189479578895
189479584877
189479592079
189479598366
189479604530
189479612282
189479619301
189479627052
189479632972
189479641578
189479648964
189479654274
189479662941
189479669105
189479675148
189479683387
189479691322
189479697792
189479704139
189479711219
189479719947
189479727394
189479733314
189479741065
189479748634
189479755653
189479764076
189479772315
189479779151
189479787452
189479793372
189479802161
189479809180
189479815833
189479824683
189479829993
189479838294
189479845008
189479853858
189479861854
189479869178
189479876136
189479882483
189479890845
189479899268
189479908240
189479916419
189479924231
189479931250
189479938636
189479945838
189479954749
189479963904
189479969031
189479978553
189479984351
189479992957
189480001074
189480008887
189480017554
189480024329
189480031836
189480038428
189480045264
189480054114
189480060217
189480067969
189480076392
189480083655
189480090125
189480098975
189480106421
189480113562
189480121313
189480128149
189480137121
189480143835
189480152991
189480159094
189480169348
189480173926
189480183569
189480187842
189480197546
189480207068
189480213232
189480222937
189480228979
189480236609
189480244482
189480250830
189480260229
189480268286
189480275549
189480281897
189480289953
189480296667
189480304968
189480311498
189480319311
189480326818
189480334387
189480343115
189480348303
189480356542
189480367162
189480374242
189480381139
189480388830
189480396093
189480403112
189480414465
189480421423
189480428686
189480437963
189480444616
189480451574
189480458837
189480465917
189480474218
189480482519
189480490575
189480498388
189480505163
189480513463
189480521032
189480528722
189480536718
189480543065
189480551610
189480560521
189480568822
189480577672
189480584142
189480592687
189480600194
189480607701
189480616429
189480625463
189480630651
189480640965
189480647862
189480654942
189480662877
189480670995
189480678075
189480684056
189480693578
189480701939
189480710057
189480717686
189480725255
189480734837
189480743260
189480750828
189480758824
189480765721
189480777318
189480786229
189480793919
189480800999
189480809056
189480817357
189480826756
189480832920
189480842076
189480849705
189480857212
189480864476
189480872349
189480879551
189480886936
189480897190
189480903843
189480912205
189480916966
189480926426
189480935764
189480943882
189480952061
189480958897
189480967686
189480976231
189480983250
189480990757
189480999180
189481008091
189481012852
189481022556
189481030979
189481038914
189481048374
189481055820
189481063511
189481070591
189481079441
189481087620
189481095005
189481103245
189481112278
189481120823
189481127720
189481134494
189481144626
189481152073
189481160923
189481169895
189481177890
189481185337
189481192539
189481200534
189481209262
189481215732
189481224338
189481229465
189481240390
189481248447
189481254855
189481262912
189481271518
189481278842
189481286533
189481294711
189481302280
189481310886
189481317905
189481326205
189481332614
189481340976
189481348727
189481355075
189481362765
189481371554
189481378756
189481386569
189481394137
189481401523
189481409274
189481416903
189481424289
189481431491
189481439486
189481446505
189481453891
189481462313
189481471163
189481478671
189481487033
189481494540
189481501620
189481509127
189481517062
189481524569
189481531527
189481537936
189481544955
189481551119
189481558138
189481563693
189481571322
189481579256
189481586520
189481592440
189481600130
189481606539
189481615267
189481622408
189481628023
189481635836
189481642367
189481649264
189481654391
189481663912
189481672030
189481678682
189481685763
189481691439
189481698641
189481704073
189481712679
189481719393
189481727388
189481733614
189481739717
189481744417
189481751314
189481759249
189481767794
189481774446
189481781710
189481787874
189481795259
189481802339
189481810823
189481817903
189481826204
189481832430
189481839815
189481847261
189481854280
189481862337
189481867952
189481876253
189481885225
189481889925
189481897188
189481905061
189481911531
189481916841
189481925447
189481929353
189481936616
189481941560
189481949190
189481956514
189481963533
189481969148
189481976289
189481983796
189481989900
189481995820
189482002900
189482009248
189482014192
189482021882
189482027742
189482035981
189482043306
189482050019
189482057038
189482062287
189482069429
189482075532
189482081575
189482087434
189482094087
189482099641
189482108125
189482113496
189482121369
189482125092
189482132966
189482138276
189482146272
189482150483
189482160188
189482167024
189482173310
189482178864
189482185212
189482188874
189482197785
189482206086
189482211091
189482218293
189482224580
189482230927
189482235688
189482242524
189482250336
189482258149
189482265351
189482272370
189482279511
189482286347
189482290131
189482298981
189482302765
189482311921
189482320404
189482328034
189482334504
189482340180
189482348664
189482355866
189482362458
189482366425
189482374848
189482382050
189482388397
189482393585
189482400238
189482407440
189482414215
189482421662
189482428314
189482433685
189482440277
189482446930
189482453217
189482460175
189482467072
189482473114
189482477997
189482485382
189482492279
189482500458
189482506256
189482513702
189482521210
189482527313
189482534820
189482541778
189482547027
189482555206
189482560882
189482569000
189482574493
189482580597
189482587494
189482594269
189482599640
189482605560
189482615142
189482621734
189482625457
189482634124
189482637970
189482645904
189482649566
189482658416
189482662262
189482672210
189482678375
189482684722
189482690155
189482696441
189482703216
189482710540
189482717498
189482722564
189482728973
189482735015
189482741607
189482747588
189482753082
189482757842
189482766509
189482774017
189482781768
189482785308
189482794158
189482801482
189482808684
189482815459
189482823577
189482830047
189482834014
189482842681
189482849944
189482857085
189482864898
189482870086
189482878936
189482884246
189482891326
189482896697
189482904509
189482912261
189482919097
189482925628
189482932280
189482938445
189482945952
189482952971
189482959136
189482966826
189482973357
189482979644
189482986052
189482992156
189482998992
189483005766
189483012480
189483018157
189483027495
189483034941
189483041472
189483046965
189483054778
189483060454
189483066740
189483073027
189483077422
189483083769
189483089873
189483096709
189483104277
189483111662
189483117277
189483125273
189483132902
189483139616
189483147246
189483152556
189483160551
189483166166
189483173002
189483178557
189483187712
189483195341
189483202055
189483209745
189483214933
189483222502
189483229643
189483236662
189483242949
189483249174
189483256620
189483264555
189483271635
189483278166
189483285551
189483290861
189483297758
189483305754
189483313749
189483319975
189483326566
189483330106
189483339018
189483345365
189483352018
189483358427
189483364957
189483371122
189483376615
189483384550
189483390287
189483398832
189483406278
189483412687
189483418302
189483424222
189483430570
189483437345
189483442899
189483449369
189483457914
189483464994
189483471586
189483478422
189483484525
189483490995
189483498075
189483505643
189483510831
189483518522
189483522428
189483530545
189483537992
189483545072
189483552152
189483557401
189483566556
189483571683
189483579679
189483585233
189483593228
189483601285
189483607999
189483614896
189483621610
189483628018
189483634610
189483641629
189483649381
189483657132
189483661160
189483670987
189483674710
189483682584
189483688992
189483695767
189483703336
189483710110
189483715665
189483721341
189483729275
189483735074
189483744473
189483751248
189483757779
189483764371
189483770962
189483776578
189483783047
189483789212
189483794522
189483802395
189483810147
189483816983
189483822232
189483828885
189483836880
189483843472
189483849148
189483854214
189483861416
189483866665
189483874111
189483881741
189483888943
189483895657
189483902615
189483910183
189483917568
189483923916
189483929714
189483936672
189483945644
189483952419
189483959621
189483966213
189483973049
189483978176
189483985439
189483993008
189484001064
189484004970
189484012966
189484019558
189484025722
189484032375
189484038723
189484046535
189484052089
189484059536
189484065029
189484072841
189484078518
189484086208
189484093105
189484099636
189484106044
189484111965
189484119716
189484124782
189484133144
189484139736
189484146328
189484150417
189484160732
189484166103
189484172756
189484178920
189484185146
189484193386
189484199123
189484207240
189484214992
189484221950
189484227748
189484234645
189484238673
189484248134
189484252101
189484261684
189484267238
189484273524
189484279140
189484286464
189484293605
189484300502
189484306789
189484313075
189484320033
189484327052
189484333522
189484339076
189484347316
189484352626
189484360133
189484365443
189484372828
189484377894
189484384242
189484392421
189484398646
189484404200
189484408656
189484413600
189484421351
189484428492
189484433924
189484442469
189484447535
189484454371
189484460536
189484467311
189484473353
189484478785
189484484950
189484491725
189484498805
189484506129
189484510584
189484522425
189484528956
189484534693
189484542078
189484547266
189484555140
189484558863
189484567042
189484573817
189484580469
189484588038
189484595179
189484601771
189484607325
189484615504
189484621302
189484629420
189484636988
189484643763
189484649622
189484656275
189484663965
189484671106
189484676783
189484684900
189484691980
189484697413
189484705286
189484712854
189484719568
189484726465
189484733850
189484739649
189484747217
189484753870
189484759302
189484767725
189484775171
189484782190
189484786341
189484795130
189484802454
189484809168
189484815210
189484821924
189484829126
189484835657
189484842371
189484848596
189484854456
189484860193
189484865686
189484871606
189484878259
189484885522
189484893396
189484898767
189484904687
189484912195
189484918420
189484924219
189484929407
189484934595
189484942773
189484946374
189484955224
189484961816
189484968286
189484972009
189484981103
189484987634
189484994470
189485001245
189485006982
189485012780
189485018579
189485023523
189485030053
189485038049
189485043237
189485051721
189485056970
189485062829
189485069848
189485076562
189485083215
189485091455
189485096887
189485104516
189485110681
189485117150
189485123742
189485130944
189485137780
189485144555
189485151269
189485157677
189485164208
189485170678
189485177331
189485182763
189485190148
189485196618
189485203576
189485208031
189485214928
189485219445
189485226281
189485233849
189485241418
189485246605
189485252587
189485257470
189485264672
189485269738
189485276146
189485281518
189485289330
189485295372
189485301293
189485306786
189485316307
189485323326
189485330529
189485337975
189485344261
189485354821
189485361412
189485368614
189485374657
189485383202
189485389366
189485394798
189485403893
189485409691
189485416405
189485422691
189485430321
189485437401
189485444786
189485451134
189485458031
189485463951
189485469383
189485477867
189485485374
189485492210
189485498436
189485505089
189485511742
189485518883
189485526146
189485532554
189485540184
189485545372
189485553062
189485557213
189485564354
189485571739
189485578270
189485585228
189485592308
189485598350
189485603904
189485610801
189485616233
189485623802
189485630333
189485636375
189485642723
189485649131
189485655479
189485662254
189485669517
189485676963
189485684654
189485691123
189485697898
189485701866
189485709983
189485717063
189485723716
189485730735
189485738120
189485745200
189485750694
189485757713
189485763450
189485773460
189485780173
189485787070
189485794761
189485799644
189485806785
189485813926
189485821372
189485827476
189485835532
189485841208
189485849387
189485856223
189485862815
189485869529
189485876548
189485884421
189485889243
189485896689
189485902304
189485910422
189485915549
189485923239
189485929953
189485936362
189485942038
189485948691
189485956198
189485961142
189485968588
189485975913
189485982871
189485986472
189485994345
189486000632
189486006857
189486013449
189486020041
189486027426
189486034934
189486041830
189486047385
189486054221
189486059653
189486067404
189486074057
189486080405
189486087302
189486093771
189486101157
189486106161
189486115378
189486121054
189486128927
189486134726
189486143149
189486147299
189486156698
189486160849
189486169516
189486177511
189486184408
189486190878
189486197836
189486204550
189486211508
189486218649
189486225424
189486232382
189486239828
189486245321
189486252035
189486258993
189486266195
189486272360
189486279562
189486286215
189486291158
189486298177
189486303427
189486311178
189486316427
189486324056
189486331014
189486337667
189486344076
189486348837
189486353963
189486361776
189486365255
189486373251
189486380025
189486386312
189486391622
189486397787
189486402303
189486409749
189486416646
189486423116
189486429220
189486435628
189486441671
189486447347
189486452840
189486458700
189486464742
189486472493
189486479635
189486485250
189486493612
189486500814
189486507894
189486515096
189486522481
189486529073
189486534749
189486543172
189486550862
189486557942
189486564717
189486572164
189486579610
189486585103
189486592732
189486599874
189486606465
189486610372
189486618123
189486625325
189486631917
189486638875
189486646016
189486652425
189486658223
189486666463
189486674458
189486679280
189486687276
189486693562
189486699300
189486705586
189486712483
189486717488
189486724507
189486730000
189486739522
189486743306
189486752766
189486757832
189486765706
189486772725
189486779255
189486785054
189486790242
189486797566
189486801411
189486810627
189486818806
189486825459
189486832173
189486838826
189486845356
189486852619
189486859394
189486865559
189486873554
189486880940
189486887470
189486893513
189486900227
189486906819
189486913593
189486921040
189486928730
189486935322
189486940876
189486948689
189486952839
189486961872
189486970478
189486975544
189486983417
189486988117
189486996601
189487002277
189487009418
189487015461
189487023456
189487030597
189487037006
189487044147
189487050678
189487056171
189487063007
189487070148
189487076679
189487083393
189487088703
189487095234
189487101276
189487108356
189487116046
189487122455
189487129535
189487134479
189487141986
189487148639
189487155109
189487162128
189487168537
189487176471
189487183185
189487188983
189487195575
189487202960
189487210468
189487216815
189487223285
189487229938
189487233783
189487241534
189487249652
189487255145
189487262897
189487269672
189487276446
189487283038
189487290240
189487297504
189487303912
189487309772
189487318133
189487325763
189487332477
189487339251
189487346026
189487352862
189487360980
189487366839
189487374408
189487381427
189487386981
189487395648
189487399493
189487408587
189487416522
189487423175
189487429278
189487434222
189487442157
189487446856
189487455218
189487461627
189487468279
189487475421
189487481951
189487489642
189487494402
189487501421
189487508990
189487515337
189487521807
189487527850
189487533221
189487541094
189487544939
189487553973
189487561785
189487568499
189487575274
189487582049
189487587786
189487594439
189487601092
189487608172
189487614397
189487620501
189487628863
189487635760
189487640581
189487648882
189487654741
189487662676
189487668108
189487676165
189487682818
189487689104
189487695757
189487703142
189487711443
189487716570
189487723589
189487730791
189487737932
189487743425
189487751604
189487758684
189487765154
189487771929
189487778093
189487784014
189487790788
189487795610
189487803606
189487811235
189487816728
189487824114
189487832231
189487838579
189487844560
189487851030
189487858476
189487865251
189487870439
189487875627
189487883317
189487890581
189487898027
189487905534
189487912248
189487918291
189487925249
189487931291
189487936418
189487943437
189487949418
189487957353
189487964006
189487970598
189487977922
189487983049
189487991227
189487998735
189488006486
189488012101
189488020524
189488024552
189488032487
189488039567
189488047257
189488053910
189488060746
189488068925
189488073869
189488081559
189488088883
189488096452
189488103715
189488110673
189488117082
189488123734
189488129655
189488136124
189488144059
189488151871
189488157304
189488164567
189488170670
189488176469
189488184281
189488191544
189488198563
189488206681
189488211808
189488218949
189488225663
189488232682
189488237809
189488245072
189488252579
189488258866
189488265030
189488271500
189488279679
189488284745
189488292069
189488299576
189488306107
189488311234
189488318924
189488322647
189488330094
189488336380
189488343338
189488351273
189488358475
189488365128
189488372452
189488378617
189488384110
189488392777
189488399429
189488405960
189488412613
189488417618
189488425797
189488433121
189488440262
189488445877
189488454239
189488461319
189488468094
189488473831
189488480423
189488487137
189488494339
189488502823
189488508621
189488516861
189488520767
189488529068
189488534683
189488542740
189488551223
189488557754
189488563308
189488570022
189488577285
189488584121
189488590530
189488597122
189488605606
189488609024
189488616897
189488624038
189488630569
189488637771
189488645339
189488651565
189488658401
189488664382
189488669814
189488677505
189488681106
189488691055
189488697646
189488704299
189488710708
189488717910
189488724258
189488731521
189488737685
189488743667
189488750991
189488758010
189488764236
189488771072
189488776321
189488783340
189488790786
189488798293
189488804091
189488812026
189488818862
189488825454
189488832412
189488839492
189488846694
189488853347
189488860244
189488867568
189488876235
189488882338
189488889418
189488896376
189488903090
189488910170
189488916640
189488922560
189488929824
189488935866
189488943618
189488950942
189488956557
189488964003
189488971144
189488977858
189488984816
189488991347
189488997817
189489004836
189489010390
189489015456
189489022780
189489028334
189489036818
189489045607
189489052626
189489059218
189489064345
189489072645
189489079848
189489085402
189489094008
189489100477
189489104262
189489113478
189489120680
189489127394
189489133314
189489140150
189489148451
189489154371
189489163527
189489167677
189489178053
189489184034
189489190809
189489196730
189489203505
189489210401
189489216871
189489223097
189489229566
189489235609
189489242201
189489249769
189489257032
189489262708
189489267530
189489275404
189489280042
189489286634
189489293958
189489300855
189489305555
189489313306
189489317274
189489325452
189489329115
189489337904
189489345716
189489350843
189489357679
189489363599
189489369031
189489374891
189489380079
189489387220
189489394361
189489400953
189489406873
189489413160
189489420728
189489425611
189489432203
189489439527
189489445508
189489451124
189489458997
189489462781
189489470899
189489476209
189489483960
189489487928
189489497632
189489501355
189489509717
189489516370
189489522840
189489526746
189489535413
189489543286
189489549817
189489555738
189489562268
189489568250
189489574780
189489581189
189489588147
189489596448
189489603894
189489610547
189489619153
189489625745
189489630627
189489639600
189489646008
189489652539
189489660046
189489664807
189489671643
189489678540
189489684766
189489691601
189489699231
189489706372
189489713574
189489719372
189489728650
189489734509
189489741528
189489748364
189489754529
189489760571
189489767346
189489773694
189489780713
189489787671
189489793225
189489800366
189489805371
189489812390
189489817456
189489825024
189489831188
189489838024
189489841809
189489851635
189489857922
189489864453
189489871716
189489876660
189489883373
189489890209
189489897411
189489904430
189489910046
189489916699
189489922924
189489928356
189489934460
189489942089
189489949657
189489955151
189489963268
189489967113
189489975353
189489980724
189489988598
189489995861
189490002941
189490008434
189490014782
189490018505
189490027599
189490034923
189490040172
189490047924
189490054699
189490061474
189490066417
189490073558
189490079967
189490086010
189490094066
189490101268
189490106456
189490112926
189490119518
189490125804
189490130687
189490137767
189490143444
189490150890
189490158092
189490164318
189490167919
189490176036
189490181712
189490188487
189490195079
189490201366
189490206554
189490212718
189490220226
189490225169
189490232677
189490240367
189490247020
189490251842
189490258922
189490265514
189490271495
189490276561
189490282420
189490288096
189490296397
189490301768
189490309093
189490312816
189490321116
189490326549
189490335399
189490343516
189490350230
189490356578
189490364451
189490372081
189490377818
189490385386
189490391063
189490400767
189490406810
189490413462
189490420420
189490427622
189490434458
189490440806
189490448741
189490454051
189490460154
189490465464
189490472971
189490478159
189490484873
189490490428
189490499400
189490503123
189490512278
189490518992
189490525340
189490530955
189490538462
189490546030
189490552561
189490558359
189490564646
189490570811
189490577341
189490582468
189490589304
189490595591
189490601816
189490608652
189490614268
189490620371
189490627451
189490633982
189490639475
189490646921
189490650400
189490658274
189490663096
189490670298
189490673655
189490681650
189490688059
189490695078
189490702768
189490707712
189490714487
189490720713
189490724253
189490732981
189490739939
189490746347
189490753000
189490757883
189490765634
189490772592
189490778391
189490786325
189490792124
189490799020
189490806284
189490811594
189490818430
189490823740
189490831857
189490838632
189490845956
189490849802
189490857919
189490863229
189490870676
189490877206
189490884531
189490892709
189490899484
189490905466
189490911935
189490917734
189490924142
189490930368
189490937326
189490944894
189490951608
189490958810
189490964792
189490973031
189490981027
189490988168
189490995431
189491003854
189491010018
189491014535
189491022225
189491026559
189491032601
189491040780
189491049264
189491056649
189491063790
189491070809
189491078134
189491084298
189491091073
189491098214
189491103280
189491110360
189491116341
189491123055
189491126839
189491136422
189491144112
189491150948
189491158089
189491164559
189491171395
189491176278
189491183114
189491189950
189491197457
189491202584
189491211739
189491218209
189491225228
189491230233
189491240181
189491249215
189491255318
189491263253
189491268990
189491276680
189491280770
189491292183
189491298165
189491304695
189491311959
189491319649
189491326485
189491333443
189491342110
189491349861
189491357857
189491363106
189491371224
189491376289
189491383797
189491391121
189491396858
189491403633
189491408821
189491415718
189491423531
189491431404
189491438850
189491442696
189491453316
189491458870
189491465401
189491472664
189491479683
189491487129
189491494453
189491500984
189491507637
189491515144
189491523811
189491528328
189491537605
189491546150
189491553779
189491560432
189491568061
189491574470
189491583137
189491590889
189491598335
189491605720
189491613716
189491620246
189491626838
189491632514
189491640571
189491648200
189491654060
189491661201
189491667610
189491676521
189491681587
189491687873
189491694404
189491700935
189491706550
189491712165
189491719856
189491727485
189491732246
189491739326
189491745734
189491753913
189491760200
189491768134
189491774421
189491779731
189491786811
189491790717
189491799262
189491804816
189491812201
189491818976
189491825446
189491831977
189491839057
189491845160
189491853705
189491860602
189491866278
189491872138
189491877570
189491886054
189491891547
189491898505
189491904914
189491913275
189491917060
189491925849
189491929511
189491938178
189491945502
189491952521
189491959296
189491966071
189491971137
189491977240
189491984137
189491990546
189491995856
189492005499
189492011664
189492019171
189492025946
189492031378
189492037421
189492044379
189492050116
189492055975
189492063910
189492068732
189492075323
189492080267
189492087408
189492093451
189492100348
189492107550
189492114203
189492120550
189492125250
189492132147
189492138067
189492143744
189492149908
189492156439
189492163092
189492169134
189492175726
189492183050
189492188055
189492194586
189492203009
189492210394
189492214666
189492221136
189492227545
189492233526
189492238714
189492245001
189492252752
189492259832
189492265386
189492273748
189492277776
189492286565
189492290533
189492299017
189492304998
189492313970
189492319585
189492325811
189492333135
189492339605
189492346075
189492351934
189492360052
189492365606
189492373296
189492380132
189492385076
189492391851
189492397588
189492404790
189492411077
189492416204
189492423650
189492430303
189492434881
189492442327
189492449041
189492456182
189492463018
189492468145
189492474797
189492480107
189492486089
189492492742
189492499517
189492505254
189492510442
189492518071
189492523503
189492529790
189492535283
189492544683
189492552800
189492559514
189492565190
189492570928
189492576787
189492582707
189492587773
189492594426
189492602788
189492607915
189492615361
189492620183
189492627385
189492633733
189492640324
189492646062
189492653996
189492659733
189492665837
189492672185
189492678532
189492683781
189492691167
189492697392
189492704960
189492710393
189492717106
189492722355
189492730351
189492734074
189492741703
189492747868
189492754094
189492760930
189492767338
189492772831
189492781559
189492787602
189492794560
189492801213
189492808476
189492815312
189492821965
189492828861
189492832890
189492842350
189492849430
189492856449
189492864262
189492869206
189492876042
189492882755
189492889774
189492896305
189492905888
189492909916
189492917789
189492924503
189492931034
189492937687
189492944523
189492952457
189492957706
189492964725
189492971195
189492978519
189492983524
189492991154
189492999698
189493006351
189493011783
189493018619
189493023746
189493031070
189493036564
189493044315
189493050357
189493058658
189493062442
189493071048
189493074771
189493084110
189493090641
189493097232
189493103763
189493110294
189493116092
189493122074
189493127445
189493133487
189493140445
189493145511
189493153751
189493159000
189493166324
189493173099
189493179324
189493184573
189493191104
189493196658
189493204105
189493209048
189493216434
189493220096
189493227908
189493233218
189493242068
189493249393
189493256290
189493261600
189493267642
189493274295
189493280337
189493286075
189493292544
189493299014
189493305850
189493312747
189493317813
189493325320
189493332400
189493338504
189493346988
189493353823
189493359134
189493365908
189493371157
189493379397
189493384951
189493392276
189493401248
189493406558
189493414553
189493421084
189493427188
189493433779
189493439395
189493449160
189493455264
189493462466
189493470217
189493477541
189493484377
189493491030
189493497256
189493503542
189493510256
189493517153
189493523501
189493529848
189493534609
189493542239
189493549746
189493556032
189493560549
189493567446
189493573794
189493578799
189493585146
189493589846
189493597048
189493603884
189493609377
189493617251
189493622316
189493629641
189493633181
189493641481
189493648806
189493653566
189493660463
189493666445
189493672792
189493679079
189493685060
189493692446
189493699037
189493705751
189493711489
189493717775
189493725038
189493729616
189493736696
189493744264
189493751283
189493756593
189493762575
189493769411
189493776064
189493781435
189493788637
189493794557
189493803468
189493807375
189493816591
189493820558
189493828615
189493832460
189493841310
189493849550
189493856447
189493861879
189493868410
189493875307
189493881837
189493888002
189493894716
189493901796
189493908204
189493915162
189493919252
189493928407
189493932679
189493942933
189493949647
189493956056
189493962281
189493968751
189493976197
189493981202
189493988038
189493993531
189494001283
189494004945
189494013978
189494017701
189494026917
189494033387
189494040406
189494047914
189494054566
189494057008
189494066163
189494073731
189494078431
189494086366
189494091737
189494099488
189494106507
189494111878
189494118714
189494125916
189494131348
189494138367
189494144959
189494153016
189494158509
189494166016
189494173157
189494177979
189494183228
189494190491
189494198487
189494205445
189494213135
189494218750
189494226136
189494233155
189494239808
189494247925
189494255738
189494262635
189494268921
189494275635
189494281739
189494287110
189494295410
189494301209
189494309326
189494316529
189494323364
189494327271
189494335694
189494342529
189494348938
189494355835
189494362305
189494368469
189494373230
189494380920
189494385803
189494393250
189494401001
189494408630
189494414001
189494421875
189494427795
189494434021
189494440857
189494447327
189494455871
189494461426
189494469360
189494475159
189494484680
189494490845
189494497680
189494505676
189494511596
189494520080
189494527466
189494534851
189494541748
189494550109
189494556823
189494565246
189494570739
189494580322
189494586914
189494594238
189494602661
189494606689
189494616332
189494622985
189494629577
189494635497
189494640869
189494648681
189494654052
189494661926
189494669433
189494675781
189494682372
189494689147
189494695739
189494699706
189494708373
189494715881
189494721252
189494729308
189494737060
189494743468
189494753051
189494760497
189494766784
189494773559
189494779052
189494788024
189494793578
189494800780
189494809935
189494816588
189494822204
189494830321
189494838073
189494847167
189494851989
189494859496
189494868407
189494875426
189494881713
189494888060
189494894957
189494900511
189494909362
189494917235
189494924315
189494932067
189494938963
189494945555
189494953612
189494959227
189494966002
189494972044
189494979308
189494985899
189494992552
189494999815
189495005125
189495013121
189495020262
189495026366
189495032774
189495039732
189495045897
189495052672
189495059202
189495066282
189495073057
189495080260
189495088133
189495094481
189495101683
189495107176
189495115416
189495119566
189495130125
189495136595
189495142942
189495151548
189495159910
189495166563
189495173399
189495179197
189495186460
189495194578
189495201170
189495208189
189495215086
189495222837
189495229307
189495236143
189495241697
189495249815
189495257627
189495265928
189495272459
189495277769
189495285032
189495291990
189495295957
189495304075
189495311399
189495316343
189495323728
189495329038
189495336729
189495344907
189495351987
189495357236
189495363340
189495368589
189495373289
189495380185
189495385373
189495394285
189495401243
189495407773
189495413389
189495419858
189495427121
189495433835
189495440549
189495447019
189495454038
189495463681
189495469785
189495477353
189495485715
189495492551
189495500608
189495507932
189495514401
189495521848
189495528378
189495536923
189495544919
189495552548
189495559140
189495566403
189495573239
189495581418
189495588010
189495597226
189495603024
189495609372
189495616452
189495623532
189495630612
189495637082
189495643063
189495651425
189495659543
189495666379
189495674313
189495679318
189495687863
189495694394
189495700375
189495707150
189495712277
189495720028
189495727047
189495734799
189495741879
189495749936
189495756527
189495764462
189495769345
189495776486
189495783016
189495789852
189495796017
189495804562
189495811032
189495818417
189495825253
189495832577
189495840939
189495848080
189495855587
189495862423
189495869564
189495877010
189495883297
189495891598
189495898495
189495906612
189495913265
189495921078
189495929134
189495935238
189495943783
189495953060
189495958858
189495969112
189495975948
189495980953
189495988765
189495995296
189496004513
189496012813
189496019771
189496026180
189496032650
189496037655
189496044674
189496051204
189496058528
189496062191
189496070491
189496078060
189496083797
189496090999
189496098018
189496103267
189496109798
189496115657
189496121944
189496127742
189496133296
189496140682
189496145931
189496153743
189496157527
189496165767
189496169490
189496179195
189496187434
189496194270
189496199825
189496205562
189496210872
189496216853
189496223018
189496230586
189496238460
189496245784
189496252925
189496258662
189496269221
189496274837
189496281672
189496289241
189496295588
189496301753
189496307734
189496309688
189496318599
189496325862
189496331233
189496339167
189496346492
189496351985
189496358821
189496364985
189496371699
189496377131
189496382746
189496390620
189496395686
189496402705
189496407710
189496414912
189496418513
189496427912
189496435725
189496440791
189496448237
189496454279
189496459284
189496465083
189496471308
189496477229
189496483515
189496490961
189496499323
189496503840
189496513361
189496520624
189496527705
189496531977
189496541621
189496548395
189496554926
189496561030
189496567743
189496574701
189496580439
189496588923
189496594233
189496602533
189496608088
189496614496
189496621637
189496627802
189496636408
189496643000
189496646601
189496654169
189496659418
189496667170
189496673456
189496678583
189496687921
189496693476
189496700800
189496707147
189496712580
189496719110
189496726373
189496731622
189496739618
189496746271
189496751337
189496757318
189496763971
189496768366
189496774896
189496782159
189496789056
189496796136
189496801324
189496808099
189496813837
189496821283
189496826593
189496832147
189496840082
189496843561
189496852533
189496856195
189496864252
189496870782
189496877862
189496885431
189496892572
189496899225
189496905694
189496910699
189496916497
189496921746
189496928399
189496936029
189496943780
189496950494
189496957818
189496965448
189496973748
189496980645
189496986688
189496995233
189497002069
189497007318
189497015618
189497023065
189497029046
189497037469
189497044183
189497051080
189497057061
189497062432
189497069634
189497075005
189497083001
189497088555
189497097039
189497100823
189497109673
189497116448
189497122552
189497126214
189497134270
189497140923
189497147210
189497153313
189497159661
189497165703
189497172051
189497179375
189497186638
189497192864
189497197564
189497204094
189497210442
189497216851
189497221917
189497228020
189497234246
189497243279
189497247185
189497255242
189497260613
189497267571
189497272698
189497281304
189497284783
189497293267
189497296990
189497305657
189497313286
189497319939
189497326592
189497334587
189497340996
189497348320
189497355339
189497361198
189497370415
189497377983
189497384758
189497391594
189497398369
189497404961
189497411308
189497417534
189497423454
189497430473
189497438103
189497446037
189497450981
189497459221
189497464470
189497470756
189497477531
189497482963
189497488640
189497497184
189497502433
189497508659
189497513969
189497522026
189497528007
189497534904
189497538627
189497547355
189497554191
189497560112
189497565849
189497572013
189497577323
189497584770
189497592948
189497598136
189497606193
189497610893
189497618095
189497624626
189497630058
189497637382
189497643607
189497648673
189497656242
189497661491
189497668571
189497673881
189497681754
189497687736
189497695487
189497702140
189497708732
189497712699
189497721061
189497726554
189497734000
189497741508
189497748649
189497754874
189497761466
189497767570
189497774100
189497780814
189497787711
189497796073
189497803458
189497810111
189497818412
189497825370
189497829581
189497839225
189497845328
189497851554
189497858023
189497864920
189497871390
189497878165
189497885977
189497893546
189497899771
189497904898
189497910575
189497917044
189497923148
189497927908
189497934500
189497940665
189497949454
189497953116
189497961722
189497968069
189497974356
189497980826
189497987296
189497994009
189498000052
189498006277
189498010733
189498017508
189498023550
189498030386
189498038809
189498046194
189498051565
189498057608
189498064566
189498070242
189498077200
189498084768
189498091787
189498096914
189498102285
189498109976
189498116629
189498123159
189498126944
189498136038
189498143667
189498150564
189498156424
189498162893
189498170278
189498175283
189498182302
189498189016
189498196890
189498202871
189498210012
189498215261
189498223806
189498227773
189498236685
189498243887
189498250478
189498256460
189498262685
189498269521
189498275686
189498281240
189498288015
189498294790
189498301809
189498309011
189498313161
189498321706
189498329519
189498336355
189498343252
189498349843
189498356496
189498362905
189498368703
189498375051
189498381704
189498386464
189498395009
189498400197
189498406911
189498413991
189498420156
189498427236
189498433644
189498440541
189498448659
189498453847
189498461171
189498466970
189498473195
189498479421
189498486318
189498494130
189498499501
189498507436
189498513967
189498520253
189498526784
189498532521
189498539418
189498546864
189498554494
189498560902
189498566335
189498573537
189498579030
189498587514
189498594594
189498601674
189498608021
189498614491
189498618458
189498626881
189498630788
189498639516
189498647755
189498652577
189498659108
189498665089
189498671254
189498677174
189498682972
189498689686
189498696461
189498703541
189498709095
189498716053
189498721791
189498728382
189498734059
189498739918
189498747914
189498753102
189498760670
189498764454
189498772816
189498778126
189498785267
189498791065
189498799061
189498805958
189498812428
189498819386
189498825855
189498831532
189498838612
189498847157
189498853138
189498860340
189498865772
189498872059
189498878895
189498884876
189498890736
189498898792
189498903919
189498910694
189498915638
189498923450
189498927235
189498936268
189498940235
189498950306
189498956470
189498962879
189498969410
189498975513
189498980518
189498986927
189498994617
189498999622
189499005848
189499010486
189499018299
189499023059
189499031116
189499038501
189499045764
189499053028
189499059742
189499066822
189499073841
189499080982
189499087085
189499095142
189499101001
189499108936
189499114856
189499123767
189499131213
189499138294
189499144336
189499152576
189499158374
189499165759
189499174304
189499180347
189499186694
189499193225
189499202502
189499208911
189499215503
189499220080
189499229480
189499236316
189499243152
189499250354
189499256030
189499264209
189499269275
189499276477
189499284350
189499290881
189499298632
189499305774
189499311450
189499319323
189499326281
189499331713
189499339709
189499346423
189499354846
189499361315
189499368457
189499374438
189499380236
189499387438
189499393359
189499401843
189499409411
189499416735
189499423571
189499430651
189499437975
189499445239
189499451952
189499458727
189499465807
189499472094
189499479296
189499486559
189499493395
189499501025
189499506884
189499512926
189499518908
189499526232
189499532824
189499542467
189499548632
189499555712
189499561632
189499567248
189499576586
189499584887
189499590441
189499598864
189499604418
189499611620
189499619066
189499626329
189499633654
189499639513
189499649034
189499655748
189499662401
189499671068
189499676927
189499685961
189499691637
189499697801
189499705248
189499712511
189499718614
189499724840
189499733873
189499740709
189499747362
189499754198
189499759386
189499765062
189499771165
189499779527
189499785753
189499791917
189499798997
189499804613
189499809434
189499815904
189499823350
189499830675
189499837938
189499846177
189499853441
189499861314
189499866014
189499874132
189499880601
189499887010
189499892991
189499901292
189499908311
189499915818
189499922593
189499930101
189499937181
189499944322
189499950303
189499957444
189499964830
189499971299
189499978440
189499985276
189499990525
189500000230
189500007066
189500014451
189500021531
189500028001
189500034226
189500042710
189500047715
189500055589
189500059922
189500069566
189500073655
189500082383
189500090440
189500098740
189500104783
189500110947
189500117356
189500124192
189500131272
189500137437
189500144272
189500150986
189500159409
189500166672
189500173081
189500179978
189500186387
189500193100
189500197129
189500205796
189500212265
189500219407
189500225083
189500231369
189500239304
189500246689
189500253586
189500261338
189500267990
189500274948
189500279465
189500289047
189500295090
189500302048
189500309128
189500314743
189500323227
189500331284
189500338242
189500345139
189500350449
189500358078
189500365768
189500373947
189500382004
189500386459
189500395309
189500403305
189500411117
189500418991
189500423263
189500432480
189500440536
189500446335
189500453659
189500461288
189500467941
189500474289
189500480453
189500486801
189500494186
189500500595
189500507125
189500514145
189500522811
189500528122
189500535629
189500542831
189500549179
189500554855
189500561508
189500568710
189500573043
189500580856
189500584518
189500593673
189500599960
189500607406
189500614181
189500620529
189500626205
189500631759
189500637985
189500645065
189500652023
189500659896
189500666732
189500673080
189500681258
189500686935
189500696395
189500704818
189500710494
189500718246
189500726363
189500731612
189500739364
189500748519
189500753646
189500760360
189500768294
189500774093
189500781844
189500790328
189500794844
189500803634
189500810958
189500817794
189500826522
189500833846
189500841964
189500849593
189500856429
189500863692
189500870772
189500877791
189500883406
189500889693
189500897261
189500903426
189500909834
189500915999
189500921370
189500930464
189500937117
189500942976
189500950423
189500956221
189500963606
189500969710
189500976851
189500983870
189500991621
189500998152
189501004988
189501012190
189501021467
189501028242
189501034529
189501041731
189501046797
189501053999
189501057905
189501067000
189501074446
189501081343
189501089766
189501093550
189501102217
189501109907
189501116621
189501125898
189501133650
189501139387
189501148176
189501155805
189501164045
189501173017
189501179975
189501186811
189501193525
189501199751
189501208174
189501215376
189501220503
189501229109
189501235212
189501239851
189501247541
189501256635
189501262189
189501269819
189501274824
189501281049
189501288984
189501295331
189501303266
189501309370
189501317121
189501323469
189501330060
189501337812
189501345258
189501351056
189501356366
189501363752
189501368757
189501376020
189501381330
189501388044
189501393659
189501403180
189501407148
189501415815
189501422467
189501428998
189501435712
189501443097
189501449750
189501456464
189501463849
189501468671
189501475751
189501481915
189501488507
189501496442
189501503705
189501509076
189501515485
189501520856
189501528424
189501533795
189501542035
189501549054
189501555768
189501562604
189501568707
189501574200
189501580182
189501586407
189501593487
189501599591
189501606061
189501612103
189501618268
189501625592
189501630047
189501637677
189501643170
189501650677
189501658185
189501664410
189501672345
189501678753
189501684369
189501691082
189501699139
189501706768
189501714398
189501718304
189501728802
189501735516
189501742413
189501750347
189501755474
189501763958
189501769329
189501777325
189501784771
189501790447
189501799053
189501806194
189501811443
189501819317
189501824444
189501831951
189501835491
189501843060
189501851604
189501856609
189501860332
189501869305
189501872967
189501882366
189501889080
189501896343
189501901897
189501908611
189501915325
189501919903
189501926555
189501933025
189501939556
189501947307
189501953960
189501959209
189501965557
189501972149
189501978435
189501983318
189501989360
189501994732
189502002788
189502008037
189502014690
189502020183
189502029155
189502032878
189502041545
189502049785
189502056499
189502063701
189502068828
189502077129
189502082561
189502090801
189502096660
189502105571
189502111553
189502119365
189502125896
189502132549
189502139262
189502147197
189502154460
189502161723
189502168315
189502175944
189502182414
189502188884
189502195964
189502203471
189502211345
189502218059
189502224406
189502232219
189502239116
189502245585
189502252299
189502258708
189502264995
189502270976
189502279460
189502285258
189502293132
189502301738
189502308635
189502313945
189502319438
189502327250
189502334697
189502340007
189502348368
189502353068
189502361186
189502369425
189502375102
189502382426
189502389689
189502395915
189502403300
189502409525
189502417643
189502425639
189502432475
189502438761
189502444865
189502452250
189502460734
189502468302
189502473307
189502481913
189502488688
189502496073
189502500712
189502508524
189502514139
189502521280
189502526468
189502535135
189502540568
189502546671
189502553507
189502559488
189502567545
189502574015
189502581156
189502587870
189502594889
189502602030
189502609659
189502618570
189502625345
189502629923
189502637491
189502642191
189502649820
189502656656
189502666239
189502672525
189502679361
189502685221
189502692117
189502697794
189502705057
189502712625
189502719156
189502725687
189502731790
189502737650
189502744608
189502752054
189502759927
189502766885
189502773294
189502781412
189502787027
189502796670
189502803262
189502809732
189502817422
189502824136
189502831582
189502837991
189502845682
189502852762
189502860147
189502867227
189502875039
189502882241
189502889383
189502896157
189502901406
189502909280
189502917642
189502924844
189502930886
189502940286
189502946633
189502953469
189502960183
189502966714
189502974648
189502982278
189502988931
189502994607
189503004250
189503010049
189503016396
189503024514
189503029885
189503039346
189503046243
189503052956
189503059365
189503065041
189503073220
189503080178
189503086953
189503094399
189503101235
189503106789
189503114663
189503121255
189503128640
189503135598
189503141945
189503146950
189503153115
189503158059
189503166604
189503172280
189503179665
189503186318
189503193093
189503199562
189503205422
189503214089
189503218422
189503227333
189503233376
189503240700
189503246926
189503250588
189503258644
189503266335
189503272927
189503280495
189503285256
189503292946
189503298561
189503305519
189503311623
189503320290
189503326210
189503332375
189503339699
189503344704
189503351967
189503360451
189503366859
189503370705
189503378700
189503386757
189503393715
189503399208
189503406227
189503414528
189503420570
189503428444
189503435829
189503441688
189503450172
189503457924
189503464821
189503471107
189503476967
189503485878
189503494056
189503501075
189503508277
189503514869
189503521583
189503529090
189503534584
189503543861
189503552528
189503558631
189503564247
189503569984
189503577003
189503585487
189503591041
189503600074
189503605689
189503612464
189503620460
189503626258
189503634925
189503641639
189503648109
189503655067
189503660316
189503669105
189503675819
189503682288
189503689002
189503695838
189503702796
189503710425
189503717628
189503725135
189503732215
189503740577
189503747596
189503754371
189503761207
189503767859
189503777625
189503784949
189503792273
189503798682
189503804236
189503812293
189503818701
189503826026
189503834021
189503840064
189503849402
189503856482
189503863196
189503870703
189503877112
189503885474
189503891699
189503899329
189503904822
189503911414
189503917578
189503924292
189503931250
189503935645
189503944983
189503953040
189503958533
189503966894
189503975745
189503980749
189503987952
189503993872
189504003332
189504008764
189504015600
189504022925
189504031470
189504038794
189504045691
189504051672
189504060034
189504066504
189504072424
189504081152
189504089209
189504095678
189504101904
189504109777
189504116552
189504122412
189504131628
189504139257
189504144262
189504152075
189504158361
189504167578
189504174169
189504181371
189504187841
189504194311
189504203039
189504210363
189504215429
189504224645
189504228613
189504236791
189504242040
189504250524
189504257543
189504264501
189504269628
189504274999
189504282201
189504290258
189504297155
189504303686
189504309118
189504317113
189504324132
189504328771
189504336156
189504341955
189504349279
189504356115
189504363378
189504371251
189504376867
189504384496
189504392369
189504398473
189504405126
189504410436
189504417882
189504425389
189504432103
189504439244
189504444615
189504452794
189504460973
189504467809
189504474400
189504482335
189504491124
189504498753
189504504369
189504512303
189504517918
189504527257
189504534825
189504542027
189504549413
189504554600
189504562047
189504566136
189504575108
189504583409
189504588353
189504597874
189504603551
189504609471
189504613133
189504623021
189504630406
189504637242
189504644749
189504649876
189504656712
189504663304
189504669774
189504676121
189504683079
189504689061
189504693821
189504700474
189504705784
189504712681
189504720982
189504726780
189504731724
189504737644
189504744419
189504750950
189504758335
189504765476
189504773533
189504780613
189504788609
189504796848
189504803684
189504811314
189504818821
189504825413
189504833714
189504838047
189504848240
189504854832
189504862339
189504869846
189504878147
189504884495
189504892246
189504897739
189504906833
189504913730
189504921543
189504927280
189504933017
189504940403
189504946872
189504955234
189504965000
189504972507
189504979343
189504986362
189504991489
189504999973
189505006565
189505012729
189505019321
189505026767
189505033481
189505041110
189505046970
189505055271
189505062229
189505068271
189505075595
189505080661
189505086887
189505093234
189505102939
189505110141
189505117465
189505123874
189505132175
189505140048
189505145908
189505153232
189505161227
189505165744
189505175143
189505180331
189505187106
189505196139
189505201816
189505210238
189505217807
189505225131
189505232638
189505241671
189505249057
189505254672
189505261874
189505267917
189505275973
189505283236
189505290927
189505297152
189505304538
189505311923
189505319308
189505325595
189505331759
189505338778
189505346408
189505352084
189505361666
189505368746
189505374911
189505380831
189505386630
189505394015
189505400668
189505407626
189505415987
189505420748
189505429781
189505436800
189505442965
189505449252
189505455782
189505461642
189505469942
189505477022
189505483309
189505490267
189505497408
189505504122
189505508333
189505516573
189505523775
189505530489
189505537569
189505545015
189505551363
189505558077
189505566195
189505575716
189505583651
189505590364
189505596956
189505602694
189505611116
189505619600
189505625154
189505632845
189505639131
189505647432
189505655733
189505661958
189505668978
189505675142
189505683931
189505691622
189505698396
189505704378
189505710237
189505718721
189505726106
189505733247
189505740633
189505746797
189505755769
189505764436
189505769380
189505777193
189505782442
189505790315
189505797334
189505802339
189505809724
189505815400
189505824983
189505831270
189505837861
189505845552
189505851106
189505858674
189505863618
189505871858
189505877778
189505883943
189505889985
189505897737
189505905488
189505912446
189505918672
189505925141
189505931916
189505939179
189505946748
189505955171
189505959077
189505966767
189505974091
189505980866
189505987580
189505995393
189506002473
189506010468
189506017670
189506025422
189506030976
189506038300
189506045075
189506051362
189506059907
189506066682
189506073456
189506081513
189506087861
189506095978
189506103486
189506110200
189506117646
189506122773
189506128937
189506136139
189506142914
189506150727
189506154450
189506163788
189506171051
189506177643
189506185395
189506189484
189506196991
189506204621
189506211029
189506219147
189506226654
189506233124
189506241669
189506246979
189506255890
189506263825
189506271027
189506278534
189506284088
189506293427
189506300995
189506308380
189506316742
189506321320
189506330048
189506338165
189506343780
189506352508
189506360443
189506368378
189506374908
189506380890
189506389557
189506393585
189506402740
189506411163
189506416229
189506425873
189506430877
189506439666
189506447357
189506454071
189506459991
189506465789
189506474151
189506481048
189506487396
189506494781
189506502655
189506510101
189506518219
189506524566
189506531158
189506535125
189506543792
189506550872
189506559173
189506565093
189506572051
189506578643
189506584869
189506590118
189506597442
189506605499
189506611907
189506616851
189506624541
189506631988
189506639251
189506646453
189506656463
189506663360
189506670196
189506676055
189506684539
189506692534
189506698760
189506707366
189506714751
189506721953
189506728667
189506734221
189506745513
189506752532
189506759673
189506767363
189506772551
189506779937
189506786773
189506794036
189506801238
189506808379
189506814971
189506821562
189506826689
189506834685
189506840544
189506847808
189506855498
189506862761
189506869109
189506875029
189506883391
189506890410
189506896086
189506903593
189506908476
189506916228
189506922636
189506930083
189506937590
189506942900
189506950407
189506954314
189506962248
189506968779
189506976347
189506983671
189506987822
189506996611
189507004728
189507010527
189507018706
189507025786
189507032133
189507038420
189507045805
189507052641
189507057707
189507068449
189507075285
189507081205
189507089323
189507096891
189507103178
189507111174
189507116728
189507124479
189507130827
189507136991
189507144743
189507149870
189507157072
189507163908
189507170744
189507177641
189507184538
189507191862
189507197050
189507205473
189507211637
189507217802
189507224699
189507231412
189507238432
189507245145
189507252897
189507260038
189507267484
189507273282
189507278348
189507286466
189507293119
189507300809
189507308622
189507315580
189507322355
189507329313
189507336210
189507343656
189507352506
189507358915
189507365873
189507373441
189507381498
189507387723
189507394559
189507401761
189507407743
189507418851
189507424771
189507430326
189507439481
189507447110
189507454617
189507461392
189507468717
189507475308
189507482327
189507489713
189507498319
189507504361
189507511075
189507518826
189507524747
189507532559
189507540372
189507546048
189507553738
189507558926
189507565640
189507572842
189507580289
189507586026
189507593350
189507600552
189507607754
189507612332
189507618802
189507626248
189507633084
189507638089
189507644009
189507650662
189507657376
189507662991
189507671231
189507677578
189507684536
189507691555
189507697048
189507704190
189507709317
189507715969
189507722134
189507731106
189507734829
189507743008
189507749844
189507756252
189507761929
189507768704
189507776760
189507782253
189507790493
189507795376
189507803005
189507807949
189507815151
189507822475
189507829372
189507834682
189507842129
189507847500
189507854702
189507860012
189507868313
189507875149
189507881862
189507887966
189507894314
189507900966
189507907253
189507913112
189507920253
189507926540
189507934047
189507940822
189507946926
189507955593
189507963222
189507970668
189507977871
189507984035
189507990261
189507994655
189508001003
189508006862
189508013759
189508022304
189508028713
189508034145
189508041774
189508047145
189508053981
189508059291
189508067531
189508074733
189508081142
189508084743
189508092677
189508096339
189508105495
189508112453
189508119289
189508126186
189508133205
189508139857
189508146388
189508152614
189508159083
189508164516
189508171168
189508179164
189508186610
189508192714
189508198268
189508205958
189508211390
189508217433
189508225062
189508233058
189508236842
189508244960
189508250331
189508258082
189508264491
189508271449
189508278041
189508285121
189508292140
189508298732
189508303736
189508310145
189508316859
189508323268
189508329066
189508335291
189508340968
189508346827
189508353053
189508359767
189508366236
189508374232
189508379969
189508387049
189508394129
189508399439
189508405848
189508411280
189508419154
189508427637
189508432825
189508439295
189508445643
189508452235
189508458582
189508465296
189508472376
189508479700
189508486597
189508491724
189508498194
189508504481
189508510950
189508517176
189508524073
189508532496
189508537928
189508545923
189508551844
189508560389
189508567713
189508574732
189508578943
189508588587
189508595362
189508602442
189508608667
189508613367
189508620569
189508626306
189508634546
189508639612
189508646875
189508653101
189508659387
189508662988
189508671167
189508679468
189508684656
189508691675
189508697717
189508702844
189508708765
189508715112
189508722253
189508728235
189508735864
189508743921
189508749658
189508759424
189508763879
189508774194
189508779748
189508786096
189508792627
189508798547
189508804590
189508810998
189508816736
189508824487
189508831628
189508838952
189508844995
189508851953
189508857568
189508864465
189508870446
189508876306
189508884362
189508889733
189508896997
189508902307
189508909448
189508914819
189508923120
189508930383
189508937341
189508943688
189508950280
189508956628
189508963098
189508969323
189508976464
189508983727
189508988549
189508995995
189509000451
189509007409
189509012353
189509020226
189509025475
189509034386
189509039696
189509047631
189509053246
189509060692
189509067101
189509074181
189509081689
189509088280
189509093407
189509099633
189509106957
189509113122
189509119957
189509125267
189509133996
189509139550
189509145775
189509152306
189509157677
189509164269
189509170311
189509175988
189509184777
189509190941
189509197289
189509201012
189509209496
189509213219
189509222313
189509226219
189509235680
189509242882
189509248741
189509253624
189509259544
189509266136
189509272850
189509279991
189509285423
189509293724
189509298729
189509305687
189509312157
189509318687
189509326439
189509332725
189509339744
189509345848
189509352928
189509358971
189509364525
189509371422
189509377464
189509386192
189509389976
189509398826
189509402611
189509410789
189509416160
189509424827
189509432396
189509439171
189509444114
189509450340
189509456443
189509462364
189509468589
189509474693
189509481468
189509488426
189509495140
189509502159
189509507347
189509513816
189509521141
189509527488
189509534263
189509539512
189509547080
189509552512
189509560081
189509565452
189509572410
189509580894
189509587974
189509591941
189509599509
189509606162
189509612449
189509616172
189509624656
189509631736
189509638389
189509645042
189509651450
189509657554
189509663901
189509669639
189509678672
189509685019
189509692222
189509699851
189509707419
189509714011
189509721457
189509728476
189509736289
189509741294
189509748069
189509754721
189509761863
189509768821
189509774924
189509783042
189509789450
189509794455
189509800437
189509805381
189509812216
189509817099
189509824423
189509830039
189509838217
189509845053
189509851279
189509856345
189509862387
189509868430
189509874960
189509882590
189509887289
189509893942
189509900107
189509906943
189509911887
189509919455
189509927328
189509934531
189509940085
189509947470
189509952780
189509959677
189509964804
189509972311
189509977926
189509986105
189509992453
189509998984
189510005697
189510012228
189510018881
189510025656
189510032064
189510038961
189510045126
189510051474
189510057577
189510063925
189510069967
189510077047
189510085165
189510090719
189510100485
189510104513
189510114645
189510120748
189510128256
189510135275
189510142050
189510148885
189510155599
189510161703
189510166280
189510172689
189510179708
189510185751
189510190939
189510198507
189510203817
189510211202
189510216390
189510224447
189510232320
189510238546
189510244527
189510250265
189510256307
189510262289
189510267110
189510273702
189510281759
189510287191
189510295125
189510302205
189510307638
189510313924
189510319417
189510326803
189510332540
189510339193
189510345235
189510350606
189510358297
189510363790
189510371419
189510376912
189510384359
189510389669
189510398030
189510404500
189510410787
189510414449
189510422566
189510430623
189510436177
189510443501
189510449910
189510455586
189510461934
189510468831
189510474690
189510483174
189510488606
189510496968
189510504231
189510510640
189510517293
189510524800
189510532246
189510537129
189510545552
189510550801
189510557820
189510564595
189510572468
189510577839
189510586445
189510591694
189510598591
189510605732
189510611470
189510618367
189510624287
189510631367
189510637837
189510643147
189510650044
189510655537
189510663288
189510668537
189510674458
189510681660
189510687275
189510692341
189510699116
189510704060
189510711872
189510716999
189510724629
189510731037
189510737690
189510741535
189510750080
189510753864
189510763630
189510767475
189510777119
189510781269
189510789814
189510796223
189510802876
189510806904
189510815449
189510819294
189510828449
189510836445
189510842914
189510848530
189510854999
189510858845
189510867695
189510871418
189510880695
189510888874
189510893574
189510900654
189510907551
189510914325
189510920734
189510926288
189510934223
189510940143
189510946857
189510951862
189510958393
189510964130
189510970478
189510976642
189510982074
189510989582
189510994831
189511002033
189511007404
189511015399
189511021503
189511028217
189511032001
189511040607
189511047260
189511053302
189511057086
189511065143
189511069049
189511078693
189511084674
189511091266
189511095294
189511103595
189511110309
189511116840
189511123798
189511131366
189511138324
189511144916
189511151935
189511156817
189511163470
189511170123
189511177447
189511182757
189511189959
189511197101
189511203753
189511208758
189511215838
189511222918
189511229083
189511237078
189511243182
189511248004
189511254962
189511261920
189511268878
189511274371
189511281207
189511287371
189511296221
189511301898
189511308184
189511313494
189511320819
189511325945
189511332232
189511337237
189511343768
189511348712
189511355425
189511360491
189511367877
189511374407
189511381426
189511388018
189511394244
189511397845
189511405047
189511411028
189511416827
189511423235
189511429583
189511436053
189511442522
189511447527
189511453997
189511460650
189511467180
189511473772
189511481157
189511489519
189511494097
189511500200
189511506670
189511513018
189511517778
189511526323
189511531939
189511538958
189511545977
189511553484
189511558855
189511564897
189511571855
189511579546
189511586687
189511593462
189511597185
189511605608
189511611528
189511618059
189511625139
189511632097
189511638994
189511645830
189511652055
189511658464
189511664934
189511671281
189511676714
189511684404
189511692278
189511700334
189511707048
189511712480
189511720720
189511728105
189511734941
189511742570
189511747514
189511755632
189511760271
189511768327
189511772905
189511779619
189511786760
189511792985
189511798051
189511805253
189511810136
189511816606
189511824296
189511829484
189511835283
189511843766
189511850175
189511856279
189511862870
189511868791
189511874528
189511880754
189511886613
189511893327
189511899797
189511906205
189511912309
189511918717
189511925370
189511933793
189511941483
189511946732
189511953141
189511958451
189511966264
189511971574
189511979386
189511986710
189511993424
189512000077
189512006486
189512012589
189512018998
189512025529
189512032242
189512038468
189512044816
189512050919
189512056840
189512063004
189512069596
189512075089
189512082474
189512089737
189512095047
189512101883
189512107071
189512113724
189512118729
189512125992
189512132401
189512139176
189512142960
189512151078
189512158951
189512165543
189512170670
189512177811
189512186600
189512191605
189512199356
189512203873
189512211258
189512215958
189512223648
189512231278
189512237259
189512244156
189512250626
189512255997
189512263626
189512268997
189512276138
189512282547
189512291397
189512297440
189512303909
189512307693
189512315567
189512322708
189512330337
189512337173
189512343765
189512352066
189512359390
189512366226
189512372268
189512381180
189512385269
189512394302
189512400650
189512406753
189512412063
189512418045
189512421402
189512430069
189512437637
189512444412
189512450454
189512456680
189512463089
189512469680
189512475418
189512482376
189512488845
189512493911
189512501235
189512506484
189512512466
189512519424
189512525833
189512531814
189512540542
189512544326
189512552627
189512559097
189512564956
189512570998
189512576186
189512584121
189512590713
189512597488
189512603957
189512609084
189512617202
189512622024
189512629165
189512637221
189512642531
189512650832
189512655715
189512663589
189512668593
189512676589
189512682448
189512690566
189512696059
189512704360
189512708754
189512716445
189512724257
189512729567
189512736037
189512744277
189512751113
189512757277
189512763320
189512769484
189512775649
189512781935
189512788710
189512793837
189512800612
189512806960
189512813735
189512820021
189512825209
189512831862
189512839186
189512843886
189512851393
189512855727
189512862990
189512867812
189512875014
189512880568
189512888625
189512894789
189512901320
189512907851
189512914198
189512920607
189512927016
189512931044
189512940199
189512945082
189512951002
189512957289
189512963515
189512970350
189512976149
189512984755
189512989699
189512996718
189513003126
189513009230
189513015638
189513021498
189513028273
189513035841
189513041090
189513047193
189513052504
189513060743
189513066175
189513074415
189513081861
189513088758
189513095716
189513102125
189513107496
189513113783
189513121046
189513126112
189513134840
189513139784
189513147413
189513152113
189513159864
189513164625
189513172254
189513179578
189513187147
189513192823
189513200758
189513207227
189513213941
189513221082
189513228712
189513236036
189513241163
189513248853
189513255994
189513262098
