189303068849
189303073488
189303078127
189303083070
189303088197
189303093141
189303099245
189303104555
189303110475
189303116090
189303121461
189303126649
189303132570
189303137941
189303144960
189303149171
189303157289
189303162965
189303169191
189303175294
189303182985
189303189882
189303198243
189303203492
189303209962
189303218507
189303225221
189303232850
189303239137
189303244386
189303254151
189303261537
189303268617
189303274110
189303281007
189303288758
189303296144
189303302186
189303310487
189303317872
189303323914
189303329774
189303336366
189303341920
189303349549
189303356568
189303362855
189303370240
189303375916
189303383912
189303390626
189303396973
189303404969
189303412476
189303419495
189303425721
189303433472
189303438965
189303446900
189303452454
189303460206
189303466675
189303473755
189303479676
189303486573
189303495911
189303502259
189303511170
189303516846
189303525452
189303532105
189303539368
189303546448
189303553284
189303560181
189303567627
189303573914
189303581787
189303589112
189303594971
189303603516
189303610230
189303617859
189303624085
189303631592
189303639710
189303647705
189303656494
189303663147
189303668579
189303676331
189303681396
189303690369
189303698364
189303705994
189303712097
189303721741
189303728638
189303738891
189303745666
189303752991
189303760071
189303767334
189303775085
189303782409
189303789489
189303796508
189303804321
189303812011
189303817566
189303825683
189303831970
189303839599
189303847412
189303853454
189303861328
189303868347
189303872558
189303879577
189303889465
189303896362
189303903686
189303913757
189303919433
189303926818
189303934814
189303941894
189303949767
189303958373
189303966247
189303972594
189303979308
189303987487
189303993774
189304001342
189304009154
189304015380
189304023437
189304028930
189304037169
189304043456
189304051818
189304059691
189304066466
189304074401
189304080382
189304088073
189304093810
189304104186
189304109984
189304117308
189304122863
189304130492
189304135863
189304143431
189304150023
189304157897
189304164794
189304172240
189304178404
189304186217
189304193297
189304202452
189304207945
189304217040
189304222899
189304231627
189304238402
189304247435
189304254027
189304261839
189304269530
189304276793
189304286070
189304293272
189304300780
189304308653
189304318114
189304325316
189304332274
189304339476
189304349486
189304358153
189304366881
189304373228
189304380430
189304390684
189304399412
189304406431
189304414366
189304422728
189304428709
189304438230
189304445127
189304453123
189304460752
189304470274
189304477171
189304486570
189304494383
189304501158
189304509275
189304518430
189304525022
189304533567
189304542112
189304549802
189304558897
189304568357
189304575376
189304582456
189304590513
189304598569
189304605161
189304614439
189304623655
189304631528
189304640500
189304647214
189304656064
189304662839
189304670591
189304677549
189304686094
189304695005
189304703000
189304709287
189304718381
189304725827
189304732053
189304741208
189304747678
189304754941
189304764279
189304770871
189304777402
189304786984
189304793637
189304801328
189304808286
189304814816
189304821774
189304831479
189304839841
189304848142
189304852475
189304861813
189304868222
189304875790
189304883542
189304890866
189304898862
189304905881
189304912411
189304917966
189304925046
189304930905
189304940182
189304948483
189304955380
189304963742
189304970639
189304979855
189304988034
189304996273
189305002865
189305009945
189305017575
189305024899
189305033627
189305039791
189305047238
189305055905
189305063351
189305069210
189305077206
189305084225
189305091427
189305099240
189305106991
189305114864
189305121395
189305128353
189305136837
189305145748
189305153317
189305159298
189305165401
189305172237
189305180111
189305186642
189305192684
189305199886
189305206722
189305213375
189305219417
189305225765
189305233089
189305241695
189305248775
189305255001
189305259762
189305268551
189305276241
189305284176
189305291317
189305297176
189305303707
189305309810
189305319210
189305325374
189305331966
189305338436
189305344295
189305349361
189305357418
189305363460
189305369869
189305375301
189305381832
189305388729
189305395381
189305400203
189305406734
189305413265
189305420101
189305425166
189305432430
189305438472
189305445491
189305451900
189305458186
189305464412
189305473079
189305478572
189305486568
189305492854
189305500362
189305506892
189305513911
189305519649
189305524287
189305531001
189305538264
189305544429
189305549800
189305555964
189305562251
189305570002
189305576594
189305582698
189305591365
189305597468
189305603450
189305609797
189305615718
189305621333
189305629451
189305635859
189305641719
189305648982
189305655268
189305660945
189305666194
189305674616
189305679804
189305687678
189305694148
189305700617
189305706538
189305714350
189305719721
189305727656
189305733637
189305741633
189305749628
189305755061
189305762629
189305768244
189305775690
189305783442
189305789606
189305795588
189305801813
189305807734
189305813349
189305820429
189305826838
189305833368
189305838923
189305843561
189305850092
189305854914
189305863825
189305869318
189305876459
189305882502
189305888300
189305896051
189305902338
189305908564
189305915888
189305922052
189305926813
189305933100
189305938410
189305945673
189305953668
189305959284
189305965570
189305972650
189305979425
189305984613
189305992059
189305999017
189306006464
189306013361
189306020319
189306025812
189306033868
189306039240
189306046930
189306053278
189306059015
189306068719
189306074945
189306082758
189306091180
189306096002
189306101678
189306109613
189306116022
189306120660
189306127313
189306134149
189306140191
189306145624
189306152337
189306158624
189306164483
189306171014
189306179437
189306185907
189306192254
189306198724
189306203973
189306210992
189306215692
189306221795
189306229180
189306235223
189306240472
189306245904
189306250543
189306256585
189306261895
189306270440
189306276299
189306283257
189306288262
189306294671
189306299005
189306305596
189306312249
189306318963
189306323480
189306330132
189306334832
189306339654
189306346856
189306352715
189306359551
189306365960
189306372124
189306376702
189306383477
189306389153
189306395135
189306402276
189306406548
189306414788
189306420037
189306427788
189306433892
189306439995
189306447503
189306453789
189306460137
189306464715
189306470513
189306477410
189306484246
189306491326
189306498345
189306504387
189306511284
189306515068
189306523796
189306531426
189306536553
189306543389
189306548210
189306552788
189306559746
189306565850
189306573052
189306579460
189306585137
189306592156
189306598930
189306605217
189306610649
189306615654
189306621941
189306628410
189306634453
189306640373
189306646111
189306652763
189306659721
189306666191
189306672905
189306679192
189306684196
189306689629
189306696464
189306703422
189306708671
189306714470
189306720634
189306725822
189306731376
189306739067
189306744987
189306751213
189306756767
189306764396
189306769767
189306775566
189306781303
189306786857
189306792839
189306798576
189306806816
189306811210
189306818962
189306825065
189306831169
189306839225
189306845329
189306851554
189306855888
189306861991
189306869804
189306877128
189306882316
189306889396
189306894401
189306903678
189306910697
189306916374
189306923270
189306928703
189306935416
189306940482
189306946708
189306952201
189306959586
189306965629
189306970939
189306976493
189306983573
189306988273
189306995170
189307002128
189307006156
189307014030
189307020194
189307024405
189307030021
189307036307
189307042838
189307047904
189307056022
189307061637
189307068656
189307074637
189307080741
189307086905
189307093436
189307099906
189307105887
189307110831
189307116568
189307122306
189307129874
189307136832
189307142081
189307147818
189307154288
189307159110
189307168265
189307174063
189307179129
189307185965
189307191214
189307197745
189307202323
189307209280
189307214530
189307221610
189307228079
189307234000
189307240469
189307247122
189307254568
189307259146
189307265982
189307272391
189307278982
189307285330
189307289664
189307298453
189307305899
189307311819
189307318289
189307323416
189307328299
189307335318
189307342093
189307347403
189307352041
189307359305
189307366140
189307373221
189307379751
189307386770
189307391836
189307400015
189307405142
189307411856
189307419058
189307424246
189307431326
189307437673
189307443289
189307448477
189307454275
189307460745
189307465200
189307474111
189307479421
189307486624
189307491018
189307497671
189307504507
189307509451
189307517324
189307522817
189307527822
189307534475
189307540945
189307545583
189307552602
189307559011
189307566518
189307573171
189307577810
189307585134
189307592214
189307597463
189307605459
189307611196
189307617788
189307622060
189307629323
189307635915
189307641408
189307648732
189307655629
189307662160
189307666433
189307672109
189307678945
189307683522
189307691762
189307698171
189307703359
189307709523
189307716542
189307723134
189307729848
189307735280
189307741872
189307748769
189307753041
189307760121
189307766469
189307771352
189307779103
189307784108
189307790578
189307794972
189307801503
189307808217
189307813466
189307821095
189307827077
189307832631
189307838490
189307845082
189307852101
189307858998
189307864369
189307870534
189307877431
189307883961
189307890126
189307896535
189307901295
189307909596
189307916615
189307922169
189307927601
189307934254
189307941395
189307946644
189307954640
189307961781
189307967823
189307975026
189307981495
189307987111
189307995533
189308002247
189308007313
189308014637
189308021168
189308027149
189308033863
189308040028
189308047230
189308053700
189308060047
189308065724
189308071278
189308077503
189308084339
189308092152
189308098744
189308102589
189308108570
189308115345
189308120411
189308127613
189308134632
189308139210
189308146351
189308152576
189308158436
189308164783
189308171558
189308178455
189308182606
189308188953
189308194752
189308201282
189308205616
189308213001
189308218921
189308226795
189308231434
189308237354
189308243213
189308248157
189308255176
189308261707
189308266102
189308271473
189308277820
189308282581
189308289783
189308295398
189308302417
189308309681
189308314868
189308319507
189308324817
189308331287
189308335620
189308346118
189308350940
189308356922
189308363330
189308369678
189308375171
189308381214
189308390247
189308396961
189308402576
189308406665
189308413257
189308419788
189308425708
189308433215
189308438586
189308444202
189308451526
189308457019
189308462878
189308469287
189308475452
189308482837
189308489123
189308494067
189308499316
189308505237
189308512500
189308519763
189308526477
189308532763
189308539050
189308544787
189308551440
189308556872
189308562060
189308569384
189308575122
189308581591
189308586901
189308592395
189308598803
189308604174
189308612536
189308618762
189308625109
189308629687
189308635729
189308641162
189308646838
189308654528
189308657702
189308663989
189308670275
189308675036
189308681994
189308687792
189308694384
189308701830
189308707873
189308712756
189308717333
189308723376
189308730151
189308737109
189308744372
189308748522
189308754870
189308760912
189308766039
189308774157
189308782336
189308787096
189308794543
189308800890
189308805651
189308811876
189308816027
189308824999
189308829882
189308837267
189308843310
189308848620
189308853930
189308860094
189308866991
189308873583
189308879381
189308886156
189308892076
189308896044
189308902147
189308909532
189308915514
189308921129
189308927233
189308934374
189308941271
189308946642
189308952135
189308959337
189308965990
189308972154
189308976793
189308982347
189308990709
189308996446
189309003771
189309008897
189309015672
189309022386
189309027025
189309033067
189309040086
189309048326
189309053270
189309058641
189309065538
189309070787
189309078660
189309084276
189309090684
189309097398
189309103807
189309109788
189309115770
189309121507
189309126878
189309134874
189309140550
189309147020
189309153001
189309158128
189309166246
189309172410
189309179307
189309185533
189309192247
189309198228
189309204026
189309209397
189309216294
189309222703
189309227159
189309233934
189309240159
189309245408
189309253709
189309260911
189309266526
189309272935
189309280503
189309286241
189309293321
189309298203
189309304551
189309312058
189309318589
189309324509
189309331467
189309336289
189309343919
189309351121
189309356004
189309361680
189309368272
189309375169
189309379990
189309386765
189309395005
189309399583
189309406174
189309412156
189309417222
189309424241
189309430649
189309437912
189309443528
189309448777
189309454392
189309460251
189309464707
189309473313
189309480454
189309485886
189309492417
189309499009
189309504746
189309509384
189309517197
189309523361
189309531235
189309536667
189309542954
189309547592
189309553696
189309561203
189309568344
189309572434
189309580307
189309586655
189309591232
189309598190
189309603256
189309609421
189309615097
189309620529
189309625290
189309631699
189309636032
189309641281
189309649399
189309656540
189309662643
189309669357
189309673935
189309680221
189309684189
189309689682
189309697433
189309704086
189309709030
189309715927
189309721969
189309728134
189309734237
189309740768
189309746383
189309753708
189309759628
189309766708
189309772018
189309777389
189309784835
189309791977
189309797042
189309803817
189309809310
189309815109
189309821273
189309828781
189309835617
189309842391
189309847457
189309853500
189309858016
189309866989
189309872299
189309878341
189309885665
189309890609
189309897750
189309903365
189309908126
189309915694
189309923324
189309928207
189309933150
189309938705
189309945052
189309949386
189309958907
189309965011
189309971603
189309976668
189309982467
189309989120
189309994674
189310000106
189310006454
189310013839
189310019332
189310025313
189310031722
189310036605
189310041915
189310048995
189310054427
189310061385
189310066756
189310073043
189310078841
189310085494
189310091658
189310096846
189310104171
189310109725
189310114546
189310121199
189310126082
189310134322
189310139876
189310146346
189310152815
189310157942
189310162947
189310169600
189310177229
189310183821
189310189253
189310195967
189310200545
189310207076
189310212264
189310219160
189310226546
189310232039
189310236555
189310244002
189310248823
189310255110
189310263167
189310268965
189310276716
189310281721
189310290144
189310295210
189310301375
189310307661
189310314680
189310322737
189310327864
189310334883
189310339705
189310346418
189310351362
189310359480
189310364607
189310371565
189310377424
189310382734
189310388227
189310395674
189310402388
189310407820
189310412092
189310419233
189310423872
189310430952
189310436384
189310442365
189310447492
189310454511
189310461653
189310468672
189310474775
189310479902
189310485883
189310492963
189310497968
189310503950
189310510603
189310514753
189310522016
189310529584
189310534528
189310541181
189310547590
189310553083
189310558393
189310566144
189310573652
189310576826
189310583051
189310588849
189310595869
189310600080
189310607160
189310614057
189310619184
189310625898
189310633283
189310638349
189310644697
189310651288
189310658857
189310664777
189310670331
189310676923
189310683942
189310688153
189310696515
189310703656
189310708783
189310715924
189310720624
189310727155
189310732038
189310739118
189310744977
189310749860
189310756818
189310762372
189310768537
189310775067
189310780988
189310787396
189310793073
189310799909
189310805402
189310812116
189310819867
189310825177
189310830487
189310837140
189310844220
189310849591
189310856610
189310862042
189310867902
189310874859
189310881146
189310885663
189310893048
189310898114
189310904828
189310910016
189310916058
189310921307
189310928204
189310934186
189310941144
189310946820
189310955243
189310961895
189310966839
189310973675
189310980450
189310986431
189310993450
189310999127
189311006451
189311012677
189311019268
189311025006
189311030133
189311037152
189311044903
189311050762
189311056256
189311063214
189311069195
189311074566
189311082073
189311087994
189311094891
189311100750
189311107098
189311112286
189311118816
189311125164
189311129925
189311138287
189311144146
189311151226
189311159038
189311165874
189311171917
189311179241
189311184673
189311191814
189311199322
189311205120
189311212261
189311217998
189311225445
189311232219
189311237285
189311244121
189311249859
189311256939
189311262737
189311267803
189311276714
189311282390
189311290386
189311295879
189311303142
189311309124
189311314678
189311323223
189311328411
189311336650
189311342449
189311349712
189311355937
189311362712
189311370281
189311375591
189311381877
189311386577
189311394023
189311399577
189311406352
189311414958
189311419963
189311425761
189311432475
189311437602
189311443889
189311451518
189311458232
189311464885
189311472148
189311477763
189311485087
189311489726
189311496684
189311505534
189311510966
189311519450
189311526652
189311532451
189311539287
189311545024
189311550273
189311557414
189311563273
189311569743
189311575969
189311583293
189311589762
189311595866
189311603739
189311609111
189311615031
189311622965
189311628947
189311637187
189311643534
189311650370
189311656840
189311663310
189311669779
189311677348
189311683695
189311690775
189311696513
189311701823
189311708903
189311715250
189311721171
189311726969
189311734415
189311738016
189311745341
189311752787
189311758036
189311765238
189311771036
189311778177
189311785990
189311792399
189311798441
189311806193
189311813028
189311817911
189311826151
189311833231
189311840433
189311846232
189311854105
189311861551
189311867777
189311874186
189311880655
189311887308
189311893412
189311901895
189311907755
189311915933
189311921671
189311929361
189311935587
189311942179
189311947916
189311954080
189311960123
189311967203
189311974771
189311980447
189311987833
189311993509
189311999551
189312005472
189312011575
189312017557
189312025308
189312029398
189312037454
189312043680
189312049112
189312056009
189312063333
189312068948
189312075418
189312083108
189312091531
189312097818
189312103921
189312112832
189312120096
189312126870
189312132730
189312138894
189312144876
189312151407
189312160196
189312167337
189312173074
189312180032
189312186258
189312191201
189312196939
189312201882
189312210305
189312216592
189312221780
189312229348
189312234414
189312239785
189312247476
189312253518
189312260781
189312267617
189312273477
189312279641
189312287759
189312292825
189312301125
189312306252
189312314309
189312321267
189312326882
189312332314
189312337563
189312346291
189312351784
189312358803
189312367104
189312372964
189312378945
189312386086
189312394082
189312400246
189312406960
189312412880
189312419838
189312425637
189312430398
189312439492
189312445778
189312452980
189312458168
189312465065
189312472817
189312478005
189312485329
189312491188
189312499123
189312504311
189312510720
189312516030
189312522682
189312529885
189312536110
189312543556
189312548805
189312555092
189312560219
189312567238
189312575356
189312582680
189312589943
189312596108
189312601906
189312609108
189312615761
189312622475
189312628212
189312636269
189312641029
189312648659
189312654579
189312661110
189312670631
189312678200
189312682106
189312690590
189312696205
189312703346
189312709083
189312715431
189312722816
189312729286
189312734474
189312741920
189312747535
189312754249
189312761024
189312767433
189312774757
189312779335
189312785194
189312792152
189312799659
189312805519
189312812171
189312818885
189312824623
189312831825
189312837623
189312845497
189312853492
189312859535
189312865699
189312872413
189312878883
189312885169
189312891273
189312899268
189312904395
189312911964
189312917213
189312925330
189312930457
189312938514
189312946143
189312952430
189312957984
189312964515
189312971839
189312977759
189312984290
189312991004
189312996680
189313004432
189313009192
189313016456
189313024268
189313029944
189313038977
189313043677
189313050269
189313058631
189313064673
189313071936
189313077063
189313087683
189313092810
189313100989
189313106726
189313112891
189313120276
189313124365
189313132483
189313138220
189313144446
189313152686
189313159216
189313164832
189313171301
189313177405
189313184180
189313188391
189313197302
189313202429
189313209570
189313215308
189313222876
189313228735
189313234595
189313242041
189313248328
189313255530
189313260474
189313267798
189313275183
189313281958
189313287817
189313293493
189313300879
189313306372
189313312170
189313317846
189313338781
189313344275
189313351233
189313359594
189313366430
189313374548
189313379248
189313386633
189313394751
189313401098
189313408361
189313414038
189313422033
189313428503
189313434789
189313441686
189313447607
189313453588
189313461035
189313467748
189313473669
189313480627
189313486486
189313492407
189313499487
189313505102
189313513097
189313519506
189313526586
189313532934
189313540136
189313547643
189313554723
189313561315
189313566808
189313573400
189313581579
189313587072
189313594152
189313599828
189313606847
189313612829
189313617894
189313623388
189313630407
189313638646
189313644872
189313651098
189313657323
189313664403
189313672033
189313676244
189313684728
189313691075
189313698705
189313704625
189313711034
189313716649
189313723973
189313730687
189313736608
189313742833
189313749669
189313756078
189313761754
189313767430
189313774938
189313781346
189313788365
189313793980
189313801732
189313806920
189313812901
189313819981
189313827794
189313835423
189313841588
189313846715
189313854466
189313859959
189313867711
189313874180
189313879857
189313887059
189313893406
189313899937
189313906102
189313913609
189313919652
189313926732
189313931492
189313938084
189313944188
189313950840
189313957066
189313964634
189313971104
189313976170
189313983555
189313990696
189313996006
189314002293
189314010166
189314015965
189314022923
189314028721
189314036045
189314041538
189314049534
189314055454
189314061558
189314068150
189314073277
189314078037
189314086399
189314092503
189314099705
189314105381
189314111973
189314117832
189314123814
189314130039
189314137058
189314143284
189314151646
189314157932
189314163364
189314169163
189314177463
189314185703
189314192722
189314199131
189314204807
189314211948
189314217930
189314224399
189314232822
189314237888
189314245334
189314251926
189314257419
189314264377
189314269748
189314278659
189314283908
189314291599
189314296848
189314303440
189314311130
189314316623
189314324314
189314330600
189314337680
189314344150
189314351840
189314358127
189314365695
189314372165
189314377597
189314384555
189314391330
189314397128
189314403293
189314410617
189314416598
189314422458
189314429782
189314437167
189314442966
189314449924
189314456821
189314464511
189314470431
189314477633
189314483127
189314488254
189314495883
189314501376
189314509066
189314516818
189314522006
189314527804
189314534152
189314542209
189314548190
189314556063
189314561984
189314567172
189314572543
189314579013
189314586215
189314591769
189314600680
189314605685
189314611788
189314616854
189314623446
189314629244
189314636874
189314643527
189314650057
189314658297
189314664523
189314672274
189314678194
189314685275
189314692599
189314698763
189314704501
189314712374
189314718172
189314723849
189314731112
189314737154
189314743868
189314749300
189314756685
189314762179
189314768954
189314775423
189314784029
189314790621
189314796847
189314804110
189314810579
189314817049
189314823275
189314831026
189314836092
189314843416
189314848482
189314855867
189314861238
189314868380
189314876131
189314881990
189314887545
189314893831
189314899446
189314907015
189314913057
189314919039
189314924776
189314931429
189314937959
189314944368
189314950472
189314957796
189314964632
189314971162
189314979463
189314985201
189314992403
189314998323
189315003938
189315011446
189315018282
189315025423
189315031404
189315038301
189315044466
189315049592
189315057283
189315062105
189315069673
189315075838
189315082673
189315089082
189315096650
189315103975
189315109834
189315117158
189315123079
189315128022
189315136750
189315142244
189315149934
189315157197
189315164033
189315169831
189315175264
189315183320
189315189363
189315195588
189315201875
189315207795
189315215547
189315221772
189315229341
189315234651
189315240754
189315248078
189315253388
189315259614
189315265473
189315273591
189315279450
189315288422
189315294648
189315300874
189315306489
189315313020
189315318940
189315324616
189315334138
189315339631
189315347260
189315353058
189315359162
189315364899
189315370820
189315379059
189315384064
189315390717
189315396882
189315402436
189315407563
189315415070
189315423188
189315428925
189315434784
189315441193
189315446564
189315454499
189315460724
189315467499
189315473847
189315481598
189315487091
189315494355
189315499481
189315506012
189315513703
189315520844
189315527374
189315533844
189315541718
189315547821
189315555817
189315562225
189315569244
189315577972
189315583710
189315590363
189315598419
189315604889
189315611114
189315616302
189315624664
189315629974
189315636871
189315643951
189315649567
189315655304
189315661041
189315668426
189315674652
189315680633
189315686676
189315694000
189315702545
189315708404
189315715789
189315723114
189315729217
189315736358
189315742706
189315750763
189315757721
189315764068
189315769256
189315776886
189315782440
189315789764
189315796539
189315802764
189315810821
189315815215
189315821685
189315828399
189315834197
189315840667
189315848113
189315854705
189315861602
189315868438
189315874664
189315881194
189315886565
189315893157
189315901092
189315907195
189315913665
189315920379
189315928313
189315934661
189315940826
189315948272
189315954070
189315963225
189315968780
189315976470
189315984221
189315990691
189315998992
189316005156
189316013335
189316020049
189316026946
189316033355
189316040618
189316047087
189316052703
189316060149
189316065947
189316071501
189316077422
189316084624
189316089995
189316097014
189316102690
189316107756
189316115264
189316122161
189316130583
189316136992
189316145171
189316151762
189316157683
189316163969
189316170744
189316178252
189316186430
189316192107
189316199553
189316205534
189316212736
189316220732
189316227080
189316233061
189316239165
189316244902
189316252104
189316259001
189316266386
189316273100
189316279692
189316286162
189316293547
189316298735
189316306120
189316311796
189316318266
189316323942
189316331999
189316338163
189316346037
189316351652
189316359709
189316364592
189316372648
189316377653
189316384672
189316390104
189316398832
189316406156
189316411344
189316418608
189316423918
189316429777
189316435514
189316443144
189316449979
189316456571
189316462186
189316467680
189316476225
189316481596
189316486784
189316494352
189316500455
189316507291
189316514616
189316521329
189316525541
189316532255
189316538175
189316543973
189316551847
189316557706
189316564786
189316571805
189316578702
189316584562
189316590848
189316597745
189316605863
189316612516
189316619291
189316627042
189316635038
189316642179
189316648709
189316655179
189316660977
189316668729
189316673795
189316682889
189316688504
189316696378
189316703153
189316709317
189316715421
189316722501
189316728299
189316733914
189316739957
189316746304
189316751798
189316757352
189316763028
189316770474
189316776700
189316784879
189316791531
189316797147
189316803189
189316808987
189316815884
189316821255
189316826504
189316835477
189316842007
189316847378
189316852505
189316860013
189316865750
189316873013
189316879605
189316885403
189316893277
189316897976
189316903897
189316911587
189316918667
189316924221
189316931912
189316938259
189316943631
189316950650
189316955349
189316960659
189316968716
189316975796
189316981472
189316988491
189316994229
189317001553
189317007351
189317014492
189317020901
189317026699
189317034573
189317040005
189317047634
189317054287
189317061062
189317067532
189317074551
189317082119
189317087307
189317095242
189317101345
189317108242
189317117580
189317123196
189317130215
189317135586
189317143215
189317149624
189317155910
189317161892
189317169155
189317172695
189317180019
189317185695
189317192165
189317197841
189317205898
189317212368
189317217678
189317223232
189317228725
189317236904
189317243434
189317249050
189317257289
189317265163
189317271144
189317279140
189317284389
189317292873
189317301662
189317307826
189317315334
189317320522
189317328456
189317334316
189317340175
189317346828
189317354152
189317361903
189317369167
189317375209
189317381068
189317388332
189317396693
189317402309
189317410060
189317415736
189317421718
189317428798
189317433803
189317441615
189317447841
189317454432
189317461879
189317469203
189317475429
189317480922
189317488002
189317496180
189317502101
189317509120
189317514857
189317520350
189317527797
189317535670
189317542506
189317548793
189317554957
189317560816
189317567408
189317575648
189317580165
189317588526
189317594203
189317600489
189317605067
189317612025
189317618128
189317624659
189317631068
189317638087
189317644007
189317649073
189317656031
189317660243
189317667384
189317673243
189317680750
189317687098
189317693201
189317699854
189317707300
189317714136
189317720057
189317726465
189317733423
189317739893
189317745753
189317752527
189317760157
189317765223
189317773096
189317780176
189317786036
189317792505
189317800684
189317806727
189317813135
189317819727
189317825159
189317832544
189317840418
189317845850
189317852808
189317858179
189317867273
189317871790
189317877344
189317884485
189317890711
189317896326
189317904016
189317910974
189317918298
189317925562
189317932520
189317938989
189317944238
189317953943
189317961145
189317967737
189317973657
189317981470
189317988000
189317995142
189318001367
189318008935
189318013574
189318021387
189318028284
189318033472
189318039331
189318046472
189318052820
189318059350
189318065576
189318072351
189318077478
189318083581
189318088464
189318093469
189318100671
189318107446
189318114953
189318120935
189318127465
189318133325
189318140466
189318146875
189318151757
189318160363
189318167138
189318173547
189318180139
189318187280
189318193872
189318200280
189318208459
189318214562
189318221520
189318227380
189318232751
189318241052
189318247033
189318255090
189318260094
189318266076
189318273522
189318279687
189318285180
189318293298
189318299462
189318305443
189318310815
189318315636
189318322289
189318328393
189318335412
189318343102
189318349633
189318355126
189318362511
189318368065
189318373986
189318380150
189318386132
189318391991
189318399376
189318404992
189318411644
189318418663
189318424218
189318432763
189318439171
189318444298
189318451439
189318457482
189318465050
189318471398
189318478417
189318483727
189318490929
189318498436
189318504051
189318511315
189318517174
189318523522
189318529991
189318536095
189318541466
189318547447
189318553124
189318560265
189318566124
189318572350
189318579735
189318585045
189318591087
189318597008
189318603477
189318610313
189318618309
189318624962
189318630577
189318638328
189318644432
189318651390
189318657921
189318664696
189318671104
189318678001
189318683799
189318689048
189318696434
189318704673
189318711998
189318718345
189318725608
189318732139
189318737938
189318744712
189318751060
189318757774
189318764366
189318770103
189318777061
189318784568
189318790061
189318796165
189318802635
189318808189
189318813255
189318820640
189318825340
189318833091
189318839011
189318846336
189318853294
189318861411
189318867271
189318872764
189318880759
189318886436
189318894370
189318899558
189318907920
189318915244
189318921348
189318927634
189318933616
189318941978
189318947654
189318954673
189318960044
189318966758
189318972129
189318978415
189318985007
189318991599
189318997886
189319004477
189319010520
189319015769
189319022910
189319028159
189319036643
189319042502
189319049643
189319057517
189319062522
189319068564
189319077231
189319082968
189319088095
189319095786
189319101645
189319107993
189319113913
189319119834
189319128867
189319136130
189319141989
189319147116
189319154929
189319160544
189319166159
189319174094
189319180075
189319185934
189319193198
189319200033
189319205710
189319212729
189319218893
189319225607
189319231711
189319236654
189319241965
189319250754
189319256369
189319264914
189319271139
189319277548
189319283835
189319290121
189319294821
189319302145
189319309774
189319315084
189319322958
189319328390
189319334921
189319342489
189319348715
189319356283
189319364218
189319371603
189319377889
189319383444
189319391134
189319396566
189319403158
189319409628
189319415426
189319422323
189319430868
189319437032
189319442403
189319450338
189319455404
189319460897
189319466695
189319472494
189319479086
189319485128
189319493001
189319499654
189319505880
189319511068
189319515890
189319522665
189319528402
189319535970
189319545186
189319551473
189319557760
189319564535
189319570455
189319577596
189319583638
189319589925
189319597005
189319604390
189319609822
189319617147
189319622823
189319629293
189319636861
189319643453
189319649251
189319656453
189319661946
189319668721
189319674336
189319680379
189319686727
189319693074
189319700520
189319706685
189319711629
189319718038
189319725728
189319731770
189319739278
189319744527
189319752583
189319758626
189319764851
189319771809
189319778340
189319784444
189319790913
189319798543
189319804036
189319810872
189319818562
189319825459
189319832417
189319838338
189319844258
189319851765
189319857564
189319863789
189319871480
189319877461
189319884114
189319889363
189319894978
189319900837
189319909016
189319915303
189319920857
189319928486
189319933918
189319940083
189319945881
189319953266
189319960835
189319966816
189319973103
189319980366
189319987080
189319993611
189320001301
189320007221
189320015156
189320021809
189320027973
189320034382
189320040424
189320048420
189320056355
189320062885
189320069355
189320075275
189320081684
189320087849
189320093037
189320100788
189320106281
189320113422
189320119831
189320126057
189320133198
189320138935
189320146442
189320151874
189320158405
189320165180
189320171039
189320176716
189320182392
189320190509
189320197895
189320203876
189320211322
189320215961
189320222675
189320228412
189320235920
189320242023
189320249713
189320255207
189320262104
189320270343
189320275592
189320283649
189320291034
189320296771
189320303485
189320310199
189320316058
189320323322
189320330219
189320338580
189320344440
189320351520
189320354877
189320363483
189320368732
189320375629
189320380939
189320386615
189320394549
189320401996
189320407916
189320414569
189320422504
189320427203
189320433185
189320440570
189320446124
189320453265
189320459491
189320467425
189320474017
189320480121
189320487079
189320494830
189320500872
189320508563
189320514544
189320522235
189320528521
189320535907
189320542865
189320548907
189320554766
189320563555
189320568926
189320574786
189320580035
189320586382
189320593279
189320599871
189320607440
189320613604
189320621661
189320626482
189320633685
189320638628
189320645281
189320652789
189320659808
189320667681
189320672869
189320680559
189320687823
189320693499
189320701006
189320709368
189320716082
189320721758
189320729571
189320735247
189320740862
189320749468
189320757342
189320763811
189320768877
189320776568
189320782427
189320788652
189320797503
189320802935
189320810503
189320816484
189320823870
189320830034
189320835283
189320843828
189320849077
189320856706
189320862139
189320868730
189320875688
189320881609
189320889543
189320896135
189320902910
189320908342
189320915727
189320921159
189320928545
189320934709
189320941179
189320947832
189320955339
189320963152
189320969316
189320977922
189320983842
189320990495
189320998125
189321003740
189321010210
189321015764
189321023515
189321031633
189321036943
189321044511
189321051530
189321057634
189321064225
189321069597
189321076555
189321083513
189321089677
189321097001
189321104142
189321111345
189321117204
189321124589
189321130998
189321138627
189321144609
189321150895
189321157426
189321165849
189321171708
189321179582
189321185746
189321193620
189321198930
189321206742
189321212113
189321219560
189321225358
189321231767
189321237809
189321243424
189321250260
189321256181
189321265397
189321270829
189321277299
189321282792
189321288346
189321293961
189321301530
189321309464
189321315751
189321321610
189321329484
189321335343
189321341202
189321348588
189321356095
189321361344
189321369706
189321375748
189321382035
189321387955
189321396256
189321403214
189321409806
189321415787
189321421402
189321426773
189321433426
189321438858
189321445694
189321451554
189321457413
189321465958
189321471268
189321476334
189321483597
189321489762
189321496720
189321502884
189321509293
189321515701
189321521744
189321529190
189321537125
189321544510
189321550491
189321555313
189321563553
189321570938
189321577652
189321584976
189321591263
189321599563
189321604690
189321611465
189321618545
189321625198
189321631668
189321637893
189321643814
189321650650
189321655533
189321664810
189321671463
189321678543
189321684524
189321692764
189321698135
189321703750
189321710403
189321715225
189321722854
189321728591
189321736709
189321744094
189321749526
189321756790
189321763565
189321769607
189321776138
189321783157
189321789016
189321796035
189321802078
189321808059
189321816604
189321822219
189321829055
189321834975
189321841750
189321848891
189321854629
189321863113
189321869399
189321875686
189321882400
189321888320
189321894363
189321902175
189321908950
189321915481
189321921889
189321928298
189321933913
189321939712
189321945327
189321950576
189321959304
189321964980
189321972487
189321977492
189321983718
189321989089
189321996047
189322003432
189322009780
189322015700
189322021804
189322027724
189322033461
189322039260
189322047438
189322053908
189322060073
189322068068
189322074294
189322080519
189322086257
189322093215
189322099745
189322107497
189322112074
189322120009
189322126479
189322131484
189322138075
189322145583
189322150710
189322158278
189322163283
189322171156
189322177321
189322184096
189322189894
189322196364
189322203932
189322209425
189322216322
189322222609
189322228956
189322237501
189322244826
189322251112
189322257155
189322265150
189322271132
189322279738
189322286329
189322292616
189322298414
189322306288
189322312269
189322318251
189322324659
189322332228
189322340467
189322346205
189322353346
189322358473
189322365064
189322369581
189322376417
189322383680
189322391493
189322397474
189322404188
189322409803
189322416212
189322423963
189322430494
189322436048
189322443922
189322450147
189322456129
189322463453
189322469984
189322476881
189322484449
189322490003
189322495496
189322502759
189322510389
189322517408
189322523206
189322530164
189322535413
189322543226
189322549878
189322557203
189322563245
189322570081
189322575879
189322580640
189322585584
189322593518
189322599622
189322606641
189322613111
189322621289
189322626233
189322633679
189322638990
189322644483
189322651929
189322659864
189322667737
189322673657
189322681470
189322687573
189322694653
189322700635
189322705762
189322713025
189322720471
189322725781
189322733228
189322739453
189322746899
189322753430
189322760632
189322768201
189322774243
189322779858
189322785168
189322793347
189322798596
189322806409
189322813977
189322820019
189322827527
189322833325
189322841809
189322846631
189322853833
189322859326
189322865979
189322871594
189322878308
189322885205
189322891858
189322897473
189322903759
189322908825
189322915417
189322920910
189322928479
189322934399
189322942089
189322947277
189322955456
189322961315
189322968456
189322974682
189322981091
189322989269
189322994457
189323000927
189323006115
189323013561
189323021679
189323028271
189323034863
189323041332
189323048290
189323055248
189323060436
189323068005
189323073559
189323080944
189323086010
189323091320
189323099377
189323107189
189323113293
189323119457
189323125377
189323132030
189323139599
189323145702
189323152233
189323159252
189323165783
189323173534
189323178905
189323185802
189323191173
189323199352
189323205455
189323212474
189323220409
189323225841
189323234081
189323240062
189323246166
189323254405
189323261485
189323268016
189323273204
189323280345
189323285777
189323291454
189323297313
189323304881
189323310985
189323318248
189323324840
189323330272
189323335399
189323343456
189323349132
189323355357
189323362804
189323367931
189323375133
189323381602
189323388560
189323395701
189323401561
189323407542
189323413463
189323419078
189323425303
189323433543
189323441173
189323447276
189323453502
189323459544
189323466014
189323473948
189323478648
189323485301
189323492869
189323498484
189323503184
189323509593
189323516673
189323524363
189323531443
189323537730
189323543955
189323550791
189323556956
189323564585
189323570994
189323578013
189323584300
189323590708
189323599192
189323604929
189323610850
189323617808
189323623667
189323630076
189323637400
189323643015
189323650278
189323656687
189323663645
189323670176
189323676523
189323683970
189323690928
189323696604
189323703867
189323709666
189323716746
189323721873
189323727732
189323734995
189323742319
189323748911
189323754709
189323762278
189323768320
189323773935
189323780832
189323785959
189323792490
189323798899
189323804941
189323812998
189323819834
189323825937
189323831125
189323836435
189323843393
189323849436
189323857370
189323863352
189323869882
189323875925
189323883676
189323890451
189323896616
189323903635
189323910471
189323916818
189323923837
189323930429
189323935617
189323942880
189323949899
189323957040
189323964487
189323969675
189323974924
189323983285
189323990488
189323997262
189324003122
189324010812
189324016244
189324023507
189324032174
189324037484
189324043954
189324050973
189324057260
189324062753
189324070321
189324076303
189324083871
189324090402
189324097360
189324104440
189324110238
189324117379
189324124765
189324131112
189324138375
189324143930
189324150582
189324157846
189324163217
189324168771
189324176766
189324183053
189324190682
189324196786
189324202218
189324209237
189324213693
189324220773
189324226998
189324234261
189324240670
189324248299
189324253915
189324259957
189324267159
189324271737
189324278756
189324286568
189324293099
189324299691
189324306588
189324312447
189324317757
189324327218
189324332772
189324339608
189324344796
189324351876
189324357186
189324364754
189324371651
189324378121
189324384591
189324392647
189324398995
189324404976
189324412361
189324420113
189324424996
189324432137
189324438607
189324444222
189324449227
189324456612
189324464852
189324470406
189324476021
189324482979
189324489998
189324495979
189324502632
189324508858
189324514778
189324520943
189324527901
189324533760
189324541512
189324549202
189324555244
189324561348
189324569221
189324574165
189324582344
189324587776
189324595161
189324603279
189324609443
189324615913
189324622749
189324630134
189324637153
189324642830
189324648811
189324655525
189324662605
189324667793
189324674629
189324681587
189324687507
189324695625
189324701179
189324706733
189324713508
189324720100
189324725166
189324733100
189324740119
189324746833
189324754218
189324761360
189324767829
189324773506
189324779609
189324787910
189324794135
189324801887
189324807197
189324815925
189324822028
189324828620
189324835212
189324842902
189324849189
189324856757
189324863410
189324868720
189324873786
189324883185
189324889045
189324896003
189324903754
189324909125
189324915717
189324921821
189324927924
189324933539
189324941169
189324947455
189324953742
189324961127
189324967231
189324975409
189324980658
189324987372
189324995307
189325001837
189325007758
189325014594
189325023139
189325028510
189325035407
189325042853
189325049628
189325055426
189325062201
189325068610
189325073798
189325079108
189325087531
189325094611
189325100592
189325107245
189325113715
189325121527
189325127997
189325133978
189325140936
189325146674
189325153143
189325162970
189325168951
189325175360
189325182196
189325187811
189325192816
189325200018
189325207220
189325215521
189325221441
189325228827
189325236395
189325242926
189325250189
189325257696
189325263128
189325270941
189325276556
189325283209
189325288092
189325295965
189325304571
189325311285
189325318548
189325324346
189325331854
189325338018
189325344915
189325350714
189325356146
189325363287
189325367803
189325373724
189325380071
189325387823
189325393560
189325401189
189325407842
189325413030
189325418768
189325427190
189325434148
189325442998
189325449956
189325456609
189325461797
189325469793
189325475530
189325481267
189325489751
189325497075
189325505376
189325511358
189325519658
189325526128
189325531865
189325540044
189325545232
189325552861
189325557866
189325565130
189325570684
189325576604
189325583257
189325590886
189325596746
189325604070
189325611333
189325617253
189325623113
189325630010
189325636663
189325644414
189325649663
189325657231
189325663091
189325669560
189325675847
189325683049
189325689214
189325696416
189325702580
189325707646
189325715276
189325721806
189325729070
189325736882
189325743413
189325750249
189325755498
189325761723
189325768925
189325776494
189325782353
189325787785
189325794865
189325800664
189325808659
189325814580
189325820683
189325828312
189325833684
189325839299
189325844792
189325852360
189325859257
189325867192
189325872807
189325879582
189325885807
189325890934
189325898075
189325903996
189325912541
189325918400
189325925175
189325932682
189325937870
189325945011
189325951969
189325958988
189325965031
189325971867
189325977665
189325984501
189325991093
189325996830
189326003666
189326010014
189326017826
189326023441
189326028568
189326035587
189326039921
189326047977
189326053898
189326061100
189326067570
189326074894
189326080631
189326088322
189326095096
189326101993
189326109928
189326115604
189326121280
189326128422
189326135502
189326142643
189326148624
189326155155
189326162479
189326167362
189326175113
189326181400
189326187625
189326194950
189326200077
189326206607
189326211490
189326218326
189326224674
189326231998
189326238468
189326244022
189326249881
189326255252
189326264163
189326269901
189326277103
189326284549
189326290530
189326296451
189326304019
189326311282
189326317935
189326325565
189326331546
189326339053
189326345645
189326351443
189326358951
189326365848
189326373294
189326379642
189326387393
189326393130
189326400271
189326407474
189326413516
189326419864
189326427005
189326431827
189326438907
189326444156
189326451114
189326459842
189326464907
189326470645
189326478457
189326483889
189326491702
189326498111
189326504641
189326510989
189326518252
189326523867
189326529788
189326537478
189326545046
189326551516
189326559451
189326566042
189326572634
189326578433
189326585391
189326591372
189326596743
189326603762
189326610842
189326616091
189326622378
189326629641
189326636965
189326642763
189326648867
189326654238
189326660830
189326666872
189326673952
189326679384
189326687685
189326693972
189326699648
189326706484
189326713686
189326718752
189326726442
189326731142
189326740480
189326745546
189326752443
189326759707
189326764589
189326771181
189326776491
189326784731
189326791201
189326797914
189326803652
189326809877
189326817446
189326823183
189326829775
189326838320
189326845339
189326850527
189326856813
189326864076
189326869814
189326877748
189326884279
189326890138
189326897096
189326903932
189326911012
189326916566
189326922182
189326928957
189326936098
189326943361
189326949220
189326955080
189326961732
189326967958
189326974184
189326981142
189326988466
189326995424
189327001405
189327007326
189327013673
189327021974
189327029115
189327036744
189327042848
189327047059
189327055665
189327063234
189327069337
189327074403
189327081666
189327087281
189327094606
189327100465
189327106752
189327114076
189327120790
189327125978
189327133729
189327138917
189327146363
189327154237
189327160768
189327167237
189327174622
189327181764
189327189088
189327195008
189327203675
189327211060
189327217164
189327224915
189327231019
189327236756
189327242005
189327249268
189327256226
189327261719
189327268433
189327274720
189327279420
189327285950
189327292054
189327299439
189327305420
189327311036
189327317200
189327323914
189327330201
189327337952
189327344849
189327350769
189327358399
189327364563
189327370484
189327376831
189327385193
189327392334
189327399720
189327406067
189327413452
189327419739
189327426453
189327432007
189327439758
189327445923
189327451599
189327458618
189327463501
189327471863
189327477417
189327484375
189327490418
189327496948
189327502686
189327508362
189327513916
189327519592
189327528992
189327534668
189327541931
189327549194
189327554932
189327562256
189327567749
189327576416
189327582275
189327590027
189327595276
189327602234
189327609741
189327615295
189327624389
189327630859
189327638488
189327643615
189327651306
189327657653
189327663879
189327669616
189327676025
189327682128
189327687927
189327694030
189327700256
189327706176
189327712768
189327720397
189327726440
189327732299
189327738098
189327744933
189327751525
189327759521
189327767455
189327773437
189327780090
189327786254
189327792541
189327798400
189327806274
189327813659
189327819335
189327825927
189327833923
189327839599
189327846984
189327852233
189327861266
189327866698
189327873290
189327878356
189327884704
189327892089
189327897765
189327904479
189327912047
189327917357
189327924071
189327930419
189327934996
189327942077
189327949828
189327955504
189327961119
189327969786
189327975951
189327981017
189327989684
189327995848
189328002684
189328008910
189328015319
189328021605
189328027831
189328034361
189328041136
189328047545
189328053587
189328060545
189328067503
189328072875
189328080504
189328086974
189328093382
189328101012
189328106566
189328114500
189328120848
189328127379
189328134215
189328141356
189328147398
189328153990
189328159910
189328165098
189328171873
189328178343
189328184263
189328190977
189328198851
189328205748
189328211607
189328217589
189328224913
189328229612
189328235472
189328243040
189328250547
189328257261
189328263548
189328270445
189328277464
189328283567
189328291136
189328297850
189328305357
189328311888
189328317991
189328324400
189328332151
189328337644
189328344663
189328352598
189328358274
189328365110
189328371824
189328377256
189328384153
189328389951
189328397337
189328403501
189328410398
189328417417
189328423093
189328429197
189328435667
189328441465
189328448118
189328456174
189328462339
189328468259
189328476255
189328483152
189328490598
189328496763
189328503171
189328509336
189328517026
189328523801
189328529783
189328535154
189328543149
189328549863
189328556455
189328563108
189328570188
189328577878
189328583371
189328590085
189328595944
189328601865
189328608029
189328615232
189328622800
189328628720
189328634824
189328642026
189328647885
189328655026
189328660153
189328667416
189328672971
189328679929
189328686704
189328695065
189328701047
189328709409
189328715939
189328722531
189328730527
189328736752
189328744931
189328751889
189328757687
189328764279
189328771786
189328777524
189328784421
189328791318
189328798459
189328805539
189328811642
189328817624
189328823666
189328832089
189328838498
189328844601
189328851193
189328856747
189328863522
189328870480
189328876400
189328882809
189328888729
189328896481
189328902645
189328907955
189328916683
189328924557
189328930233
189328935909
189328943356
189328949703
189328955563
189328963680
189328969784
189328976254
189328982784
189328989376
189328995235
189329001644
189329007320
189329013180
189329021236
189329026485
189329033138
189329040401
189329045528
189329052853
189329059810
189329065060
189329072567
189329078243
189329083553
189329089718
189329096248
189329101986
189329109127
189329117550
189329121639
189329131038
189329136715
189329143306
189329148983
189329157405
189329163692
189329169796
189329177059
189329184017
189329189693
189329196102
189329202877
189329210689
189329218013
189329223689
189329229549
189329237544
189329243160
189329249996
189329258724
189329264827
189329270686
189329276790
189329284175
189329289851
189329294490
189329302791
189329308772
189329314815
189329321162
189329326778
189329335078
189329340327
189329348445
189329354304
189329359675
189329366633
189329372676
189329377681
189329386165
189329392512
189329399470
189329405696
189329412837
189329420405
189329426753
189329432795
189329439875
189329446589
189329452449
189329459590
189329465937
189329473323
189329479731
189329486140
189329492915
189329499446
189329506526
189329513667
189329519099
189329525752
189329532710
189329541010
189329547846
189329553095
189329561640
189329567866
189329573908
189329580012
189329587763
189329595210
189329601313
189329609553
189329614436
189329622248
189329630915
189329637324
189329645014
189329650873
189329656733
189329665583
189329671625
189329679316
189329685908
189329692438
189329700251
189329706232
189329713862
189329719477
189329726374
189329733149
189329739313
189329744867
189329750910
189329757685
189329762934
189329770136
189329778009
189329784235
189329789362
189329796381
189329803217
189329808832
189329816644
189329822016
189329830255
189329835687
189329843439
189329848688
189329856683
189329863641
189329870355
189329876154
189329881830
189329887933
189329895624
189329902032
189329908075
189329915338
189329921136
189329929620
189329935968
189329942010
189329947931
189329953485
189329962640
189329967828
189329974786
189329979425
189329985345
189329990777
189329997979
189330006158
189330011407
189330018976
189330023919
189330031610
189330037347
189330043145
189330051385
189330058038
189330064447
189330071832
189330078057
189330084832
189330089471
189330098870
189330104425
189330112420
189330120172
189330126275
189330132684
189330140557
189330147393
189330152642
189330161492
189330167291
189330173699
189330181023
189330186211
189330193658
189330199944
189330206292
189330213494
189330219170
189330226372
189330231927
189330239678
189330245049
189330251580
189330258538
189330263543
189330271782
189330279412
189330284905
189330292840
189330299004
189330305596
189330311211
189330317864
189330326165
189330334038
189330340081
189330346611
189330353020
189330359673
189330366448
189330374565
189330381951
189330387017
189330394158
189330401177
189330406609
189330412529
189330421684
189330428276
189330433464
189330440972
189330447991
189330453789
189330459831
189330467094
189330473930
189330479851
189330486198
189330493584
189330500359
189330506584
189330511894
189330519463
189330526176
189330532585
189330538322
189330545097
189330551811
189330559440
189330565056
189330573051
189330580009
189330586052
189330591789
189330598991
189330604240
189330612846
189330618156
189330627006
189330632988
189330639518
189330645317
189330651970
189330658439
189330666191
189330672538
189330678581
189330683891
189330690727
189330695976
189330705375
189330710441
189330717460
189330725089
189330729972
189330736564
189330742729
189330749137
189330755729
189330763847
189330769828
189330777091
189330784049
189330789603
189330797233
189330804862
189330812431
189330818412
189330825431
189330831840
189330837638
189330844962
189330852408
189330859061
189330866446
189330871940
189330879081
189330885978
189330891959
189330898063
189330903739
189330910514
189330916129
189330921744
189330929007
189330936087
189330943106
189330948966
189330955497
189330961112
189330966117
189330974601
189330981192
189330987784
189330993827
189331000907
189331009085
189331014945
189331022269
189331029166
189331035636
189331043753
189331049124
189331056693
189331062552
189331068350
189331076529
189331082327
189331088309
189331095694
189331101981
189331107474
189331113943
189331121756
189331127981
189331134512
189331140616
189331148367
189331154043
189331161062
189331167166
189331173697
189331179129
189331186270
189331192740
189331200674
189331206228
189331214895
189331220755
189331228628
189331233389
189331240591
189331245718
189331252981
189331259024
189331266653
189331273001
189331279592
189331285391
189331291616
189331299124
189331305837
189331312673
189331318472
189331325063
189331329946
189331335867
189331344106
189331349355
189331357229
189331363455
189331369375
189331376455
189331382192
189331388662
189331394826
189331400869
189331407949
189331415884
189331421865
189331428152
189331433889
189331439748
189331445425
189331452627
189331457876
189331464406
189331470266
189331477224
189331484914
189331492482
189331499196
189331505117
189331513051
189331519460
189331527395
189331533864
189331540822
189331547902
189331555654
189331561391
189331568532
189331574330
189331580800
189331589467
189331594899
189331602284
189331608693
189331614552
189331619435
189331626271
189331632863
189331640187
189331646413
189331653249
189331658681
189331663930
189331671986
189331677663
189331686147
189331692067
189331698964
189331706654
189331713490
189331719105
189331724660
189331733021
189331739003
189331745228
189331752980
189331759083
189331764577
189331770741
189331778004
189331786976
189331792592
189331800404
189331805409
189331812367
189331817372
189331823719
189331831288
189331837574
189331842945
189331849842
189331857716
189331864064
189331870167
189331876210
189331883717
189331888233
189331896351
189331901844
189331909718
189331916432
189331923878
189331930897
189331937550
189331946522
189331952869
189331960804
189331967640
189331973560
189331981312
189331986866
189331995045
189331999256
189332007923
189332014881
189332021473
189332029041
189332033802
189332041920
189332047474
189332053943
189332060901
189332069202
189332075123
189332082447
189332087818
189332094410
189332100879
189332107715
189332114612
189332122242
189332130359
189332136402
189332143299
189332151660
189332157825
189332165088
189332171924
189332179615
189332186389
189332193042
189332199451
189332206653
189332215137
189332220691
189332228076
189332234363
189332240100
189332246570
189332253101
189332260303
189332266345
189332272266
189332278674
189332284839
189332291248
189332297290
189332302966
189332310229
189332314502
189332319934
189332326770
189332333972
189332340686
189332347766
189332354724
189332361133
189332368396
189332374194
189332381274
189332386950
189332394397
189332401782
189332408191
189332415576
189332420214
189332428881
189332434680
189332441638
189332449023
189332454577
189332461535
189332467272
189332472705
189332479846
189332485949
189332493579
189332499194
189332505358
189332512438
189332519152
189332525866
189332532275
189332538439
189332545825
189332551318
189332559313
189332565966
189332571581
189332580431
189332586657
189332593249
189332597826
189332606127
189332611315
189332619372
189332627062
189332633654
189332640490
189332646960
189332652819
189332658678
189332667101
189332673876
189332679186
189332686693
189332692125
189332698717
189332704088
189332708666
189332717394
189332723070
189332730211
189332734972
189332741014
189332747728
189332753832
189332762499
189332768114
189332774584
189332782579
189332786730
189332795275
189332801561
189332807665
189332813890
189332821581
189332827135
189332833788
189332841051
189332848619
189332854112
189332863023
189332870836
189332877184
189332882921
189332889757
189332896165
189332902147
189332909105
189332915697
189332921373
189332927232
189332934984
189332942369
189332948594
189332955491
189332962510
189332968309
189332976793
189332982896
189332988817
189332997361
189333002977
189333011033
189333016893
189333023362
189333031053
189333037339
189333045030
189333050767
189333058519
189333065415
189333072251
189333076768
189333085069
189333091661
189333098374
189333104295
189333109788
189333117417
189333123948
189333129380
189333137681
189333143784
189333148667
189333153916
189333160081
189333165757
189333171067
189333179002
189333187302
189333193955
189333199387
189333207383
189333213731
189333219529
189333225999
189333232590
189333240647
189333245835
189333254136
189333259995
189333266648
189333276169
189333283066
189333289780
189333295639
189333301377
189333306626
189333314255
189333322190
189333328354
189333334580
189333341782
189333347824
189333354233
189333357895
189333364426
189333371750
189333377915
189333383957
189333389878
189333397080
189333403000
189333409043
189333416123
189333423630
189333429428
189333435043
189333442734
189333448593
189333455795
189333462692
189333468491
189333474777
189333482651
189333489426
189333494614
189333502060
189333508652
189333515427
189333520859
189333528122
189333535568
189333541427
189333547104
189333555404
189333560592
189333568649
189333574753
189333582382
189333587875
189333593307
189333601791
189333608139
189333614853
189333620224
189333628646
189333634689
189333641342
189333647384
189333655075
189333661239
189333669967
189333676254
189333682662
189333688705
189333695907
189333703903
189333710311
189333715377
189333721603
189333728378
189333733810
189333740524
189333747909
189333755660
189333761337
189333768600
189333773971
189333781661
189333788985
189333793990
189333800582
189333807174
189333812972
189333819991
189333825606
189333833480
189333838668
189333845504
189333851974
189333858138
189333863021
189333869613
189333877852
189333883346
189333889876
189333896102
189333905928
189333911910
189333918929
189333925826
189333931685
189333937606
189333945296
189333951644
189333956893
189333964156
189333972274
189333978499
189333984419
189333991805
189333998152
189334003157
189334009993
189334018172
189334024703
189334030501
189334038558
189334045454
189334050703
189334058760
189334065169
189334071577
189334077742
189334084212
189334091231
189334097578
189334104170
189334111861
189334118330
189334124251
189334132002
189334136458
189334144942
189334150984
189334160444
189334165938
189334174482
189334179670
189334186018
189334193831
189334199202
189334206770
189334211714
189334219038
189334225203
189334231062
189334237898
189334243452
189334251631
189334258772
189334264692
189334269575
189334277387
189334283308
189334289228
189334295332
189334303022
189334308393
189334315656
189334321699
189334327009
189334334760
189334341596
189334348493
189334354414
189334361799
189334369672
189334375593
189334382612
189334388959
189334395734
189334402692
189334409284
189334414594
189334421064
189334425092
189334435468
189334441327
189334447187
189334453229
189334459455
189334465986
189334472944
189334480146
189334486371
189334492170
189334499494
189334505231
189334511213
189334517194
189334524030
189334531659
189334540082
189334547345
189334553876
189334560834
189334566815
189334573224
189334581830
189334589215
189334595746
189334602094
189334607648
189334614606
189334619977
189334627850
189334633710
189334640973
189334646466
189334652692
189334658490
189334664716
189334670636
189334678082
189334684552
189334689618
189334697858
189334703534
189334709088
189334715253
189334722333
189334728070
189334734723
189334740521
189334745770
189334754193
189334761151
189334767743
189334773663
189334781659
189334789166
189334795025
189334802716
189334809185
189334816998
189334822552
189334829205
189334835919
189334841656
189334847576
189334855389
189334861981
189334868084
189334874859
189334879009
189334889263
189334895245
189334903546
189334910015
189334915814
189334923016
189334929180
189334934368
189334941937
189334947552
189334955730
189334962017
189334968731
189334974651
189334980816
189334987163
189334995586
189335002483
189335008098
189335016033
189335022198
189335028850
189335035991
189335041179
189335047588
189335055279
189335062664
189335068706
189335075542
189335081035
189335087139
189335093120
189335100750
189335106975
189335114177
189335120525
189335126201
189335131511
189335139507
189335145061
189335152202
189335160381
189335166118
189335172344
189335178752
189335187602
189335194927
189335200725
189335208049
189335213481
189335219585
189335227397
189335235393
189335241863
189335248454
189335254436
189335261577
189335269695
189335275432
189335283000
189335288859
189335295940
189335301494
189335308147
189335314006
189335319865
189335329143
189335334086
189335340983
189335346293
189335353496
189335359111
189335364177
189335371806
189335377421
189335385112
189335390910
189335396769
189335403483
189335411784
189335417949
189335424540
189335430705
189335438578
189335444255
189335451701
189335458537
189335464762
189335471232
189335479289
189335484660
189335490763
189335497904
189335502665
189335510172
189335516581
189335522501
189335529765
189335536356
189335543436
189335549784
189335557169
189335563578
189335568827
189335575602
189335582560
189335588541
189335595866
189335603129
189335610392
189335616251
189335621256
189335629130
189335634928
189335642008
189335650675
189335655802
189335662760
189335671122
189335677164
189335683146
189335690348
189335697184
189335702799
189335708536
189335716043
189335721537
189335728067
189335734232
189335740335
189335748453
189335754679
189335761026
189335766764
189335773783
189335779764
189335784891
189335792276
189335798502
189335806070
189335811502
189335819010
189335825052
189335830301
189335837747
189335843424
189335850870
189335858255
189335864542
189335872049
189335878091
189335884317
189335892374
189335898477
189335906045
