190016392585
190016398566
190016404425
190016409613
190016415900
190016420417
190016426642
190016432318
190016438239
190016443915
190016450141
190016455451
190016461554
190016469184
190016475226
190016482123
190016491095
190016497443
190016504645
190016510993
190016517828
190016523749
190016532172
190016539923
190016546393
190016552191
190016560553
190016569159
190016576361
190016582037
190016590094
190016598517
190016604071
190016612311
190016619757
190016626898
190016633734
190016640814
190016648932
190016656195
190016663458
190016670416
190016677069
190016684942
190016692450
190016700323
190016705755
190016713629
190016720343
190016729681
190016738043
190016744634
190016750799
190016759649
190016766058
190016774053
190016778631
190016789983
190016796392
190016804815
190016810980
190016820501
190016827215
190016836309
190016844061
190016852666
190016859136
190016866399
190016872991
190016882940
190016890752
190016899908
190016906866
190016915594
190016922674
190016930669
190016938604
190016947515
190016953862
190016963506
190016971257
190016978215
190016986272
190016994878
190017002202
190017009832
190017018132
190017024907
190017034368
190017041204
190017050603
190017056401
190017065129
190017072759
190017078740
190017086186
190017093816
190017102239
190017109807
190017116826
190017124638
190017132085
190017138249
190017147282
190017155461
190017162602
190017170232
190017175664
190017183720
190017191777
190017199345
190017205937
190017213933
190017219975
190017227604
190017235234
190017241765
190017250676
190017257328
190017263554
190017270512
190017278263
190017285283
190017292118
190017300724
190017308842
190017313908
190017320500
190017328373
190017334965
190017342045
190017349064
190017356999
190017364628
190017373844
190017382816
190017390690
190017396855
190017406864
190017414066
190017421940
190017430729
190017439884
190017446049
190017455448
190017463322
190017471317
190017479008
190017486088
190017495304
190017501530
190017510929
190017519230
190017527775
190017535465
190017541935
190017549564
190017556522
190017565616
190017573429
190017581119
190017586429
190017595707
190017603824
190017611331
190017617862
190017626529
190017635562
190017642581
190017651309
190017659061
190017666202
190017674320
190017682132
190017688297
190017696109
190017705203
190017712222
190017719669
190017726749
190017736148
190017743045
190017750919
190017756900
190017766482
190017772952
190017779971
190017788272
190017794681
190017802188
190017810550
190017816714
190017824710
190017833499
190017838931
190017847842
190017854922
190017864077
190017870974
190017878482
190017886966
190017894107
190017900393
190017906863
190017915164
190017922854
190017929934
190017938052
190017944461
190017953250
190017961428
190017968447
190017976687
190017985049
190017990298
190017998049
190018005312
190018013979
190018020937
190018031252
190018039919
190018045596
190018053957
190018062197
190018069338
190018077151
190018085085
190018093569
190018101382
190018109316
190018117434
190018124270
190018131838
190018139895
190018146181
190018154299
190018162844
190018171022
190018177065
190018185854
190018193056
190018199221
190018208376
190018214662
190018224306
190018232424
190018240175
190018247866
190018254213
190018260561
190018269289
190018277040
190018284242
190018291811
190018299379
190018308717
190018317262
190018324770
190018332399
190018341005
190018347597
190018355714
190018363893
190018371461
190018379152
190018385866
190018393068
190018400819
190018408265
190018415285
190018423890
190018430543
190018438417
190018445192
190018453309
190018461488
190018469178
190018476869
190018484315
190018492372
190018501100
190018507814
190018516175
190018524476
190018532777
190018540772
190018548219
190018555360
190018561219
190018568360
190018578126
190018585328
190018593018
190018601380
190018609071
190018615540
190018621583
190018628480
190018635987
190018644593
190018650758
190018657960
190018665223
190018673096
190018679383
190018685609
190018693482
190018701783
190018707703
190018714905
190018720704
190018728333
190018737305
190018743714
190018749573
190018757447
190018764100
190018770081
190018776490
190018786621
190018793335
190018799256
190018805725
190018812805
190018819824
190018827027
190018835144
190018841614
190018850037
190018855591
190018861206
190018869385
190018876526
190018884094
190018890381
190018898193
190018903992
190018909241
190018916748
190018924255
190018930664
190018938599
190018945557
190018950439
190018958984
190018965637
190018973144
190018978515
190018986389
190018992431
190018998962
190019004761
190019010010
190019019165
190019026001
190019033264
190019039550
190019047485
190019055053
190019061157
190019069275
190019077514
190019084106
190019091247
190019097839
190019105041
190019113037
190019118286
190019126098
190019133300
190019140808
190019147643
190019154357
190019163329
190019168029
190019177001
190019183593
190019189330
190019196899
190019203185
190019213012
190019220702
190019227905
190019233825
190019241210
190019249267
190019255981
190019263183
190019270934
190019278197
190019285705
190019293639
190019300414
190019307555
190019314574
190019320678
190019326476
190019331908
190019339049
190019345580
190019353942
190019361266
190019365905
190019373961
190019379271
190019387267
190019392516
190019400450
190019406798
190019412413
190019418761
190019425292
190019429930
190019437316
190019443968
190019450560
190019458434
190019463744
190019470397
190019476500
190019482848
190019489928
190019496336
190019503416
190019509825
190019518919
190019525999
190019532286
190019541746
190019548949
190019556578
190019562804
190019570311
190019578551
190019585386
190019593748
190019601134
190019606932
190019614317
190019620726
190019628111
190019636656
190019643919
190019651854
190019659605
190019667112
190019672789
190019680723
190019688108
190019695372
190019701597
190019709288
190019716001
190019724913
190019733457
190019740232
190019748411
190019754453
190019761595
190019769102
190019776914
190019783750
190019791563
190019797178
190019805662
190019811399
190019817258
190019825071
190019830381
190019838682
190019844541
190019850034
190019858213
190019866209
190019874448
190019880613
190019888059
190019893918
190019901304
190019906553
190019914792
190019921018
190019928342
190019934873
190019942075
190019948179
190019956601
190019963681
190019971189
190019977964
190019985044
190019990781
190019998227
190020005857
190020012448
190020019101
190020027707
190020034177
190020042233
190020047849
190020055661
190020063107
190020069150
190020077390
190020083737
190020089963
190020096982
190020105893
190020113339
190020118649
190020128049
190020134213
190020142209
190020148740
190020156430
190020162472
190020170102
190020175961
190020182797
190020190365
190020198056
190020204098
190020211728
190020217343
190020225644
190020231808
190020239315
190020247067
190020253720
190020260495
190020266598
190020273129
190020279110
190020286129
190020295529
190020302487
190020308407
190020313839
190020318112
190020325619
190020331173
190020337277
190020344357
190020352413
190020359127
190020365963
190020373531
190020380123
190020387264
190020393429
190020399715
190020407040
190020415035
190020420650
190020428219
190020435360
190020442501
190020450558
190020458004
190020465450
190020472042
190020480160
190020486385
190020491634
190020499752
190020505916
190020513851
190020520748
190020528804
190020534908
190020542049
190020549739
190020555416
190020562801
190020570003
190020577144
190020583736
190020591060
190020597164
190020605770
190020612422
190020619503
190020628414
190020634334
190020643306
190020648372
190020657100
190020665828
190020673274
190020681209
190020686641
190020693843
190020695369
190020706599
190020711665
190020719661
190020727412
190020732539
190020739253
190020746516
190020752254
190020758174
190020766170
190020771724
190020778132
190020783931
190020789058
190020794856
190020802485
190020809382
190020816951
190020825618
190020831599
190020837214
190020843318
190020850581
190020858943
190020865413
190020871089
190020878596
190020885798
190020893489
190020901362
190020908564
190020916499
190020923701
190020932856
190020939082
190020945490
190020953425
190020961909
190020969050
190020976923
190020982600
190020990046
190020998957
190021006770
190021014033
190021021174
190021026057
190021033930
190021041315
190021050471
190021056208
190021063471
190021069941
190021076899
190021084040
190021089045
190021096857
190021104426
190021110468
190021118586
190021125422
190021133417
190021139887
190021146784
190021152155
190021158319
190021165094
190021171320
190021177668
190021185907
190021191400
190021200128
190021206537
190021212763
190021220392
190021227411
190021235285
190021240900
190021247675
190021254633
190021261041
190021268671
190021277155
190021284723
190021292108
190021299310
190021304803
190021312860
190021319330
190021327875
190021334161
190021341058
190021346246
190021353448
190021360651
190021367792
190021375299
190021382257
190021390924
190021396356
190021403375
190021410638
190021417962
190021424432
190021431939
190021439874
190021446893
190021453607
190021462640
190021467584
190021476068
190021484246
190021491082
190021498651
190021506158
190021513848
190021522149
190021527642
190021535394
190021543389
190021548638
190021556024
190021560906
190021569146
190021576775
190021584710
190021591241
190021598382
190021606988
190021614007
190021621270
190021627251
190021634759
190021642022
190021649712
190021655083
190021664300
190021672906
190021679803
190021686455
190021693291
190021701043
190021708428
190021716118
190021723931
190021731194
190021736626
190021745049
190021751336
190021760003
190021765923
190021775200
190021781975
190021789299
190021796868
190021803154
190021812493
190021820000
190021826897
190021834404
190021841423
190021847405
190021855705
190021861199
190021869377
190021875359
190021884331
190021891350
190021898979
190021906548
190021912285
190021918266
190021926689
190021932243
190021937614
190021943352
190021950920
190021956779
190021963798
190021968986
190021975944
190021981804
190021990471
190021996452
190022001579
190022010063
190022016227
190022020683
190022028190
190022035209
190022042228
190022051200
190022056144
190022063652
190022070488
190022090324
190022097465
190022105400
190022111015
190022118156
190022125724
190022132072
190022140922
190022148490
190022154044
190022162467
190022169914
190022178214
190022183891
190022192863
190022199271
190022207267
190022215079
190022220145
190022229423
190022235648
190022243766
190022250175
190022255790
190022265006
190022271476
190022277762
190022284720
190022292045
190022298819
190022306205
190022311820
190022319022
190022325248
190022331961
190022339469
190022347953
190022354422
190022360404
190022367362
190022375540
190022381522
190022389090
190022396353
190022403433
190022408988
190022416800
190022424185
190022431754
190022438468
190022445670
190022452506
190022459464
190022466177
190022473135
190022481009
190022487051
190022494070
190022501944
190022508658
190022515616
190022523489
190022531241
190022537894
190022544974
190022551199
190022558707
190022570486
190022576590
190022583487
190022591238
190022595633
190022602896
190022610952
190022618033
190022624624
190022630850
190022638479
190022646841
190022652761
190022660757
190022665823
190022673330
190022679617
190022685110
190022692373
190022699209
190022706655
190022712332
190022721243
190022727590
190022734426
190022740957
190022746633
190022754629
190022761282
190022768545
190022774404
190022780691
190022788259
190022796377
190022803884
190022811025
190022818044
190022825796
190022832143
190022840566
190022848745
190022855398
190022862234
190022871206
190022876699
190022884633
190022890615
190022899648
190022905752
190022912648
190022921132
190022927602
190022933828
190022942434
190022948598
190022956044
190022963247
190022969228
190022976552
190022983754
190022992665
190022997548
190023005239
190023012441
190023019338
190023027516
190023033010
190023041676
190023049245
190023055165
190023063283
190023069508
190023076100
190023081593
190023089345
190023095692
190023103810
190023111317
190023118214
190023125478
190023131764
190023139210
190023145863
190023152516
190023159169
190023165333
190023170704
190023178517
190023186146
190023194386
190023200917
190023207997
190023214100
190023222706
190023229725
190023238209
190023243031
190023250843
190023256276
190023266224
190023273365
190023280079
190023287220
190023293995
190023301808
190023307972
190023315479
190023325123
190023332264
190023338551
190023347462
190023354054
190023362904
190023369434
190023377918
190023384144
190023392994
190023399097
190023407581
190023413807
190023421925
190023429493
190023436451
190023442737
190023449634
190023456104
190023462147
190023469532
190023475879
190023483570
190023489002
190023494861
190023500355
190023506214
190023514087
190023521656
190023526539
190023534534
190023540210
190023546070
190023552417
190023558582
190023565845
190023571521
190023579578
190023586719
190023594470
190023601001
190023609119
190023616138
190023624072
190023630603
190023637134
190023643176
190023650806
190023657092
190023664661
190023670459
190023676318
190023685107
190023692493
190023701709
190023709277
190023716785
190023723071
190023729663
190023736743
190023743945
190023751452
190023759387
190023766040
190023771838
190023780261
190023787036
190023795520
190023801135
190023809863
190023816333
190023823779
190023829699
190023837085
190023844714
190023850329
190023855639
190023862963
190023869067
190023876025
190023882189
190023890307
190023897753
190023904284
190023909716
190023916003
190023923815
190023930163
190023937182
190023944750
190023950488
190023957751
190023966113
190023973071
190023982226
190023989062
190023996386
190024004382
190024009631
190024016527
190024022936
190024030566
190024035815
190024044726
190024050890
190024056811
190024063158
190024070360
190024079394
190024087206
190024093493
190024099718
190024106920
190024113634
190024120775
190024127306
190024133226
190024140551
190024146288
190024153185
190024157885
190024165941
190024173754
190024179491
190024187425
190024193712
190024199816
190024205309
190024212572
190024219408
190024226122
190024233141
190024238451
190024244371
190024251390
190024257494
190024263353
190024272874
190024278978
190024285814
190024292101
190024297838
190024305223
190024310960
190024318285
190024324266
190024330247
190024336412
190024343980
190024350877
190024356859
190024365037
190024372850
190024377611
190024383531
190024390184
190024396348
190024402147
190024410264
190024415941
190024423875
190024432847
190024439988
190024447374
190024454881
190024462449
190024468492
190024476121
190024483018
190024491197
190024497727
190024506700
190024514451
190024522202
190024528672
190024535081
190024543565
190024552110
190024558762
190024566636
190024573472
190024582505
190024589219
190024594956
190024603379
190024609421
190024617600
190024623337
190024628709
190024636338
190024644334
190024651597
190024658921
190024664902
190024670762
190024677170
190024684189
190024691880
190024698594
190024705002
190024711289
190024718552
190024726120
190024733811
190024740830
190024748337
190024754990
190024763779
190024770432
190024776657
190024782578
190024790818
190024798752
190024804001
190024810715
190024819077
190024826218
190024833786
190024841232
190024848801
190024856796
190024865036
190024871811
190024879562
190024884445
190024892685
190024901230
190024908798
190024916122
190024923263
190024931930
190024938217
190024945846
190024953842
190024959945
190024966965
190024973312
190024978683
190024986618
190024992538
190024999984
190025005905
190025012619
190025020248
190025024765
190025033126
190025040023
190025047653
190025053207
190025057663
190025065414
190025070236
190025078353
190025086959
190025092758
190025098800
190025106368
190025114120
190025119735
190025128402
190025134750
190025141830
190025149459
190025154647
190025161971
190025166061
190025175094
190025182601
190025188094
190025197677
190025203475
190025209273
190025216537
190025223250
190025230758
190025236861
190025245223
190025252852
190025259627
190025268233
190025274215
190025281661
190025288009
190025297713
190025304671
190025312240
190025319136
190025327010
190025334883
190025341536
190025349776
190025356063
190025361434
190025371077
190025376692
190025382857
190025388350
190025394698
190025400374
190025408003
190025414961
190025421126
190025428572
190025437544
190025444930
190025450179
190025458296
190025464034
190025471541
190025479353
190025487776
190025494429
190025500655
190025510664
190025516157
190025525679
190025532271
190025540022
190025547163
190025553816
190025561812
190025567915
190025576948
190025584150
190025591475
190025598494
190025607466
190025613386
190025621382
190025629072
190025635420
190025642561
190025648542
190025656538
190025662886
190025671064
190025676679
190025682722
190025690595
190025699629
190025706404
190025712385
190025718977
190025726545
190025733564
190025740705
190025748884
190025754499
190025759992
190025766950
190025772138
190025780805
190025785932
190025794538
190025800642
190025808576
190025816572
190025821577
190025829145
190025834455
190025843793
190025849409
190025855878
190025863691
190025870038
190025877912
190025885053
190025891889
190025900617
190025907697
190025915448
190025921186
190025927777
190025936200
190025942182
190025950421
190025957013
190025964398
190025972333
190025977521
190025986127
190025992047
190026000592
190026008771
190026014264
190026021893
190026028912
190026035199
190026043805
190026049603
190026057416
190026064618
190026070538
190026078534
190026086591
190026092999
190026099103
190026106732
190026112836
190026121686
190026127850
190026135724
190026143597
190026149762
190026156293
190026162762
190026168438
190026176678
190026184613
190026191510
190026197735
190026205609
190026212323
190026217572
190026225567
190026231671
190026238690
190026244732
190026251507
190026257428
190026263592
190026270123
190026275555
190026283367
190026288311
190026295574
190026302227
190026307965
190026313641
190026320782
190026329144
190026334881
190026342083
190026348126
190026354595
190026362896
190026368267
190026375469
190026381390
190026389141
190026394878
190026401897
190026409832
190026415752
190026423748
190026429363
190026435955
190026440838
190026447246
190026453594
190026458965
190026467815
190026473736
190026481365
190026486431
190026492656
190026498943
190026507366
190026513591
190026520549
190026526653
190026532940
190026538677
190026546917
190026553997
190026562053
190026569683
190026578594
190026587139
190026594707
190026602825
190026609233
190026617656
190026624553
190026633525
190026640727
190026647258
190026655315
190026661784
190026668864
190026676250
190026682109
190026689494
190026696208
190026704692
190026710673
190026716899
190026724773
190026730388
190026740703
190026747172
190026753886
190026761088
190026767863
190026773234
190026780681
190026786113
190026794719
190026801371
190026808696
190026815654
190026822306
190026830119
190026835795
190026843302
190026848918
190026855693
190026861674
190026869487
190026875346
190026882487
190026890971
190026898173
190026906718
190026912821
190026918498
190026926371
190026934489
190026940836
190026948649
190026955058
190026962931
190026969340
190026977274
190026985209
190026991740
190026999979
190027006205
190027013102
190027021342
190027027262
190027033732
190027041666
190027048502
190027055033
190027060953
190027068949
190027075297
190027084147
190027090799
190027097696
190027105326
190027111979
190027119059
190027125528
190027132975
190027140116
190027146402
190027152384
190027158609
190027164530
190027173502
190027181070
190027187784
190027195780
190027201944
190027208719
190027215677
190027221903
190027228800
190027234598
190027242410
190027248819
190027255594
190027263834
190027271036
190027278116
190027284769
190027291666
190027299600
190027307840
190027315103
190027321207
190027328103
190027335733
190027341897
190027349466
190027357705
190027365213
190027371316
190027379495
190027386575
190027392801
190027399392
190027408609
190027415567
190027422525
190027430093
190027436441
190027443704
190027451821
190027459146
190027465249
190027471841
190027479165
190027486611
190027494912
190027501382
190027509622
190027516335
190027522500
190027529824
190027537331
190027543618
190027551431
190027558022
190027565102
190027571328
190027579629
190027586587
190027593423
190027600869
190027607094
190027613930
190027619485
190027626809
190027633645
190027641335
190027647317
190027656167
190027664162
190027671059
190027678689
190027685463
190027692421
190027698342
190027704873
190027711831
190027717812
190027724526
190027731728
190027738625
190027747292
190027754799
190027760781
190027767800
190027774819
190027783119
190027791237
190027798073
190027805397
190027811196
190027820290
190027827126
190027835365
190027841530
190027849892
190027857155
190027861305
190027868629
190027877602
190027883400
190027891457
190027899391
190027906105
190027911964
190027919472
190027927894
190027934791
190027941139
190027947609
190027955177
190027962562
190027970070
190027977089
190027983497
190027990394
190027997596
190028002906
190028011940
190028018043
190028023292
190028031410
190028039344
190028045326
190028051918
190028058692
190028067115
190028074439
190028081275
190028087257
190028094093
190028101234
190028108375
190028116248
190028122596
190028130897
190028136451
190028144325
190028152564
190028159950
190028167335
190028174781
190028181617
190028188880
190028194923
190028202674
190028211463
190028218787
190028225684
190028231727
190028239539
190028245826
190028251258
190028259437
190028267615
190028272803
190028280127
190028284888
190028293921
190028298987
190028307227
190028313269
190028318946
190028326148
190028333228
190028339270
190028344763
190028353675
190028360205
190028368079
190028373145
190028380042
190028386206
190028393286
190028399817
190028405371
190028413428
190028418250
190028425208
190028432410
190028440039
190028446448
190028452734
190028460852
190028466284
190028472815
190028477454
190028485144
190028491309
190028497473
190028505347
190028512060
190028519018
190028524695
190028532202
190028539038
190028547095
190028553930
190028559485
190028566931
190028572241
190028579138
190028585302
190028594214
190028600988
190028608130
190028614050
190028619177
190028626928
190028632727
190028641210
190028649328
190028655798
190028661779
190028668432
190028675634
190028681921
190028687658
190028695959
190028701574
190028708776
190028715734
190028721899
190028729162
190028734960
190028740636
190028747228
190028754736
190028761877
190028769811
190028777685
190028783727
190028790929
190028796361
190028803686
190028809484
190028817296
190028825414
190028833043
190028839940
190028847143
190028853673
190028858922
190028866185
190028871557
190028879979
190028887487
190028892064
190028901708
190028908422
190028916112
190028923558
190028930822
190028938512
190028945897
190028953954
190028960668
190028966649
190028974828
190028981420
190028989049
190028995091
190029002294
190029009740
190029015965
190029024205
190029030858
190029038060
190029044713
190029052464
190029060704
190029067784
190029075047
190029081090
190029086888
190029093907
190029102330
190029107701
190029114842
190029123448
190029129490
190029137913
190029143406
190029151402
190029157200
190029167454
190029173863
190029180088
190029187657
190029193272
190029198948
190029207493
190029213536
190029217015
190029226048
190029232884
190029238804
190029244053
190029251255
190029258030
190029263584
190029271702
190029278599
190029284214
190029289219
190029295994
190029304112
190029310703
190029316746
190029324009
190029330479
190029337803
190029343540
190029351536
190029356968
190029363743
190029370457
190029376255
190029381138
190029388340
190029394321
190029402988
190029409458
190029416660
190029425083
190029432102
190029440098
190029447483
190029453159
190029461765
190029468967
190029478550
190029484531
190029490390
190029498508
190029505832
190029511753
190029517612
190029525669
190029534397
190029540134
190029548557
190029556430
190029562473
190029570896
190029577732
190029583896
190029590915
190029599765
190029606113
190029614108
190029620029
190029626743
190029636508
190029643344
190029650790
190029658176
190029664828
190029671725
190029677951
190029685336
190029694186
190029699924
190029707736
190029714084
190029721469
190029726840
190029733554
190029741672
190029749850
190029757113
190029763278
190029769870
190029777377
190029783969
190029791354
190029798617
190029804538
190029812167
190029818454
190029824252
190029832797
190029838473
190029846347
190029852877
190029859469
190029867037
190029872592
190029880526
190029886019
190029894076
190029899752
190029906466
190029913424
190029920931
190029925570
190029934054
190029939242
190029947665
190029953646
190029961275
190029965914
190029974703
190029982149
190029987643
190029995028
190030000582
190030008761
190030015475
190030024019
190030029635
190030037935
190030042940
190030051607
190030058443
190030065279
190030072603
190030079928
190030086641
190030092989
190030100740
190030106173
190030114473
190030121370
190030128511
190030135164
190030142916
190030150545
190030157503
190030164827
190030170870
190030178133
190030183748
190030192476
190030199800
190030207674
190030212312
190030219759
190030227754
190030233675
190030242159
190030247713
190030256136
190030263826
190030270296
190030276399
190030281038
190030289461
190030294771
190030302278
190030307039
190030314241
190030319917
190030327424
190030333345
190030340608
190030346040
190030355806
190030361482
190030366670
190030373567
190030379243
190030385286
190030390718
190030399202
190030406465
190030414216
190030420442
190030427095
190030433076
190030439912
190030447236
190030454743
190030461091
190030465852
190030473298
190030478669
190030486299
190030493134
190030499177
190030508027
190030513154
190030519135
190030525788
190030533540
190030539155
190030547334
190030554353
190030561372
190030566682
190030571992
190030579865
190030586152
190030592988
190030598359
190030606232
190030611909
190030619111
190030624055
190030632172
190030638886
190030645478
190030652924
190030660614
190030666840
190030674347
190030680268
190030687287
190030692048
190030700348
190030707672
190030715180
190030722626
190030729523
190030736481
190030744171
190030749848
190030755585
190030762116
190030769318
190030779633
190030785492
190030793060
190030799530
190030806732
190030815582
190030823273
190030830353
190030838348
190030844330
190030851715
190030858185
190030865631
190030874054
190030881134
190030888153
190030894501
190030901275
190030909820
190030916412
190030924591
190030931244
190030939361
190030946808
190030954681
190030961212
190030968841
190030974945
190030982391
190030989166
190030995880
190031003509
190031009246
190031017730
190031024261
190031032135
190031039215
190031045074
190031052154
190031058685
190031065277
190031070892
190031078460
190031085113
190031091155
190031097564
190031106475
190031115203
190031120513
190031128936
190031134002
190031141570
190031149261
190031156036
190031161834
190031168914
190031176177
190031182159
190031190337
190031198699
190031205718
190031211761
190031220244
190031227019
190031234221
190031239409
190031248565
190031255340
190031263579
190031269988
190031276336
190031284575
190031291655
190031299712
190031307402
190031314238
190031321624
190031329863
190031335356
190031343657
190031348906
190031358489
190031365447
190031373442
190031380644
190031387785
190031396269
190031405058
190031411345
190031418913
190031423674
190031430998
190031437895
190031445830
190031451933
190031458586
190031465605
190031471403
190031477812
190031484343
190031491240
190031498015
190031504606
190031510466
190031517302
190031524870
190031529265
190031538115
190031544096
190031550078
190031555632
190031562285
190031568266
190031575834
190031583952
190031592436
190031597136
190031605314
190031612455
190031618071
190031623320
190031630461
190031637846
190031643034
190031650480
190031656462
190031662443
190031668669
190031676115
190031683866
190031689543
190031696684
190031702177
190031708524
190031715666
190031722013
190031727750
190031736051
190031743070
190031748624
190031755460
190031762235
190031768644
190031775236
190031783231
190031790067
190031796110
190031802457
190031809781
190031815519
190031823148
190031829862
190031837003
190031842801
190031847928
190031855130
190031860624
190031869169
190031875821
190031881314
190031887601
190031895963
190031902127
190031907193
190031915738
190031922879
190031928739
190031934476
190031939969
190031945584
190031953519
190031959683
190031965177
190031974271
190031980496
190031989163
190031997220
190032003446
190032011868
190032017056
190032024381
190032032071
190032038602
190032048062
190032054410
190032062772
190032068997
190032075772
190032081631
190032090604
190032096280
190032105252
190032111477
190032119168
190032128140
190032133816
190032140164
190032148587
190032157071
190032163479
190032170559
190032176846
190032183743
190032191922
190032200467
190032207974
190032214016
190032220974
190032227993
190032234524
190032241726
190032248074
190032255886
190032263638
190032268276
190032275906
190032283047
190032292446
190032300747
190032305569
190032314663
190032321926
190032329189
190032334560
190032340786
190032348415
190032355984
190032362881
190032371120
190032377346
190032383633
190032391689
190032399563
190032405117
190032413845
190032420925
190032426174
190032434597
190032441372
190032447475
190032455776
190032461940
190032468349
190032474636
190032484218
190032489772
190032497463
190032503139
190032509914
190032517910
190032522731
190032530849
190032537258
190032544643
190032552516
190032559719
190032565761
190032571681
190032579677
190032585903
190032594753
190032601100
190032608547
190032616603
190032623500
190032629787
190032637843
190032646144
190032651698
190032658656
190032666652
190032675624
190032682155
190032689723
190032697169
190032703883
190032709926
190032716945
190032724696
190032730861
190032738368
190032745387
190032750880
190032758326
190032765406
190032774012
190032780055
190032787013
190032793849
190032800807
190032807826
190032814112
190032820338
190032827235
190032833094
190032839991
190032846949
190032854212
190032863001
190032871119
190032878138
190032884974
190032891688
190032898585
190032902308
190032912745
190032918787
190032924891
190032932581
190032938868
190032944849
190032954981
190032961817
190032967982
190032974818
190032983423
190032989649
190032996302
190033005091
190033011316
190033019617
190033026453
190033034571
190033040430
190033047632
190033055872
190033062403
190033070581
190033077051
190033084925
190033092310
190033099268
190033106226
190033113611
190033121179
190033125940
190033133020
190033140283
190033148584
190033154810
190033163782
190033170496
190033177088
190033183069
190033189722
190033198572
190033204187
190033211877
190033218103
190033225305
190033231775
190033240808
190033247522
190033254175
190033261865
190033268945
190033275049
190033281091
190033288904
190033295251
190033301660
190033308435
190033315881
190033323449
190033328637
190033336023
190033344201
190033350793
190033356530
190033364465
190033369592
190033377160
190033383264
190033391809
190033398706
190033405603
190033412133
190033418908
190033425500
190033432214
190033439477
190033447656
190033454064
190033461755
190033468835
190033476464
190033482079
190033490441
190033497888
190033505212
190033513940
190033519494
190033527489
190033534325
190033541650
190033549340
190033554589
190033561913
190033569482
190033575524
190033583214
190033589013
190033596703
190033604149
190033609765
190033617211
190033622887
190033632042
190033639977
190033645958
190033653466
190033659508
190033667138
190033675133
190033680687
190033687828
190033694908
190033701256
190033707726
190033714318
190033722313
190033728600
190033734581
190033743675
190033749779
190033757469
190033764488
190033770653
190033778038
190033785179
190033792015
190033800072
190033806236
190033814537
190033821495
190033828270
190033835960
190033843468
190033850182
190033858055
190033865074
190033873192
190033880516
190033885521
190033893028
190033901024
190033907738
190033914696
190033921715
190033929527
190033937950
190033945823
190033952110
190033960289
190033968467
190033975731
190033980491
190033988975
190033995079
190034001670
190034008079
190034015708
190034021202
190034026451
190034033470
190034038780
190034047386
190034053245
190034060020
190034067771
190034076133
190034080955
190034087669
190034094688
190034101768
190034107932
190034116660
190034123130
190034130210
190034137595
190034143333
190034149985
190034159202
190034165000
190034172751
190034179893
190034184958
190034193015
190034199302
190034205100
190034213340
190034219871
190034227744
190034234824
190034242576
190034250754
190034258323
190034264426
190034271079
190034278464
190034283713
190034292380
190034298484
190034305258
190034311850
190034318686
190034324668
190034330344
190034337729
190034343222
190034350730
190034359458
190034365927
190034371848
190034379233
190034386130
190034392111
190034400900
190034407492
190034413351
190034420432
190034425314
190034433005
190034440085
190034446738
190034453390
190034458945
190034467795
190034473410
190034479635
190034486471
190034494650
190034499594
190034507162
190034514059
190034521383
190034526999
190034532309
190034540609
190034546530
190034555258
190034561544
190034569479
190034576437
190034581991
190034589376
190034597921
190034604330
190034612448
190034618612
190034624472
190034633077
190034639913
190034645895
190034654806
190034661642
190034667867
190034673361
190034680624
190034685873
190034694174
190034701193
190034709005
190034715719
190034724020
190034731954
190034738119
190034744100
190034752279
190034758993
190034766866
190034773702
190034780782
190034787008
190034795064
190034802572
190034809224
190034816610
190034823201
190034830037
190034838826
190034843953
190034851705
190034858663
190034866048
190034872579
190034880574
190034886373
190034892476
190034899800
190034906819
190034914815
190034920674
190034927510
190034935018
190034941915
190034949666
190034956502
190034962605
190034971211
190034976094
190034982991
190034990743
190034996968
190035002522
190035010701
190035016194
190035023518
190035032002
190035038533
190035043416
190035052754
190035059468
190035066243
190035072285
190035079060
190035084553
190035092793
190035099019
190035105549
190035113118
190035119587
190035127461
190035134053
190035141438
190035148518
190035157490
190035163899
190035172627
190035178608
190035184834
190035192952
190035200276
190035206562
190035214253
190035222492
190035228596
190035234883
190035242817
190035250080
190035256733
190035264301
190035271137
190035276753
190035284992
190035291523
190035298115
190035306660
190035313068
190035321003
190035326801
190035335224
190035342304
190035348835
190035356953
190035362995
190035368915
190035378315
190035384235
190035390827
190035398212
190035403156
190035412433
190035418476
190035424152
190035433063
190035439411
190035447345
190035454792
190035460895
190035467609
190035473957
190035479389
190035487201
190035495441
190035502338
190035508319
190035515094
190035522418
190035527851
190035536151
190035542255
190035550067
190035557208
190035561908
190035570087
190035576495
190035583087
190035591571
190035598163
190035603717
190035611407
190035618365
190035626422
190035634723
190035641620
190035647784
190035654559
190035660541
190035666034
190035675067
190035684100
190035692767
190035700824
190035707355
190035714374
190035721637
190035730426
190035737811
190035745196
190035753009
190035759478
190035766681
190035773028
190035779620
190035787371
190035795489
190035801165
190035808428
190035813983
190035823504
190035829608
190035836932
190035844012
190035850054
190035858904
190035865252
190035871661
190035876910
190035885455
190035891924
190035898089
190035906268
190035912798
190035919878
190035928789
190035934771
190035941485
190035948626
190035955401
190035961626
190035969195
190035974627
190035982012
190035990008
190035997393
190036006609
190036011675
190036019732
190036029070
190036034685
190036042437
190036049273
190036056536
190036062212
190036068804
190036076433
190036084001
190036091936
190036098772
190036106035
190036112261
190036120134
190036127519
190036133623
190036141557
190036150224
190036158708
190036164385
190036172319
190036178972
190036188432
190036196489
190036203691
190036210771
190036219255
190036227312
190036234941
190036242387
190036250993
190036257524
190036265886
190036270585
190036277971
190036284013
190036291826
190036298234
190036305314
190036313676
190036321916
190036328508
190036336320
190036341386
190036346757
190036355241
190036361039
190036366410
190036373735
190036379045
190036387101
190036394487
190036400590
190036408280
190036413713
190036421891
190036425675
190036434831
190036440995
190036448625
190036454179
190036460221
190036467240
190036473527
190036479386
190036488053
190036495377
190036500932
190036506730
190036513993
190036520951
190036526505
190036533219
190036540726
190036547501
190036552445
190036558976
190036566117
190036571915
190036579117
190036584916
190036593705
190036600541
190036607987
190036614151
190036619828
190036627579
190036634110
190036641007
190036648636
190036655838
190036661271
190036668412
190036675370
190036682389
190036691056
190036696427
190036704178
190036711807
190036719315
190036725723
190036733292
190036738175
190036745743
190036753128
190036759781
190036765335
190036769974
190036777969
190036783768
190036790665
190036795731
190036805435
190036811478
190036817642
190036824661
190036830948
190036837051
190036845779
190036851089
190036858475
190036864334
190036871353
190036877395
190036883072
190036889847
190036897720
190036904129
190036911331
190036916946
190036924087
190036931045
190036935867
190036941787
190036951187
190036957779
190036963150
190036969436
190036976272
190036983230
190036994522
190037008682
190037020400
190037027419
190037032913
190037039871
190037045608
190037052322
190037060195
190037067581
190037073440
190037080093
190037087905
190037094070
190037099624
190037105239
190037113784
190037120437
190037127395
190037132156
190037139297
190037144668
190037151382
190037156020
190037163589
190037171523
190037176406
190037185195
190037190078
190037196609
190037203444
190037211501
190037218337
190037224990
190037232070
190037238417
190037244155
190037251784
190037256911
190037265334
190037272292
190037278151
190037285292
190037292678
190037299025
190037304701
190037312636
190037319106
190037325575
190037332778
190037337660
190037344740
190037350905
190037357863
190037364516
190037371535
190037377577
190037382033
190037389479
190037396986
190037404005
190037409315
190037418166
190037425063
190037431288
190037438429
190037443739
190037449049
190037456190
190037461012
190037468641
190037475599
190037481032
190037487074
190037494276
190037499403
190037506788
190037512465
190037520033
190037526198
190037533033
190037538466
190037545118
190037550245
190037557020
190037562574
190037570997
190037577528
190037584974
190037591139
190037594374
190037604078
190037609876
190037619337
190037624708
190037633070
190037638380
190037646131
190037652357
190037657972
190037663953
190037672804
190037678968
190037686048
190037691846
190037699049
190037703931
190037711134
190037716260
190037724256
190037732557
190037737501
190037745740
190037750562
190037758314
190037763196
190037770643
190037778333
190037784803
190037790052
190037797742
190037803052
190037809217
190037816663
190037823011
190037830274
190037836805
190037844251
190037851880
190037859204
190037866346
190037872815
190037879895
190037886182
190037892163
190037898633
190037906323
190037912976
190037919263
190037928113
190037933545
190037940991
190037945752
190037952954
190037958325
190037965650
190037971326
190037979382
190037985059
190037992322
190037997998
190038005322
190038011426
190038017041
190038023144
190038031079
190038037671
190038044812
190038051160
190038055859
190038062756
190038070080
190038077038
190038084057
190038090588
190038097058
190038104809
190038111340
190038117444
190038123974
190038130749
190038137524
190038146191
190038153393
190038160962
190038168774
190038173840
190038183605
190038190502
190038197277
190038203442
190038210034
190038216931
190038223644
190038231091
190038239391
190038245617
190038251049
190038258129
190038263439
190038268871
190038276074
190038281506
190038288525
190038294140
190038301037
190038307018
190038312572
190038321239
190038325939
190038332592
190038340832
190038346935
190038351391
190038358593
190038365307
190038371044
190038376171
190038383983
190038391186
190038397960
190038403759
190038409984
190038417003
190038423229
190038429882
190038439098
190038444286
190038452098
190038459179
190038464733
190038470592
190038477794
190038484203
190038492809
190038499889
190038506908
190038513133
190038518016
190038526561
190038531505
190038538890
190038546275
190038553111
190038559032
190038566661
190038573009
190038578990
190038584544
190038592418
190038598766
190038606456
190038612682
190038620372
190038628001
190038636424
190038642894
190038648936
190038655284
190038661815
190038667674
190038674571
190038680491
190038687327
190038694224
190038701487
190038706675
190038712901
190038720103
190038726329
190038733592
190038738658
190038746531
190038752757
190038759715
190038765391
190038769725
190038777110
190038781626
190038787242
190038795481
190038802867
190038810130
190038816294
190038821116
190038828684
190038835887
190038842295
190038849741
190038856394
190038862193
190038870005
190038875376
190038881358
190038887888
190038896250
190038902415
190038909800
190038915415
190038922739
190038928355
190038935679
190038943064
190038951243
190038958811
190038963572
190038970469
190038977610
190038983530
190038988169
190038996775
190039003122
190039009409
190039015757
190039021982
190039028330
190039034494
190039041636
190039049082
190039056101
190039062815
190039070444
190039075937
190039083017
190039088571
190039094370
190039102060
190039107065
190039113779
190039119272
190039126352
190039133066
190039138803
190039144479
190039152292
190039159433
190039166330
190039172067
190039176584
190039183420
190039190134
190039196359
190039203867
190039210214
190039217172
190039223337
190039229013
190039235178
190039241769
190039249093
190039256174
190039264841
190039271432
190039279245
190039285470
190039294076
190039301828
190039310128
190039316903
190039323495
190039330148
190039337716
190039344430
190039352487
190039360482
190039365976
190039373727
190039380075
190039387277
190039393685
190039399179
190039405831
190039413033
190039420175
190039425179
190039431466
190039438729
190039444405
190039451608
190039457406
190039466134
190039472482
190039478890
190039484933
190039491463
190039497262
190039504098
190039510873
190039516793
190039524361
190039531502
190039537301
190039544625
190039550423
190039557259
190039564828
190039570077
190039576790
190039582284
190039588997
190039593880
190039600716
190039607430
190039615853
190039622506
190039629464
190039635750
190039642830
190039649056
190039654000
190039662606
190039669564
190039675972
190039682564
190039688484
190039694710
190039700997
190039708809
190039715767
190039721321
190039729439
190039737435
190039744881
190039752205
190039757759
190039767708
190039774239
190039780769
190039786873
190039794563
190039800972
190039806892
190039811836
190039819832
190039824776
190039832649
190039839058
190039846199
190039851997
190039857673
190039864937
190039873298
190039879463
190039886482
190039891487
190039898628
190039903572
190039910286
190039916755
190039925117
190039931526
190039936348
190039943611
190039950080
190039957527
190039963508
190039970466
190039977302
190039985176
190039989936
190039997932
190040005195
190040012885
190040019416
190040026924
190040033515
190040040107
190040046699
190040054084
190040060798
190040067329
190040074287
190040081855
190040088020
190040094917
190040100715
190040106025
190040113288
190040118842
190040127936
190040134467
190040140082
190040145759
190040153510
190040158454
190040166205
190040172065
190040180060
190040185065
190040192267
190040198066
190040205207
190040210639
190040217719
190040224067
190040231391
190040238349
190040244880
190040251105
190040257697
190040265509
190040270575
190040278754
190040286322
190040292914
190040298651
190040304877
190040311713
190040317816
190040324591
190040333502
190040339484
190040344916
190040351630
190040358466
190040363654
190040370367
190040374823
190040383612
190040389471
190040396613
190040402655
190040409918
190040415778
190040422858
190040430426
190040435187
190040443060
190040449042
190040454657
190040461188
190040466803
190040473028
190040479132
190040485663
190040492376
190040499395
190040505499
190040511175
190040518805
190040523321
190040531073
190040538031
190040543097
190040548223
190040555365
190040561529
190040566961
190040573492
190040581732
190040588201
190040595587
190040601263
190040608587
190040613348
190040620733
190040626959
190040635076
190040641668
190040648260
190040654119
190040661321
190040667547
190040674566
190040682012
190040689214
190040695745
190040702642
190040708868
190040715337
190040721441
190040726934
190040735174
190040741277
190040748907
190040754949
190040760503
190040767949
190040773321
190040778631
190040787114
190040793828
190040800908
190040805791
190040812993
190040818792
190040825872
190040833013
190040838079
190040846074
190040853337
190040859319
190040865911
190040871770
190040877324
190040885137
190040891606
190040897283
190040905522
190040913640
190040920598
190040928166
190040935552
190040940862
190040949407
190040954717
190040962163
190040968449
190040975102
190040981389
190040989262
190040995183
190041000493
190041008305
190041013676
190041021367
190041026860
190041034367
190041041081
190041047307
190041053349
190041059147
190041065678
190041070744
190041077885
190041085331
190041090031
190041097783
190041104130
190041111210
190041117375
190041123417
190041132328
190041138859
190041146183
190041154789
190041163029
190041169987
190041176579
190041185429
190041191410
190041198551
190041206059
190041215580
190041221256
190041230473
190041237370
190041244633
190041252873
190041260136
190041265751
190041273380
190041281376
190041289005
190041294559
190041301884
190041309940
190041316837
190041325748
190041332157
190041339664
190041347355
190041353336
190041360294
190041367801
190041375065
190041383121
190041389408
190041396549
190041401737
190041410465
190041416629
190041422733
190041429386
190041436588
190041443973
190041450748
190041458194
190041464481
190041470951
190041478580
190041485660
190041492374
190041498722
190041505313
190041512454
190041517825
190041524844
190041532535
190041539066
190041545474
190041551334
190041559390
190041566226
190041573306
190041580936
190041587222
190041593936
190041598758
190041606876
190041612613
190041619693
190041627750
190041633365
190041642886
190041649356
190041655765
190041663577
190041671084
190041677737
190041683841
190041689456
190041698245
190041704593
190041712344
190041719973
190041726382
190041734500
190041741519
190041749453
190041755557
190041763308
190041769473
190041776675
190041784670
190041791506
190041798525
190041804690
190041813235
190041818972
190041825381
190041833743
190041840701
190041849123
190041855044
190041864870
190041870486
190041878298
190041884219
190041892886
190041898562
190041906618
190041912844
190041918642
190041926211
190041933779
190041942507
190041948733
190041956911
190041962954
190041969301
190041977785
190041984255
190041990908
190041998415
190042004824
190042011538
190042017214
190042024782
190042031252
190042037905
190042045107
190042051882
190042059572
190042066652
190042073305
190042081362
190042089296
190042094606
190042101991
190042106630
190042114321
190042119997
190042127809
190042133852
190042139528
190042148744
190042158205
190042164064
190042170839
190042179018
190042185243
190042192812
190042200319
190042206605
190042213380
190042219301
190042227174
190042234682
190042239931
190042247682
190042255372
190042261842
190042270387
190042276063
190042284181
190042290223
190042297670
190042304567
190042310731
190042317933
190042323610
190042330140
190042338380
190042344545
190042351319
190042357301
190042362733
190042370668
190042376527
190042384400
190042390992
190042399598
190042407533
190042414369
190042423707
190042430848
190042437013
190042445130
190042453675
190042462159
190042469117
190042476624
190042484498
190042493226
190042499757
190042507569
190042514710
190042521424
190042527833
190042535767
190042543885
190042550171
190042556946
190042564881
190042570923
190042578003
190042586365
190042593811
190042601258
190042607605
190042615479
190042621827
190042629029
190042636841
190042642273
190042648499
190042656739
190042662964
190042670594
190042678406
190042683777
190042691101
190042699341
190042707398
190042712341
190042720886
190042728455
190042733399
190042740540
190042746887
190042755432
190042762817
190042768799
190042776001
190042783142
190042790405
190042798462
190042804809
190042812683
190042820618
190042825989
190042833008
190042840332
190042846496
190042854065
190042860901
190042868774
190042875671
190042881897
190042890381
190042897827
190042903930
190042911132
190042918335
190042925659
190042933410
190042941894
190042947814
190042956237
190042963562
190042970458
190042977172
190042984313
190042993469
190043000976
190043005859
190043014587
190043020202
190043028381
190043033813
190043044189
190043052001
190043058715
190043065612
190043071777
190043079223
190043085387
190043093139
190043100646
190043107726
190043112731
190043121459
190043127685
190043136107
190043141845
190043148864
190043155700
190043162291
190043168273
190043175597
190043184142
190043191039
190043198180
190043206176
190043211730
190043219909
190043227416
190043233763
190043241576
190043251036
190043258422
190043264708
190043272154
190043278868
190043287474
190043292967
190043302245
190043309935
190043315306
190043325194
190043332701
190043340270
190043346800
190043352110
190043360289
190043368407
190043374998
190043383055
190043390196
190043399718
190043404906
190043412474
190043419920
190043426634
190043434202
190043439757
190043447569
190043454649
190043460142
190043466673
190043475218
190043483091
190043489439
190043495359
190043502073
190043510862
190043517332
190043523741
190043530271
190043536497
190043544676
190043552000
190043558531
190043566465
190043573606
190043579161
190043587766
190043593870
190043601316
190043607115
190043614500
190043620115
190043626402
190043634031
190043641172
190043646543
190043656736
190043663877
190043671262
190043678403
190043685483
190043691953
190043698057
190043706785
190043714902
190043719785
190043728269
190043735471
190043741819
190043747983
190043757261
190043764829
190043769773
190043778928
190043785520
190043793332
190043799314
190043807187
190043813230
190043820798
190043826352
190043833310
190043840268
190043848264
190043855039
190043861203
190043867917
190043875424
190043883298
190043889462
190043897519
190043903745
190043912839
190043918576
190043924497
190043932553
190043938718
190043944760
190043953366
190043959103
190043967282
190043972958
190043978390
190043986447
190043994504
190044000119
190044007016
190044012265
190044019650
190044026425
190044034115
190044040585
190044046383
190044055172
190044061642
190044067746
190044074215
190044082272
190044090939
190044097897
190044103756
190044108761
190044116207
190044121701
190044128292
190044136837
190044145138
190044151181
190044158810
190044165097
190044171810
190044181210
190044187435
190044195065
190044201534
190044208431
190044214291
190044220944
190044227657
190044235653
190044241329
190044249447
190044255856
190044264217
190044272091
190044278988
190044286556
190044292843
190044300472
190044308468
190044314937
190044320919
190044327083
190044333736
190044340633
190044345516
190044353756
190044360347
190044368343
190044376156
190044380794
190044386837
190044394161
190044399776
190044404537
190044412410
190044418697
190044426204
190044432735
190044440059
190044446102
190044453365
190044460689
190044468685
190044475887
190044482173
190044489009
190044496150
190044502437
190044510982
190044519283
190044526668
190044534358
190044541682
190044548396
190044556331
190044562801
190044571895
190044578731
190044584834
190044593074
190044599788
190044608577
190044615352
190044622920
190044630000
190044635066
190044645015
190044651607
190044658687
190044666316
190044673457
190044681453
190044687373
190044693721
190044701472
190044708003
190044713008
190044721064
190044726741
190044734919
190044742243
190044750910
190044758784
190044765559
190044772700
190044779658
190044786860
190044793025
190044798884
190044806513
190044813288
190044818537
190044825800
190044832758
190044840754
190044849360
190044854548
190044861750
190044868037
190044873774
190044879694
190044887019
190044893976
190044900934
190044908930
190044915400
190044923273
190044930414
190044938959
190044946833
190044953730
190044961542
190044969660
190044976191
190044984552
190044991816
190044997736
190045004938
190045012201
190045020746
190045027460
190045034296
190045041437
190045049494
190045057794
190045066217
190045073419
190045077997
190045087885
190045094293
190045100824
190045107904
190045112848
190045122308
190045130853
190045138483
190045144342
190045153131
190045159906
190045167474
190045173761
190045181818
190045188287
190045193658
190045202081
190045207269
190045215570
190045222345
190045229852
190045235711
190045242364
190045249933
190045257745
190045263482
190045270929
190045276849
190045282647
190045290521
190045297418
190045303582
190045310479
190045318475
190045324945
190045332330
190045339227
190045347100
190045353204
190045360833
190045367608
190045373773
190045379693
190045387322
190045395074
190045400079
190045409112
190045415948
190045423638
190045430352
190045435479
190045443841
190045450555
190045459100
190045465081
190045473992
190045480401
190045486932
190045495232
190045502251
190045510613
190045517205
190045525933
190045531853
190045538323
190045547295
190045554253
190045561699
190045567803
190045575493
190045582146
190045587883
190045595330
190045602715
190045608513
190045616570
190045622795
190045630242
190045637871
190045643364
190045651726
190045657646
190045665093
190045670891
190045677666
190045682915
190045692131
190045699455
190045706596
190045714592
190045720207
190045728996
190045736198
190045744987
190045751335
190045757011
190045764152
190045770683
190045778557
190045784965
190045791557
190045798088
190045806145
190045812553
190045820061
190045826896
190045832207
190045840141
190045849052
190045855705
190045862175
190045868522
190045875908
190045881950
190045889579
190045898246
190045904899
190045911674
190045918144
190045925041
190045931510
190045937614
190045946708
190045953605
190045961112
190045966056
190045973503
190045980033
190045988273
190045996574
190046002494
190046010368
190046016044
190046024040
190046030204
190046037772
190046043327
190046051933
190046058280
190046065604
190046072013
190046078483
190046084891
190046091361
190046098868
190046105338
190046110892
190046116630
190046123649
190046130607
190046137382
190046144401
190046151847
190046159598
190046164542
190046172171
190046179007
190046184562
190046190665
190046198111
190046206473
190046211783
190046219901
190046225394
190046231864
190046238761
190046247367
190046254813
190046260611
190046266776
190046274344
190046281302
190046287650
190046294974
190046302847
190046309439
190046315909
190046324637
190046330618
190046338248
190046344595
190046353323
190046359732
190046366568
190046372977
190046380728
190046387137
190046392691
190046400687
190046408194
190046414053
190046420645
190046428274
190046435782
190046442557
190046449576
190046456656
190046465017
190046470572
190046478628
190046484182
190046491507
190046497610
190046506765
190046512991
190046518728
190046526358
190046531301
190046538931
190046545278
190046553030
190046558828
190046566213
190046572134
190046580129
190046586172
190046592764
190046599172
190046605764
190046613210
190046618398
190046626028
190046631643
190046639150
190046645437
190046653249
190046660024
190046667409
190046673940
190046681020
190046687002
190046693655
190046701467
190046706960
190046714040
190046719961
190046727407
190046734548
190046742483
190046749990
190046757314
190046765737
190046770864
190046778920
190046785878
190046791738
190046797475
190046807729
190046814138
190046821706
190046826467
190046834584
190046841115
190046847951
190046856496
190046862721
190046870717
190046876454
190046883962
190046890675
190046897817
190046904530
190046911427
190046919545
190046924916
190046932790
190046938100
190046945180
190046950795
190046958852
190046965443
190046973988
190046980397
190046987294
190046994008
190047001698
190047009022
190047014882
190047022145
190047027943
190047034779
190047040700
190047047108
190047053456
190047060231
190047068226
190047073719
190047080311
190047087269
190047095204
190047100453
190047110890
190047116810
190047123036
190047129078
190047135609
190047141957
190047149037
190047155812
190047163868
190047169972
190047177296
190047183216
190047189808
190047198902
190047205738
190047211720
190047220020
190047225941
190047232227
190047239796
190047247547
190047252064
190047260120
190047266834
190047274891
190047281727
190047288746
190047295338
190047302601
190047311573
190047317676
190047325306
190047331104
190047336902
190047342945
190047350391
190047358692
190047365589
190047372059
190047378467
190047386646
190047393238
190047400806
190047407154
190047413379
190047421314
190047428577
190047434558
190047440174
190047447925
190047454212
190047460620
190047468006
190047473316
190047479602
190047486987
190047492786
190047500171
190047508289
190047515308
190047521472
190047528369
190047534473
190047541125
190047546497
190047551685
190047560290
190047566028
190047573596
190047580554
190047587390
190047595813
190047601611
190047610034
190047615893
190047624316
190047631457
190047637317
190047646350
190047651477
190047660083
190047665942
190047672839
190047679736
190047685900
190047693103
190047699206
190047705188
190047711718
190047718859
190047725573
190047732409
190047738574
190047744799
190047750964
190047756945
190047765673
190047773120
190047779101
190047786486
190047792285
190047799426
190047805102
190047811572
190047819262
190047824999
190047832079
190047837450
190047844469
190047852160
190047856860
190047863695
190047871020
190047877367
190047883715
190047889574
190047895983
190047901903
190047908617
190047915697
190047922533
190047928820
190047935228
190047941210
190047946276
190047953722
190047959520
190047967882
190047973803
190047980455
190047984972
190047991869
190047998033
190048004869
190048010118
190048017626
190048023546
190048031542
190048037767
190048042589
190048048326
190048055406
190048062731
190048069017
190048074938
190048081712
190048087450
190048094225
190048100511
190048106737
190048113878
190048119920
190048128709
190048135667
190048143358
190048152025
190048158433
190048167100
190048173753
190048180833
190048186815
190048194078
190048199876
190048208604
190048215257
190048222825
190048229722
190048235521
190048243760
190048250230
190048258775
190048264512
190048272264
190048279832
190048285081
190048294114
190048299302
190048307298
190048314134
190048320726
190048328721
190048334764
190048341111
190048348619
190048356309
190048361436
190048369187
190048377244
190048383653
190048390305
190048398362
190048403367
190048411118
190048417405
190048423997
190048432542
190048438828
190048444688
190048452256
190048458482
190048464036
190048472275
190048477952
190048485886
190048491685
190048498154
190048504075
190048511460
190048518540
190048525620
190048531907
190048539292
190048545884
190048552903
190048559617
190048566758
190048573716
190048581284
190048587448
190048593308
190048600754
190048606736
190048612595
190048618698
190048626511
190048633530
190048640854
190048647568
190048654709
190048661240
190048668564
190048677414
190048684067
190048691696
190048696823
190048704392
190048710983
190048718613
190048725632
190048732895
190048739304
190048747848
190048753769
190048760727
190048768539
190048773544
190048781723
190048789230
190048797348
190048803634
190048809250
190048817367
190048822616
190048830734
190048837082
190048844162
190048848983
190048856674
190048864181
190048869613
190048879074
190048884750
190048892746
190048899459
190048906906
190048912277
190048919479
190048924606
190048932113
190048938949
190048946151
190048952377
190048958724
190048965194
190048971298
190048979781
190048986923
190048994125
190048999801
190049005416
190049012374
190049019393
190049025558
190049032760
190049039291
190049046554
190049053084
190049060348
190049068099
190049074569
190049082931
190049089644
190049097152
190049103560
190049110763
190049117110
190049123519
190049132186
190049138472
190049145858
190049151717
190049159713
190049166304
190049173751
190049180770
190049188094
190049196578
190049203536
190049211348
190049218550
190049223921
190049232283
190049237532
190049245772
190049253401
190049260054
190049266707
190049272872
190049278304
190049287581
190049293868
190049302046
190049308089
190049316451
190049324568
190049330794
190049338179
190049343916
190049349409
190049356489
190049362166
190049369002
190049377608
190049385115
190049392073
190049400068
190049405195
190049412947
190049418501
190049425642
190049430464
190049437849
190049444990
190049450178
190049459822
190049465193
190049471663
190049478621
190049487165
190049493879
190049501448
190049507551
190049513533
190049521955
190049529280
190049536543
190049543135
190049551557
190049557783
190049564314
190049570112
190049578352
190049584394
190049592390
190049598432
190049606123
190049614362
190049621259
190049627485
190049633039
190049641889
190049647443
190049655134
190049660566
190049667951
190049673749
190049681257
190049688642
190049697248
190049703596
190049709211
190049717328
190049723005
190049730756
190049736188
190049744672
190049752057
190049756696
190049763288
190049770185
190049776715
190049783918
190049792157
190049798993
190049804669
190049810651
190049817853
190049825055
190049829511
190049836774
190049844525
190049850751
190049856305
190049864423
190049871442
190049877423
190049884747
190049892926
190049898297
190049905866
190049912762
190049919598
190049926251
190049933331
190049941571
190049946820
190049955365
190049962872
190049970685
190049978619
190049984295
190049993512
190050001019
190050007672
190050013714
190050020184
190050027752
190050034344
190050040570
190050049054
190050054181
190050061932
190050068463
190050075787
190050083538
190050088787
190050098919
190050105938
190050111859
190050119305
190050126751
190050132305
190050140179
190050146771
190050153057
190050159344
190050165630
190050173321
190050178326
190050186321
190050192059
190050200542
190050207500
190050214336
190050220684
190050227520
190050233685
190050240337
190050248821
190050254803
190050260296
190050266094
190050273784
190050280987
190050288494
190050295513
190050302898
190050311382
190050317974
190050325908
190050332439
190050341228
190050348125
190050355816
190050362224
190050368999
190050375286
190050382427
190050388774
190050395061
190050403423
190050410747
190050416362
190050422161
190050429485
190050435405
190050442668
190050447734
190050455547
190050461345
190050468364
190050474101
190050481242
190050485942
190050493144
190050499797
190050507304
190050513591
190050520244
190050526530
190050531474
190050537578
190050544902
190050552531
190050557475
190050564982
190050569560
190050575542
190050582438
190050589274
190050593730
190050600871
190050605449
190050613139
190050620280
190050626384
190050632975
190050639018
190050643657
190050650370
190050657389
190050663005
190050669169
190050674845
190050679423
190050686381
190050693278
190050701457
190050707499
190050715617
190050720133
190050727885
190050734172
190050740458
190050747050
190050752482
190050759074
190050764567
190050769816
190050777750
190050784281
190050790446
190050796427
190050805094
190050811625
190050817362
190050822794
190050830607
190050835429
190050843241
190050849222
190050855326
190050861002
190050868632
190050874796
190050880533
190050888529
190050894327
190050901285
190050907633
190050914774
190050920389
190050927347
190050932840
190050939371
190050944986
190050952189
190050959269
190050964151
190050970865
190050976664
190050981913
190050987528
190050994608
190051000772
190051008951
190051014994
190051022928
190051029093
190051034220
190051040140
190051046976
190051052103
190051057535
190051064249
190051071207
190051078226
190051084879
190051090982
190051097635
190051104837
190051110086
190051116129
190051123636
190051130350
190051137552
190051143655
190051148416
190051158365
190051164346
190051170694
190051177591
190051183938
190051190957
190051197244
190051203225
190051209878
190051217264
