189776077160
189776082043
189776086864
189776091869
189776097118
189776103100
189776108410
189776114208
189776119518
189776125683
189776130016
189776136791
189776141735
189776147350
189776154796
189776160289
189776165905
189776173229
189776179088
189776185558
189776192272
189776198009
189776205272
189776210399
189776217296
189776224742
189776230846
189776238048
189776245616
189776251598
189776257884
189776265026
189776273082
189776279796
189776285899
189776292796
189776299693
189776307140
189776314708
189776322398
189776329417
189776333263
189776342845
189776349315
189776355357
189776361949
189776368724
189776375377
189776380687
189776389476
189776397044
189776402782
189776410838
189776416209
189776424815
189776433421
189776438731
189776446666
189776453990
189776460643
189776467479
189776474131
189776481150
189776487132
189776494456
189776499888
189776510997
189776518992
189776526805
189776535350
189776539744
189776549815
189776558543
189776566477
189776574900
189776581309
189776589610
189776596751
189776604258
189776611399
189776619151
189776626963
189776634653
189776641795
189776649302
189776656016
189776662730
189776670420
189776676890
189776683054
189776692637
189776699656
189776706431
189776713450
189776722361
189776728525
189776737558
189776743967
189776751108
189776757639
189776764841
189776772532
189776779367
189776785044
189776793711
189776797800
189776806650
189776810678
189776820261
189776827951
189776834909
189776843515
189776850046
189776860605
189776867563
189776875864
189776884531
189776890512
189776898996
189776905100
189776914072
189776921884
189776929453
189776938058
189776943857
189776953439
189776960886
189776967721
189776975229
189776983285
189776990549
189776998605
189777006051
189777013315
189777020639
189777028024
189777033700
189777042917
189777049814
189777056710
189777063607
189777071847
189777079416
189777085336
189777093637
189777099496
189777108102
189777115243
189777122140
189777129647
189777137216
189777144113
189777152108
189777158944
189777166635
189777174020
189777180856
189777187570
189777195870
189777203194
189777210030
189777217233
189777224313
189777230965
189777239449
189777246651
189777253487
189777259408
189777266854
189777273995
189777280160
189777288338
189777296029
189777302865
189777309884
189777315316
189777323128
189777330452
189777337227
189777343880
189777353280
189777362374
189777370369
189777377510
189777385201
189777394234
189777400215
189777409737
189777416756
189777424874
189777432625
189777440438
189777447884
189777455025
189777465523
189777470101
189777479256
189777486092
189777493416
189777500130
189777508492
189777516853
189777524544
189777532112
189777539925
189777547493
189777554939
189777563118
189777570259
189777577644
189777584785
189777592354
189777599495
189777605720
189777616401
189777624153
189777631233
189777638862
189777646553
189777653022
189777661018
189777669075
189777675666
189777683723
189777691536
189777699531
189777706977
189777714363
189777722480
189777728889
189777736579
189777743110
189777751350
189777755500
189777765083
189777772041
189777781318
189777789497
189777794929
189777803046
189777810981
189777817512
189777824592
189777834541
189777841987
189777849677
189777856513
189777864265
189777872382
189777880012
189777889838
189777894477
189777905219
189777913154
189777920661
189777927497
189777935553
189777943915
189777952338
189777960822
189777965827
189777974860
189777981879
189777988776
189777995429
189778004157
189778011115
189778018073
189778025397
189778031867
189778038581
189778046698
189778054999
189778061835
189778068793
189778075018
189778081854
189778088812
189778096198
189778102911
189778111273
189778116522
189778125433
189778132208
189778138861
189778145941
189778154547
189778161688
189778170355
189778179266
189778186346
189778192450
189778202276
189778209845
189778217901
189778226141
189778234381
189778240912
189778247870
189778255865
189778264227
189778273138
189778281378
189778287725
189778294561
189778305426
189778314276
189778321844
189778330816
189778335272
189778347051
189778353338
189778361944
189778368780
189778378607
189778385198
189778394842
189778399053
189778408453
189778416448
189778422430
189778431158
189778438482
189778444952
189778451360
189778460088
189778466558
189778473882
189778480352
189778485784
189778490911
189778498113
189778506231
189778513738
189778519780
189778527959
189778533574
189778541204
189778549199
189778554937
189778561773
189778566594
189778575444
189778581975
189778587407
189778594915
189778601750
189778609868
189778616887
189778622685
189778628118
189778636724
189778642339
189778650945
189778654729
189778662724
189778666448
189778675298
189778678960
189778687688
189778694280
189778700871
189778707402
189778713567
189778718510
189778724492
189778730473
189778738286
189778745305
189778752080
189778758549
189778763371
189778770756
189778775456
189778782963
189778790104
189778796452
189778801823
189778808110
189778813359
189778819706
189778825017
189778833500
189778839116
189778846989
189778854374
189778859196
189778865666
189778872013
189778878361
189778885441
189778892826
189778899845
189778907841
189778915470
189778921513
189778927372
189778935673
189778941410
189778949589
189778956547
189778963017
189778968449
189778974857
189778981754
189778989018
189778995792
189779000309
189779007328
189779013737
189779019962
189779026310
189779034061
189779041264
189779047550
189779053165
189779059391
189779066105
189779072086
189779077274
189779083500
189779089176
189779096866
189779101871
189779109806
189779113468
189779121891
189779125797
189779134525
189779139835
189779148746
189779153812
189779159916
189779167240
189779173160
189779180545
189779185855
189779193241
189779200138
189779206180
189779213077
189779219242
189779226322
189779232486
189779239932
189779246158
189779251651
189779259403
189779264896
189779271427
189779276981
189779285831
189779292423
189779299320
189779306277
189779312808
189779316531
189779324527
189779331668
189779339297
189779346011
189779352176
189779357730
189779363833
189779370486
189779375125
189779383060
189779390506
189779396548
189779403506
189779409427
189779416263
189779421939
189779426577
189779436038
189779441531
189779448672
189779453921
189779460391
189779465701
189779473880
189779480044
189779486758
189779493167
189779500186
189779505923
189779511721
189779518252
189779524233
189779530276
189779537051
189779544558
189779549502
189779555972
189779562319
189779568728
189779575198
189779581301
189779588198
189779596743
189779602297
189779608279
189779615176
189779621096
189779627932
189779634096
189779641360
189779649355
189779655947
189779662539
189779666567
189779674258
189779679751
189779687807
189779691714
189779700075
189779707094
189779713137
189779716738
189779723818
189779730043
189779736757
189779743593
189779750185
189779757326
189779763735
189779770815
189779777895
189779783510
189779788637
189779796633
189779804506
189779810976
189779817018
189779823549
189779832521
189779838014
189779846193
189779851564
189779858766
189779864137
189779870729
189779876039
189779883974
189779889589
189779897890
189779901674
189779909608
189779916139
189779922487
189779926149
189779934755
189779941591
189779948305
189779955202
189779961427
189779967775
189779973817
189779980226
189779987367
189779994142
189779999513
189780007142
189780012513
189780020082
189780023988
189780032777
189780040956
189780047303
189780052064
189780058412
189780064759
189780070802
189780077211
189780083985
189780091371
189780096315
189780104493
189780109376
189780116273
189780122071
189780127748
189780134889
189780140382
189780147096
189780152711
189780159669
189780165711
189780172608
189780178956
189780185426
189780193299
189780198853
189780206239
189780211793
189780219544
189780224976
189780233460
189780240235
189780247132
189780251160
189780259278
189780265809
189780272278
189780278504
189780287171
189780293274
189780300110
189780307496
189780312562
189780319703
189780326661
189780333069
189780339844
189780346009
189780352112
189780358765
189780365052
189780372132
189780378418
189780385681
189780392945
189780396424
189780403809
189780408936
189780416931
189780423645
189780430603
189780437988
189780445007
189780452332
189780460144
189780468445
189780474548
189780482178
189780487976
189780496216
189780503540
189780510559
189780517700
189780524719
189780528870
189780538635
189780544800
189780551575
189780558899
189780565185
189780570923
189780577148
189780582641
189780589721
189780595886
189780601684
189780607788
189780614563
189780620056
189780627014
189780633850
189780641296
189780647400
189780652465
189780659240
189780664306
189780671081
189780676452
189780683532
189780689086
189780697692
189780704711
189780711242
189780717468
189780723876
189780730407
189780735534
189780742797
189780749206
189780756591
189780763000
189780768676
189780775085
189780781616
189780789367
189780796081
189780803344
189780810119
189780815185
189780823669
189780829467
189780838012
189780843627
189780851440
189780857787
189780863647
189780870299
189780876647
189780883605
189780888610
189780897460
189780902770
189780909423
189780916015
189780922240
189780927123
189780934325
189780939635
189780947753
189780951598
189780959838
189780965209
189780972899
189780976622
189780986876
189780994445
189780999266
189781006713
189781011473
189781018004
189781024718
189781032286
189781040526
189781047362
189781052733
189781058959
189781065978
189781072447
189781077757
189781085326
189781091002
189781098631
189781104002
189781111205
189781116576
189781124083
189781130247
189781137022
189781145018
189781150267
189781156981
189781163450
189781169737
189781176268
189781182799
189781189818
189781196226
189781202452
189781210508
189781216063
189781224302
189781232115
189781239012
189781246275
189781252806
189781257872
189781263975
189781270384
189781276304
189781282957
189781290892
189781296873
189781301512
189781309324
189781314085
189781321226
189781328428
189781334654
189781340391
189781348570
189781354185
189781362180
189781367674
189781374265
189781379575
189781387022
189781392576
189781401792
189781405820
189781414609
189781421262
189781427793
189781434507
189781441648
189781448057
189781455015
189781459775
189781466001
189781472166
189781478208
189781484373
189781491330
189781499326
189781504636
189781510862
189781517637
189781524167
189781529416
189781536069
189781544370
189781549436
189781554502
189781562131
189781565793
189781574033
189781579038
189781587339
189781594724
189781601499
189781608518
189781613462
189781620664
189781626401
189781631162
189781638425
189781646420
189781651364
189781658566
189781665158
189781671506
189781678037
189781684323
189781692075
189781698911
189781704037
189781711545
189781718503
189781724240
189781731137
189781736691
189781743771
189781750302
189781755917
189781763730
189781769284
189781777707
189781784054
189781792233
189781808346
189781817440
189781828061
189781832150
189781840207
189781846554
189781854245
189781861203
189781867672
189781875912
189781881649
189781890011
189781896847
189781903866
189781910824
189781917599
189781923519
189781929928
189781937191
189781942074
189781950741
189781957577
189781965450
189781969662
189781979122
189781985897
189781992123
189781998898
189782005856
189782013363
189782018917
189782026180
189782032467
189782038875
189782045895
189782053036
189782059444
189782065853
189782071773
189782077633
189782083736
189782089779
189782096859
189782104549
189782109737
189782116146
189782123531
189782130611
189782136531
189782141414
189782149227
189782153194
189782161861
189782168453
189782174984
189782181880
189782188472
189782192317
189782203243
189782208858
189782215450
189782223873
189782229366
189782237178
189782244502
189782252254
189782258968
189782265743
189782273189
189782280086
189782287654
189782294551
189782300227
189782307307
189782314510
189782322810
189782329585
189782334468
189782342280
189782349177
189782354732
189782361568
189782368648
189782374263
189782382380
189782388972
189782393672
189782398799
189782406611
189782412898
189782419185
189782425532
189782431819
189782435664
189782443965
189782450801
189782458003
189782464961
189782471797
189782479670
189782487361
189782494929
189782500727
189782509272
189782513117
189782522761
189782529658
189782536128
189782541499
189782547846
189782551569
189782562067
189782569453
189782574397
189782581232
189782587641
189782594111
189782600275
189782607355
189782614436
189782619990
189782624628
189782633051
189782638605
189782645563
189782650873
189782658198
189782663691
189782671442
189782676447
189782683344
189782688654
189782695429
189782700983
189782708551
189782714411
189782721979
189782728266
189782735712
189782739435
189782748407
189782754877
189782762751
189782769464
189782776300
189782783136
189782789667
189782795954
189782802423
189782809198
189782817316
189782823114
189782829950
189782835504
189782842340
189782847955
189782854852
189782861017
189782868402
189782874506
189782879633
189782886530
189782891718
189782899347
189782904657
189782911249
189782917169
189782924615
189782932123
189782936700
189782943780
189782948236
189782953180
189782961664
189782968622
189782975519
189782981073
189782988641
189782995111
189783001642
189783008661
189783016412
189783022516
189783027032
189783034295
189783039300
189783046746
189783053888
189783059625
189783067071
189783073724
189783079095
189783086663
189783092218
189783099175
189783104669
189783111871
189783121270
189783127862
189783131585
189783139337
189783144525
189783151971
189783157525
189783166558
189783172784
189783179559
189783186089
189783192437
189783198907
189783205254
189783211541
189783218377
189783225335
189783230035
189783236931
189783241875
189783248955
189783270989
189783277886
189783283440
189783291741
189783298516
189783305108
189783312188
189783319024
189783325249
189783332207
189783338555
189783344109
189783352227
189783357781
189783366265
189783373650
189783380486
189783386956
189783393303
189783399712
189783404717
189783412163
189783419182
189783426201
189783432915
189783439446
189783445976
189783451653
189783458244
189783464958
189783473259
189783479485
189783484184
189783492119
189783497124
189783503593
189783510185
189783515678
189783522697
189783529106
189783536186
189783542717
189783548210
189783554680
189783561638
189783568046
189783573723
189783581108
189783586235
189783593742
189783597160
189783605156
189783611320
189783616386
189783621818
189783630363
189783634147
189783643241
189783650077
189783654716
189783660820
189783667167
189783673759
189783680107
189783686515
189783692924
189783699638
189783706108
189783712943
189783718864
189783726982
189783731742
189783739372
189783746330
189783751701
189783758598
189783764457
189783771781
189783777763
189783784721
189783790824
189783796256
189783803641
189783809196
189783816520
189783825919
189783830924
189783836356
189783844108
189783849479
189783856559
189783861625
189783869315
189783875724
189783882071
189783888602
189783894706
189783899833
189783906302
189783912833
189783919486
189783927787
189783934562
189783939933
189783945060
189783952445
189783957633
189783965018
189783972708
189783979483
189783985892
189783992484
189783998282
189784004935
189784011954
189784019644
189784025870
189784032218
189784037528
189784044119
189784050406
189784055289
189784061881
189784070181
189784076590
189784083731
189784089957
189784097037
189784101920
189784110159
189784117239
189784123038
189784129813
189784135184
189784143057
189784148489
189784155203
189784160513
189784168997
189784177115
189784182486
189784190054
189784196646
189784202932
189784209402
189784214407
189784222586
189784228750
189784235037
189784240225
189784246084
189784252005
189784258169
189784265005
189784272756
189784279165
189784283987
189784291067
189784297842
189784303884
189784309011
189784314932
189784321890
189784327688
189784332632
189784340017
189784345327
189784352651
189784358205
189784366995
189784375478
189784380910
189784387258
189784393728
189784400686
189784407339
189784414236
189784420766
189784427541
189784434438
189784440725
189784447133
189784453725
189784460134
189784468740
189784474355
189784482473
189784487233
189784495473
189784500844
189784507802
189784513479
189784519460
189784526296
189784532827
189784538747
189784545766
189784551259
189784558950
189784564443
189784570912
189784576589
189784584218
189784589345
189784596364
189784599843
189784607533
189784612721
189784621816
189784628835
189784635854
189784642812
189784649281
189784655812
189784660451
189784666798
189784673695
189784680226
189784686269
189784692555
189784699147
189784706593
189784711598
189784718312
189784726002
189784732899
189784739857
189784745473
189784752370
189784758473
189784764821
189784771107
189784778126
189784785023
189784790333
189784797535
189784802906
189784810597
189784816029
189784823536
189784831532
189784838368
189784843495
189784849903
189784857594
189784862416
189784869496
189784876515
189784883473
189784888233
189784894337
189784900501
189784908009
189784912892
189784920338
189784927723
189784933949
189784938770
189784945545
189784952198
189784957569
189784964100
189784970325
189784976551
189784984852
189784990284
189784997547
189785002979
189785009266
189785015064
189785023670
189785031727
189785037220
189785043873
189785050220
189785057056
189785063526
189785068592
189785075672
189785082752
189785089466
189785096485
189785102955
189785108081
189785114734
189785122486
189785129932
189785135364
189785141712
189785147754
189785153919
189785160572
189785167102
189785173267
189785180469
189785187061
189785192676
189785200733
189785206104
189785213245
189785218494
189785224902
189785230396
189785238879
189785242664
189785250781
189785256946
189785263049
189785266711
189785275806
189785283191
189785289966
189785292102
189785301318
189785308215
189785314197
189785319568
189785326709
189785332812
189785338977
189785344775
189785351245
189785358447
189785363574
189785372912
189785380420
189785386767
189785392199
189785398913
189785406115
189785411914
189785418933
189785425830
189785431628
189785438464
189785443896
189785452319
189785456225
189785464404
189785470019
189785477465
189785486193
189785491259
189785497546
189785504138
189785510302
189785516711
189785524279
189785531847
189785538073
189785544665
189785550646
189785556750
189785562426
189785568835
189785575488
189785583666
189785589709
189785594347
189785601733
189785606371
189785614123
189785618700
189785625719
189785632555
189785638903
189785644213
189785650927
189785658007
189785663744
189785669115
189785675768
189785682909
189785689928
189785693468
189785701403
189785706713
189785714464
189785718248
189785727465
189785733812
189785740770
189785747362
189785753771
189785760424
189785766832
189785772936
189785780260
189785787462
189785795152
189785800951
189785808336
189785816515
189785822740
189785831529
189785835741
189785845201
189785849352
189785857957
189785865282
189785871935
189785875902
189785884386
189785891649
189785897752
189785905321
189785912340
189785919054
189785924974
189785933824
189785941209
189785947679
189785953111
189785959215
189785964952
189785970750
189785976732
189785983140
189785990342
189785995164
189786001939
189786008409
189786015855
189786020677
189786027269
189786034410
189786042466
189786047410
189786055284
189786060289
189786067124
189786073960
189786080430
189786087693
189786094651
189786100083
189786106553
189786111924
189786119554
189786124864
189786134629
189786142503
189786148789
189786156052
189786163621
189786168992
189786176682
189786183518
189786188645
189786197983
189786204209
189786211594
189786219102
189786224229
189786232224
189786238083
189786246506
189786252549
189786259324
189786265915
189786271225
189786278916
189786285935
189786292527
189786301438
189786306687
189786314072
189786321091
189786330307
189786335801
189786341233
189786349045
189786356430
189786363877
189786371872
189786378708
189786385178
189786391587
189786399277
189786406052
189786414536
189786421005
189786427109
189786434189
189786440842
189786446457
189786454819
189786463730
189786470749
189786477890
189786485519
189786492477
189786499069
189786506088
189786513473
189786520859
189786526779
189786532821
189786537582
189786545090
189786551376
189786560043
189786567123
189786574508
189786580002
189786587875
189786592880
189786600021
189786607040
189786614059
189786621139
189786627060
189786632858
189786642135
189786650314
189786658493
189786663681
189786669235
189786677597
189786685226
189786692001
189786699264
189786706222
189786714462
189786720687
189786727157
189786733810
189786741744
189786750167
189786757247
189786764632
189786771774
189786777633
189786785140
189786791854
189786800216
189786807723
189786815047
189786821456
189786827743
189786835067
189786843307
189786850509
189786856490
189786864608
189786869491
189786876021
189786882918
189786890181
189786897933
189786903548
189786910994
189786916304
189786924727
189786931380
189786938826
189786944869
189786950911
189786957869
189786964888
189786971968
189786978743
189786988082
189786994185
189787001998
189787008833
189787014876
189787020308
189787029829
189787036849
189787044295
189787052535
189787059920
189787066573
189787073225
189787080916
189787089705
189787095930
189787102888
189787109358
189787117903
189787124251
189787131087
189787137922
189787144270
189787149824
189787157820
189787165327
189787172163
189787180525
189787188520
189787194929
189787201704
189787206892
189787215925
189787223310
189787231428
189787237593
189787243696
189787251142
189787258711
189787265303
189787272810
189787278669
189787284956
189787291914
189787298383
189787307112
189787314375
189787321394
189787328535
189787334150
189787340681
189787346296
189787354536
189787361372
189787367475
189787375654
189787380964
189787388105
189787394575
189787401960
189787408735
189787415754
189787422834
189787428449
189787435590
189787442975
189787447858
189787453168
189787461713
189787465253
189787473188
189787478803
189787484845
189787491803
189787498822
189787505841
189787512677
189787518537
189787523236
189787530622
189787535138
189787541486
189787548566
189787555524
189787560224
189787567060
189787574201
189787579694
189787587018
189787593060
189787600751
189787608258
189787611920
189787619428
189787624432
189787632123
189787635846
189787644513
189787650311
189787659283
189787665692
189787672345
189787678998
189787685651
189787691998
189787698956
189787706525
189787711896
189787719952
189787727582
189787734723
189787740826
189787748700
189787754620
189787763226
189787767376
189787775860
189787781537
189787790326
189787797100
189787803753
189787807660
189787816876
189787823956
189787830059
189787835491
189787841473
189787847149
189787855023
189787863018
189787867718
189787875469
189787880352
189787887554
189787894146
189787900250
189787907330
189787913189
189787918316
189787924786
189787931622
189787938091
189787943646
189787950176
189787955975
189787965496
189787972210
189787978558
189787984783
189787991314
189787998272
189788006512
189788013164
189788020244
189788026531
189788032024
189788039409
189788044903
189788052776
189788058391
189788066509
189788073101
189788079448
189788083172
189788090679
189788095745
189788103740
189788111003
189788117290
189788123821
189788130413
189788136699
189788143047
189788148479
189788155498
189788162273
189788168804
189788173320
189788179119
189788185832
189788190227
189788196880
189788205425
189788213054
189788218608
189788225139
189788232280
189788238750
189788244365
189788252238
189788257426
189788265544
189788269572
189788277629
189788283122
189788290874
189788294841
189788303813
189788311809
189788318522
189788323833
189788330363
189788337382
189788343974
189788350261
189788357280
189788364299
189788371013
189788377238
189788382304
189788390605
189788395610
189788402324
189788410014
189788416606
189788423564
189788429545
189788434855
189788442118
189788447856
189788455851
189788462260
189788468791
189788475321
189788481669
189788487956
189788494547
189788501322
189788508219
189788514323
189788520609
189788528361
189788533976
189788542277
189788549601
189788556681
189788561137
189788569498
189788576640
189788583292
189788587199
189788595316
189788602640
189788609476
189788616434
189788623087
189788629496
189788636027
189788641520
189788647989
189788654520
189788662333
189788669046
189788676004
189788681925
189788688761
189788694742
189788699625
189788707376
189788714090
189788719706
189788724710
189788731913
189788737101
189788744730
189788750101
189788756510
189788764505
189788770792
189788777017
189788781534
189788786600
189788793863
189788801492
189788807230
189788814859
189788821939
189788828531
189788835062
189788841959
189788846841
189788853983
189788861124
189788868326
189788875284
189788881143
189788886636
189788895059
189788900430
189788908853
189788915994
189788922586
189788927713
189788934121
189788941141
189788947488
189788952920
189788959512
189788966653
189788972574
189788978616
189788985635
189788990945
189788997598
189789003518
189789011026
189789017068
189789023782
189789029397
189789034402
189789040689
189789046853
189789052957
189789059976
189789067971
189789073648
189789080117
189789085549
189789093423
189789098794
189789110024
189789116677
189789123391
189789131326
189789139138
189789145791
189789151650
189789161416
189789165871
189789174844
189789181863
189789188515
189789192361
189789201272
189789208291
189789215005
189789220193
189789226540
189789234841
189789239907
189789246438
189789251626
189789260109
189789269021
189789274147
189789280983
189789287331
189789293740
189789299843
189789305642
189789311989
189789319680
189789324440
189789332802
189789338356
189789345009
189789352150
189789357765
189789366127
189789373146
189789378517
189789384865
189789389992
189789397804
189789403298
189789412148
189789420143
189789427162
189789433022
189789439430
189789444984
189789451393
189789458656
189789466347
189789473061
189789477821
189789484962
189789491493
189789498268
189789502968
189789509621
189789517616
189789525307
189789530800
189789536964
189789544044
189789551002
189789556434
189789562904
189789568641
189789576759
189789581703
189789589271
189789592872
189789600502
189789605812
189789613807
189789622535
189789629493
189789634498
189789640541
189789644020
189789652687
189789659034
189789665626
189789672157
189789678504
189789684242
189789690650
189789697852
189789702796
189789709632
189789717872
189789725806
189789731361
189789737769
189789745216
189789751502
189789756812
189789763282
189789770667
189789778724
189789782752
189789791785
189789795692
189789804053
189789811072
189789817908
189789822059
189789830726
189789834388
189789842994
189789849585
189789855567
189789861243
189789867591
189789874549
189789880957
189789887305
189789893836
189789900428
189789907203
189789913367
189789920142
189789926306
189789931433
189789938574
189789943762
189789950110
189789955603
189789963172
189789968848
189789977820
189789984168
189789990820
189789994788
189790003638
189790007605
189790016455
189790020361
189790029761
189790037146
189790043677
189790049475
189790056128
189790062476
189790070471
189790078223
189790085242
189790090979
189790097815
189790102942
189790109778
189790116430
189790121741
189790129553
189790134619
189790141394
189790146765
189790154394
189790159887
189790167395
189790173010
189790181311
189790185156
189790193457
189790197058
189790205358
189790211645
189790217749
189790224401
189790231420
189790238317
189790246130
189790253698
189790259680
189790267675
189790273107
189790281225
189790287756
189790294225
189790298132
189790306432
189790313451
189790320898
189790328161
189790335058
189790341711
189790348241
189790355016
189790361608
189790367162
189790374486
189790381567
189790388525
189790394079
189790401037
189790407506
189790412389
189790420507
189790428563
189790434728
189790440099
189790447545
189790452977
189790459447
189790466344
189790472936
189790478490
189790486486
189790489965
189790497777
189790501256
189790509740
189790513341
189790522130
189790530126
189790536779
189790541661
189790547704
189790553868
189790559667
189790566258
189790573094
189790578404
189790584996
189790588841
189790597936
189790605077
189790611668
189790618382
189790626927
189790632054
189790638768
189790646153
189790650975
189790657628
189790664281
189790670262
189790678929
189790685765
189790692723
189790699254
189790704747
189790712193
189790717747
189790724217
189790730809
189790739110
189790744420
189790751683
189790755284
189790763463
189790768834
189790776829
189790780857
189790789891
189790796605
189790803074
189790809300
189790815708
189790821873
189790828465
189790835179
189790841587
189790848423
189790855747
189790862889
189790868565
189790877781
189790882115
189790890598
189790896702
189790904759
189790908543
189790917515
189790921177
189790930149
189790936985
189790943943
189790951145
189790957798
189790964512
189790969395
189790973240
189790983860
189790991550
189790996616
189791003635
189791010227
189791016514
189791023716
189791030613
189791038059
189791044651
189791051853
189791057651
189791064792
189791070285
189791077304
189791084201
189791090366
189791098117
189791103611
189791110813
189791116184
189791123142
189791128269
189791135410
189791142246
189791148960
189791153232
189791161289
189791165012
189791173068
189791178256
189791185336
189791191928
189791198154
189791205539
189791210117
189791219089
189791224582
189791232089
189791237888
189791245883
189791253390
189791259860
189791263583
189791272067
189791276095
189791286838
189791292270
189791299228
189791307345
189791315280
189791323459
189791330905
189791338168
189791342563
189791351230
189791358371
189791364657
189791370272
189791376620
189791382968
189791389560
189791396029
189791402072
189791408358
189791414767
189791421054
189791425936
189791432345
189791440035
189791446810
189791451388
189791458651
189791464511
189791471041
189791476046
189791483126
189791488497
189791497164
189791501009
189791509371
189791514925
189791521822
189791527316
189791535738
189791544100
189791550692
189791555941
189791562289
189791569552
189791574435
189791581759
189791589449
189791596590
189791603182
189791610384
189791615328
189791623202
189791628206
189791634859
189791642489
189791650118
189791654940
189791662325
189791669039
189791675386
189791680819
189791686312
189791694307
189791702425
189791707918
189791714876
189791720308
189791726656
189791732088
189791740511
189791747347
189791752168
189791757051
189791764498
189791770540
189791776949
189791780916
189791790987
189791798677
189791805269
189791811433
189791817476
189791823885
189791830049
189791832063
189791841707
189791849458
189791856477
189791862764
189791867647
189791875398
189791880220
189791887910
189791895601
189791901643
189791908662
189791915010
189791920564
189791927278
189791934358
189791941743
189791948030
189791956331
189791960298
189791969148
189791975740
189791980561
189791985749
189791993623
189792001985
189792008393
189792013520
189792019502
189792024751
189792030793
189792037568
189792044526
189792051057
189792057343
189792063081
189792069428
189792075593
189792081635
189792087678
189792094575
189792100312
189792107087
189792112885
189792119965
189792126130
189792131196
189792138947
189792147126
189792153229
189792160187
189792167084
189792172639
189792180024
189792185334
189792191865
189792200532
189792207429
189792211518
189792220124
189792224152
189792232331
189792237946
189792246674
189792253876
189792260590
189792266632
189792273041
189792278290
189792284516
189792291535
189792298066
189792303315
189792309113
189792315033
189792321564
189792329010
189792335480
189792341461
189792348969
189792355560
189792360871
189792368012
189792373322
189792380341
189792384857
189792394440
189792401337
189792408478
189792416290
189792423920
189792429596
189792436615
189792444061
189792450714
189792458404
189792465362
189792472076
189792481109
189792487274
189792494415
189792498810
189792508026
189792515838
189792521271
189792528961
189792536651
189792543487
189792551666
189792556976
189792564788
189792568939
189792577240
189792584014
189792592620
189792599639
189792604888
189792612640
189792618499
189792624969
189792630523
189792636749
189792643218
189792649871
189792655853
189792662811
189792668548
189792674163
189792681426
189792687225
189792694061
189792700591
189792706451
189792711639
189792717864
189792725249
189792733184
189792740386
189792747649
189792753936
189792759490
189792766326
189792774505
189792780120
189792788238
189792795684
189792802581
189792810271
189792815703
189792823211
189792829131
189792839080
189792846160
189792855681
189792862090
189792870269
189792878020
189792885100
189792891997
189792898101
189792905425
189792912871
189792919707
189792929167
189792934477
189792941558
189792948454
189792954314
189792960478
189792967314
189792975798
189792983305
189792991118
189792997771
189793003996
189793014067
189793020598
189793027556
189793034392
189793040861
189793047453
189793054655
189793062834
189793070341
189793077177
189793083952
189793090788
189793099333
189793106779
189793115080
189793121184
189793127775
189793134428
189793140959
189793146818
189793153959
189793161467
189793168791
189793175138
189793182096
189793188200
189793193876
189793201445
189793207731
189793214140
189793220426
189793226652
189793234709
189793239652
189793247892
189793254240
189793262296
189793268034
189793275297
189793281889
189793288114
189793291837
189793300504
189793307645
189793314664
189793324064
189793330106
189793337431
189793343168
189793352018
189793357938
189793365690
189793371488
189793378324
189793383939
189793391385
189793396940
189793404813
189793410673
189793418851
189793425504
189793431913
189793435636
189793444120
189793451322
189793457181
189793464505
189793471341
189793478543
189793485562
189793492398
189793497403
189793506192
189793513455
189793520047
189793525907
189793532804
189793540128
189793545621
189793553678
189793560636
189793566861
189793570462
189793578153
189793585172
189793591885
189793598355
189793605740
189793613919
189793619534
189793627713
189793633206
189793640408
189793646085
189793653836
189793661954
189793668667
189793675320
189793681973
189793688931
189793696194
189793703030
189793709378
189793717007
189793722622
189793730618
189793738919
189793745633
189793750760
189793757534
189793765469
189793772610
189793779080
189793784207
189793790982
189793796475
189793804653
189793812466
189793819058
189793826199
189793832852
189793839443
189793844387
189793852017
189793858608
189793865078
189793870449
189793877163
189793884670
189793891262
189793896877
189793903774
189793912136
189793917141
189793925625
189793930935
189793938442
189793943813
189793951382
189793957180
189793964138
189793969936
189793978176
189793983913
189793992397
189793996425
189794005520
189794011196
189794019497
189794026088
189794032436
189794038906
189794045437
189794052700
189794060268
189794067409
189794074062
189794081874
189794088283
189794097011
189794101161
189794112819
189794119106
189794126552
189794134181
189794139369
189794146999
189794150539
189794159572
189794167934
189794172878
189794181361
189794186366
189794194057
189794201015
189794207607
189794213161
189794220790
189794224513
189794233180
189794236903
189794245998
189794252406
189794259730
189794268458
189794274074
189794281337
189794287257
189794294337
189794299525
189794308070
189794314723
189794321437
189794328273
189794335231
189794342738
189794347865
189794356471
189794362330
189794370814
189794374659
189794383326
189794390101
189794396876
189794403834
189794410548
189794419032
189794424647
189794433131
189794437281
189794445094
189794450770
189794459315
189794467738
189794474329
189794480738
189794487940
189794493983
189794501063
189794506678
189794512354
189794520472
189794528590
189794535364
189794543604
189794549708
189794558924
189794566248
189794573084
189794580164
189794586817
189794594019
189794599024
189794607142
189794612452
189794620386
189794628077
189794634607
189794639917
189794648706
189794654261
189794663111
189794668726
189794676294
189794681482
189794687952
189794694849
189794701013
189794706995
189794715479
189794722498
189794729212
189794735803
189794742212
189794745996
189794753565
189794760095
189794766809
189794773401
189794780176
189794786401
189794792505
189794798669
189794804529
189794812036
189794819177
189794826257
189794830957
189794837854
189794844141
189794850793
189794855432
189794863061
189794870630
189794876489
189794883081
189794888269
189794895227
189794902124
189794907861
189794914941
189794920739
189794929101
189794934228
189794941491
189794944909
189794952295
189794957299
189794965478
189794972802
189794979638
189794983483
189794991967
189794999597
189795006005
189795010888
189795019494
189795025170
189795031579
189795038293
189795044579
189795051354
189795056115
189795064782
189795070580
189795077599
189795084557
189795091271
189795096581
189795102624
189795109521
189795115502
189795123620
189795130395
189795134362
189795142297
189795147729
189795155297
189795161217
189795167748
189795174645
189795181298
189795186547
189795193078
189795199425
189795205773
189795212182
189795219628
189795225670
189795231530
189795237999
189795242699
189795250573
189795255516
189795261864
189795269005
189795277672
189795283043
189795289879
189795295250
189795302941
189795309410
189795316735
189795322533
189795329064
189795334496
189795342613
189795349266
189795355797
189795359642
189795368370
189795375084
189795382103
189795389122
189795395531
189795400902
189795407249
189795413292
189795422386
189795428184
189795434349
189795439964
189795447227
189795454552
189795459312
189795467552
189795475120
189795481712
189795487083
189795495628
189795503502
189795510032
189795516868
189795522239
189795529686
189795536461
189795542808
189795550010
189795556419
189795561973
189795570762
189795577476
189795583702
189795587364
189795594444
189795601158
189795607566
189795611534
189795620567
189795624412
189795633262
189795640281
189795646873
189795653587
189795660178
189795666892
189795672447
189795681724
189795686851
189795694541
189795699485
189795707359
189795714256
189795720725
189795728049
189795734946
189795740256
189795747459
189795752891
189795760398
189795765830
189795772544
189795778403
189795786887
189795792624
189795798606
189795802268
189795810386
189795815696
189795823569
189795829734
189795836081
189795842307
189795848349
189795854575
189795860434
189795866233
189795872885
189795879172
189795886435
189795895652
189795901450
189795910056
189795914633
189795924582
189795928671
189795937827
189795946005
189795951254
189795959738
189795966696
189795970969
189795981528
189795986838
189795993552
189796002097
189796009909
189796016440
189796022177
189796031393
189796037985
189796044577
189796050497
189796056601
189796062704
189796068686
189796075216
189796082602
189796089438
189796095907
189796103476
189796109030
189796115805
189796120993
189796129782
189796136068
189796142294
189796148520
189796154867
189796161032
189796167440
189796174154
189796180929
189796188131
189796195394
189796202352
189796209616
189796216207
189796221762
189796229940
189796237631
189796244589
189796251669
189796258260
189796263632
189796270162
189796277242
189796284261
189796291952
189796296835
189796304769
189796309591
189796316061
189796322774
189796328817
189796336935
189796343404
189796348775
189796356832
189796362203
189796369588
189796374776
189796382955
189796389364
189796395833
189796399556
189796407247
189796413106
189796419149
189796425435
189796432210
189796439595
189796446431
189796452901
189796459432
189796465718
189796471822
189796477620
189796485067
189796492391
189796496907
189796504598
189796511556
189796517903
189796523274
189796530049
189796535665
189796544332
189796549886
189796556477
189796562093
189796570027
189796575276
189796584126
189796592244
189796598897
189796604756
189796611226
189796618184
189796624593
189796629536
189796636494
189796645161
189796650044
189796656575
189796663411
189796669819
189796674397
189796681538
189796689168
189796694661
189796701191
189796707112
189796712422
189796719746
189796724934
189796733357
189796738667
189796746296
189796750080
189796758198
189796765034
189796771138
189796774983
189796783711
189796787922
189796797749
189796806843
189796814533
189796821675
189796827656
189796835041
189796841084
189796849445
189796853413
189796862690
189796866718
189796876057
189796883015
189796889790
189796897480
189796904438
189796909504
189796916035
189796919819
189796929462
189796935322
189796942829
189796951435
189796956074
189796963947
189796968647
189796975727
189796982746
189796988422
189796995746
189797003437
189797007221
189797015033
189797020282
189797027240
189797032489
189797041278
189797047138
189797053424
189797059955
189797066181
189797072589
189797079059
189797085407
189797090717
189797099506
189797106159
189797111408
189797117450
189797124225
189797128864
189797136432
189797143756
189797149371
189797156329
189797162494
189797167377
189797175861
189797181354
189797189105
189797194598
189797202106
189797207599
189797215717
189797222797
189797229388
189797233173
189797242328
189797248859
189797255267
189797257403
189797267047
189797273883
189797280292
189797284015
189797293048
189797296771
189797305011
189797312091
189797318316
189797324115
189797330523
189797335528
189797341754
189797348285
189797354388
189797360736
189797367266
189797373248
189797379718
189797386798
189797392169
189797399005
189797405047
189797411273
189797415789
189797422747
189797427569
189797436053
189797441058
189797448077
189797455828
189797463213
189797468951
189797476092
189797481341
189797488421
189797493487
189797500933
189797506487
189797514422
189797518267
189797526934
189797533404
189797540240
189797547381
189797554339
189797560747
189797567339
189797574419
189797580034
189797586809
189797594439
189797601336
189797608477
189797615069
189797620562
189797628252
189797633806
189797640459
189797648211
189797654375
189797659807
189797667376
189797672686
189797678606
189797685259
189797691057
189797696184
189797703020
189797709429
189797717363
189797722856
189797731645
189797735552
189797744768
189797749651
189797755815
189797762346
189797768449
189797774675
189797780962
189797786394
189797794939
189797801530
189797806474
189797813982
189797821062
189797826799
189797834733
189797840959
189797847368
189797855119
189797860429
189797868181
189797873674
189797881852
189797885759
189797895219
189797902116
189797908891
189797915056
189797921403
189797927446
189797933793
189797940263
189797947221
189797953813
189797959855
189797965898
189797971879
189797978044
189797984269
189797991410
189797999223
189798005937
189798011247
189798018571
189798023759
189798029618
189798036088
189798042191
189798047318
189798053178
189798060075
189798065995
189798071366
189798078996
189798084550
189798091630
189798097184
189798104752
189798110123
189798117264
189798122758
189798130814
189798134782
189798143937
189798147782
189798156937
189798160721
189798169755
189798177140
189798183671
189798187516
189798196610
189798204239
189798210526
189798217667
189798223038
189798230179
189798236649
189798243119
189798248429
189798255997
189798262772
189798269425
189798274674
189798281754
189798286820
189798294144
189798299088
189798305680
189798310623
189798318070
189798324845
189798332108
189798338516
189798345169
189798353043
189798357803
189798364883
189798371231
189798378006
189798382889
189798389603
189798399063
189798405716
189798411331
189798417862
189798425064
189798431839
189798438248
189798443863
189798451431
189798459305
189798463028
189798471634
189798477920
189798484085
189798487564
189798495376
189798503189
189798509842
189798513565
189798522232
189798525955
189798534500
189798538162
189798547317
189798554214
189798560745
189798566909
189798573074
189798578323
189798584609
189798591201
189798598464
189798606216
189798611221
189798619522
189798624282
189798630386
189798637039
189798643447
189798650649
189798656387
189798663406
189798669509
189798676467
189798682937
189798688308
189798695449
189798701247
189798710403
189798714248
189798722976
189798729995
189798736281
189798739944
189798748305
189798757155
189798763869
189798769729
189798776259
189798783217
189798789748
189798794875
189798802382
189798809157
189798815322
189798821242
189798827224
189798833449
189798840041
189798845717
189798853286
189798860244
189798865859
189798874098
189798879409
189798886550
189798891616
189798898390
189798904067
189798911635
189798916884
189798924086
189798929457
189798937209
189798943800
189798950514
189798957472
189798964369
189798970229
189798976698
189798983717
189798990126
189798997023
189799002577
189799010207
189799016798
189799024000
189799029066
189799036146
189799042799
189799050184
189799057387
189799063673
189799068922
189799076368
189799081617
189799087416
189799093641
189799100966
189799106825
189799114759
189799120009
189799127577
189799134535
189799141005
189799144850
189799154127
189799160414
189799166578
189799172987
189799178968
189799185194
189799191542
189799196791
189799203810
189799211073
189799217665
189799224012
189799230482
189799236829
189799243482
189799250440
189799258070
189799264845
189799272047
189799278577
189799284071
189799291761
189799297254
189799304212
189799309949
189799318006
189799323560
189799331556
189799335401
189799343091
189799348463
189799357679
189799363965
189799370435
189799375745
189799381666
189799387830
189799394483
189799399976
189799407239
189799414014
189799420240
189799427015
189799433606
189799438855
189799445386
189799450025
189799457288
189799464734
189799471814
189799477918
189799484998
189799491162
189799496655
189799503675
189799510938
189799517468
189799522534
189799530530
189799534253
189799542859
189799549390
189799556287
189799560193
189799569348
189799573315
189799582532
189799589856
189799596265
189799602490
189799607556
189799614392
189799620984
189799627576
189799634167
189799641980
189799647534
189799655713
189799663220
189799669751
189799674939
189799681164
189799687085
189799693188
189799700085
189799706860
189799713269
189799719799
189799726391
189799731518
189799738476
189799745007
189799752392
189799760022
189799766003
189799772595
189799778332
189799783581
189799789807
189799796826
189799803906
189799810436
189799818981
189799824536
189799831677
189799837170
189799845165
189799848950
189799857922
189799865856
189799871044
189799878613
189799884716
189799890087
189799896557
189799902782
189799909557
189799916515
189799923717
189799930920
189799936169
189799944591
189799951610
189799956554
189799963207
189799969921
189799978466
189799983532
189799991527
189799999279
189800006664
189800012890
189800019420
189800024608
189800031383
189800036327
189800043773
189800049022
189800056346
189800062999
189800071727
189800075756
189800084728
189800091564
189800098033
189800101818
189800111949
189800118175
189800125438
189800131419
189800138377
189800145335
189800151012
189800159312
189800166698
189800173351
189800177135
189800185069
189800191905
189800198253
189800204295
189800210826
189800217052
189800223949
189800230418
189800236461
189800241527
189800247691
189800253795
189800263988
189800270518
189800277415
189800282786
189800287852
189800294993
189800299876
189800305980
189800311290
189800320262
189800327281
189800333934
189800340342
189800346995
189800351023
189800359690
189800366343
189800374827
189800380747
189800387583
189800396006
189800401560
189800408946
189800417796
189800424754
189800428782
189800436656
189800440623
189800449473
189800453318
189800462717
189800470896
189800477610
189800482737
189800489085
189800494578
189800501231
189800507395
189800513987
189800521006
189800527720
189800533396
189800540293
189800545908
189800552683
189800558481
189800565378
189800570871
189800577280
189800582590
189800589365
189800595041
189800602305
189800609263
189800618113
189800625315
189800629282
189800637033
189800643381
189800649973
189800657053
189800664194
189800671213
189800678598
189800686472
189800693979
189800702036
189800708017
189800716867
189800721140
189800729868
189800735483
189800743295
189800747019
189800754953
189800760141
189800768198
189800774728
189800781320
189800786569
189800793039
189800799997
189800806345
189800812448
189800819101
189800824838
189800831125
189800840036
189800845346
189800853708
189800861093
189800868417
189800875497
189800882455
189800887521
189800893930
189800900155
189800906564
189800913095
189800919809
189800928048
189800932931
189800940866
189800945809
189800953988
189800958810
189800967050
189800973336
189800981271
189800986886
189800994210
189800999703
189801007577
189801013741
189801021676
189801028573
189801034493
189801040353
189801046578
189801053170
189801059518
189801065621
189801072518
189801079476
189801086251
189801092171
189801096810
189801104745
189801109383
189801116219
189801123421
189801130135
189801136544
189801142830
189801149850
189801157113
189801162423
189801168953
189801176644
189801181527
189801186654
189801194222
189801200875
189801207406
189801214058
189801221505
189801229683
189801235360
189801244698
189801250740
189801259590
189801264046
189801273323
189801280220
189801286873
189801293221
189801299629
189801307015
189801313912
189801319405
189801328316
189801333504
189801342110
189801348457
189801355537
189801362862
189801368477
189801375740
189801381294
189801390083
189801394539
189801403084
189801409859
189801416389
189801422676
189801429817
189801436775
189801441475
189801448067
189801454231
189801460396
189801466865
189801473640
189801480903
189801488533
189801493354
189801500862
189801505684
189801513801
189801518684
189801525642
189801533638
189801540168
189801547126
189801554023
189801559516
189801566352
189801571662
189801579231
189801585090
189801594123
189801600837
189801607429
189801614082
189801619148
189801623603
189801632270
189801640083
189801646491
189801652168
189801658210
189801663459
189801669746
189801676887
189801683845
189801690498
189801697211
189801703620
189801708198
189801715156
189801719794
189801727607
189801733039
189801740912
189801746345
189801753974
189801759894
189801766913
189801772345
189801780890
189801787787
189801794623
189801798407
189801806769
189801813300
189801819770
189801823554
189801832526
189801839667
189801846442
189801853949
189801860480
189801866278
189801872870
189801879889
189801888007
189801894904
189801899603
189801905951
189801912665
189801918829
189801923407
189801930975
189801935919
189801943427
189801948859
189801955634
189801962531
189801969489
189801974738
189801981512
189801986700
189801994879
189802001837
189802006476
189802013922
189802020392
189802025641
189802035040
189802041571
189802048895
189802056463
189802062506
189802070501
189802076178
189802083990
189802091253
189802098211
189802102118
189802110785
189802118597
189802125006
189802131170
189802138861
189802145819
189802150701
189802158392
189802165472
189802170660
189802176824
189802183843
189802190618
189802195440
189802202581
189802208502
189802215643
189802222234
189802227728
189802234502
189802242315
189802249578
189802255499
189802261419
189802264837
189802272527
189802277593
189802285467
189802293523
189802300420
189802306768
189802313360
189802318365
189802324773
189802331365
189802337835
189802344671
189802350835
189802357549
189802362432
189802369451
189802375921
189802382512
189802390386
189802396611
189802403692
189802410161
189802415227
189802423467
189802429021
189802437627
189802443547
189802451360
189802457830
189802464482
189802468450
189802476201
189802481755
189802490666
189802497197
189802504155
189802510320
189802516728
189802522771
189802529057
189802535527
189802542180
189802548039
189802554753
189802562810
189802570195
189802577946
189802585393
189802592107
189802599248
189802605473
189802610539
189802616460
189802622685
189802628789
189802634343
189802641301
189802648137
189802654606
189802661137
189802668156
189802675786
189802680607
189802687138
189802695073
189802701909
189802708928
189802714421
189802721562
189802729069
189802734562
189802741215
189802749821
189802755131
189802760563
189802768742
189802772526
189802780400
189802785771
189802794499
189802801640
189802808293
189802814823
189802820927
189802826298
189802832096
189802837894
189802845524
189802852604
189802859135
189802865787
189802872196
189802878483
189802884342
189802892033
189802898685
189802905094
189802910404
189802918156
189802922611
189802931644
189802937076
189802945377
189802951603
189802957950
189802964237
189802970157
189802976139
189802982181
189802988590
189802995243
189803002262
189803009098
189803015384
189803021915
189803028507
189803035038
189803040470
189803047855
189803055240
189803060123
189803067996
189803074954
189803080936
189803085819
189803092594
189803100711
189803107059
189803114078
189803119205
189803126041
189803132755
189803137576
189803144656
189803151492
189803158023
189803163089
189803169192
189803174075
189803181766
189803187564
189803196414
189803203738
189803210879
189803216373
189803222659
189803228518
189803234622
189803241458
189803246097
189803254031
189803258609
189803266482
189803271487
189803278445
189803285098
189803291995
189803297915
189803306216
189803311160
189803319033
189803323855
189803330752
189803337161
189803343569
189803350894
189803357424
189803362307
189803369387
189803376406
189803382510
189803389468
189803396182
189803402224
189803409426
189803414797
189803421572
189803428408
189803433840
189803440554
189803446108
189803451174
189803458132
189803463076
189803470278
189803475527
189803482363
189803487612
189803494692
189803500124
189803507876
189803511477
189803518862
189803523806
189803530642
189803535830
189803544314
189803548098
189803557619
189803565371
189803570253
189803578127
189803584536
189803590151
189803597414
189803604433
189803611269
189803619142
189803625246
189803633852
189803639589
189803648683
189803656130
189803663210
189803667543
189803676210
189803683779
189803691042
189803695314
189803704286
189803712770
189803719240
189803724306
189803730409
189803735780
189803742494
189803750002
189803758302
189803764284
189803771364
189803777040
189803783998
189803789491
189803796266
189803802614
189803807252
189803813600
189803820863
189803825685
189803832277
189803838685
189803843629
189803851137
189803858705
189803865602
189803870912
189803877870
189803883058
189803890504
189803895692
189803903444
189803909852
189803916505
189803922914
189803929628
189803933656
189803941712
189803947633
189803957032
189803964051
189803970887
189803976014
189803982423
189803989076
189803995545
189804002564
189804009950
189804017396
189804022706
189804030518
189804035584
189804043946
189804049073
189804056092
189804063660
189804069459
189804074769
189804082886
189804087769
189804094117
189804100403
189804107911
189804113038
189804121155
189804126893
189804135010
189804142640
189804149781
189804157349
189804164612
189804170411
189804176758
189804183411
189804188721
189804196961
189804201172
189804210144
189804217652
189804224366
189804231018
189804237488
189804242493
189804248902
189804255005
189804261841
189804269287
189804276306
189804285156
189804291138
189804299927
189804307434
189804314758
189804319031
189804327759
189804334656
189804341675
189804348694
189804355591
189804362183
189804369324
189804375488
189804382202
189804390747
189804398254
189804406677
189804410889
189804419983
189804427612
189804434204
189804438171
189804446289
189804452514
189804458923
189804465881
189804472290
189804479004
189804485595
189804491882
189804498474
189804504455
189804511108
189804518005
189804522949
189804530639
189804537048
189804541564
189804547485
189804554687
189804559509
189804567626
189804575683
189804581542
189804588928
189804594909
189804600463
189804608337
189804613830
189804622009
189804627868
189804635619
189804642516
189804649169
189804653259
189804661925
189804668334
189804675719
189804684142
189804689330
189804693053
189804702575
189804709838
189804716247
189804722350
189804729003
189804735351
189804742003
189804748656
189804753539
189804760680
189804765807
189804772643
189804778319
189804786559
189804792968
189804799254
189804802916
189804810302
189804815428
189804823363
189804830748
189804837706
189804843444
189804850585
189804857299
189804863768
189804869994
189804877318
189804883971
189804890502
189804895812
189804901915
189804908202
189804914610
189804921019
189804929625
189804937315
189804942931
189804949889
189804956969
189804963255
189804968870
189804976439
189804982237
189804990660
189804996031
189805003599
189805010069
189805016295
189805022642
189805028013
189805036131
189805042967
189805048460
189805055052
189805061339
189805067869
189805074766
189805081724
189805088743
189805094908
189805100645
189805105406
189805112791
189805117430
189805124693
189805133177
189805140196
189805147337
189805153623
189805158811
189805165159
189805169676
189805176695
189805183592
189805190916
189805197019
189805203428
189805209654
189805216062
189805219785
189805228330
189805236631
189805241941
189805248838
189805255369
189805262022
189805268552
189805274717
189805282468
189805289060
189805296201
189805304319
189805312009
189805318967
189805325071
189805334104
189805338254
189805347776
189805354856
189805361997
189805368528
189805374814
189805378415
189805386594
189805393308
189805400144
189805407407
189805415280
189805422116
189805428159
189805437009
189805441220
189805448667
189805453794
189805460568
189805467893
189805472653
189805477963
189805487302
189805491452
189805500607
189805507871
189805514462
189805520078
189805526608
189805533261
189805540402
189805547177
189805553891
189805562375
189805568295
189805576413
189805582089
189805591122
189805598324
189805603390
189805608761
189805616391
189805621762
189805629452
189805635922
189805642575
189805646420
189805655270
189805661374
189805667660
189805673825
189805680294
189805687313
189805694394
189805701168
189805708981
189805717099
189805722897
189805730709
189805735043
189805744137
189805751217
189805757504
189805761349
189805770077
189805774044
189805783016
189805790218
189805797054
189805805233
189805810299
189805816952
189805822933
189805829403
189805834103
189805841488
189805849911
189805854916
189805861446
189805868648
189805873775
189805881893
189805886776
189805894039
189805901485
189805907833
189805914852
189805921322
189805926815
189805933529
189805939205
189805946590
189805955562
189805960811
189805966304
189805974910
189805978695
189805987178
189805990963
189805999691
189806007259
189806014217
189806020809
189806027095
189806032711
189806038753
189806045223
189806052547
189806059322
189806064083
189806070674
189806077022
189806083186
189806089473
189806095821
189806103511
189806110713
189806115901
189806121944
189806128658
189806134273
189806141109
189806146724
189806156062
189806161372
189806166804
189806174983
189806178706
189806187312
189806191035
189806198909
189806205562
189806213069
189806219356
189806225825
189806231563
189806238154
189806244868
189806252131
189806259211
189806265681
189806273677
189806278682
189806286189
189806291133
189806298091
189806306025
189806312922
189806318598
189806326045
189806331599
189806339411
189806344844
189806352778
189806358515
189806366145
189806372981
189806379328
189806382990
189806391657
189806395197
189806404109
189806410456
189806416865
189806423212
189806429560
189806434992
189806441462
189806448847
189806456354
189806462702
189806469233
189806475092
189806479487
189806487055
189806492243
189806498896
189806506342
189806513666
189806519282
189806527033
189806533381
189806540033
189806544001
189806552363
189806558161
189806566217
189806572931
189806579523
189806586115
189806592524
189806596308
189806604792
189806612848
189806619684
189806626215
189806632807
189806637506
189806644464
189806652216
189806658136
189806665155
189806671259
189806678278
189806682733
189806690057
189806695245
189806703790
189806711359
189806717584
189806725275
189806731500
189806735223
189806742609
189806747736
189806756158
189806762140
189806768671
189806774652
189806781122
189806787286
189806793695
189806800226
189806806878
189806815301
189806820428
189806826166
189806831964
189806839166
189806843805
189806851434
189806856866
189806865655
189806870660
189806877740
189806884942
189806891107
189806896600
189806905328
189806911615
189806919732
189806925042
189806931634
189806936822
189806944207
189806949761
189806957696
189806964410
189806971307
189806978082
189806984734
189806991082
189806997613
189807004205
189807011468
189807017388
189807023919
189807030328
189807036370
189807042290
189807048394
189807054436
189807061394
189807063531
189807074090
189807080559
189807086724
189807093133
189807097710
189807105645
189807110344
189807117669
189807122918
189807131218
189807136956
189807144280
189807150322
189807156609
189807163567
189807169732
189807175103
189807181633
189807188713
189807194817
189807201775
189807208306
189807213982
189807221916
189807227532
189807234001
189807239556
189807247185
189807253166
189807262016
189807269280
189807276177
189807280754
189807289116
189807292839
189807300835
189807307121
189807314079
189807320671
189807325188
189807331474
189807337883
189807345024
189807351555
189807358513
189807363945
189807371452
189807376152
189807382622
189807388603
189807394707
189807401115
189807408073
189807415764
189807421989
189807429008
189807435112
189807440544
189807447990
189807453483
189807459953
189807466728
189807471916
189807478569
189807484184
189807491142
189807497612
189807502983
189807511344
189807516960
189807523490
189807529228
189807536674
189807542594
189807550956
189807557243
189807564933
189807568839
189807577140
189807583671
189807590202
189807593986
189807602287
189807609306
189807618522
189807625175
189807631767
189807636954
189807643546
189807650138
189807656425
189807663322
189807668571
189807674796
189807680839
189807687003
189807693229
189807699882
189807706351
189807712150
189807719596
189807726798
189807731559
189807738456
189807744864
189807750419
189807754996
189807761466
189807768607
189807775138
189807782401
189807788993
189807794913
189807801749
189807807120
189807815787
189807821402
189807829642
189807833548
189807842520
189807846182
189807854727
189807858573
189807867484
189807873038
189807880850
189807887625
189807894278
189807900992
189807907523
189807911307
189807920950
189807928152
189807934927
189807941580
189807948050
189807953299
189807960318
189807965506
189807971976
189807978323
189807984976
189807990957
189807997549
189808003897
189808010428
189808017325
189808024893
189808030630
189808037161
189808041983
189808049002
189808055044
189808059805
189808068838
189808074331
189808083059
189808089407
189808095938
189808099539
189808107351
189808112295
189808118276
189808126150
189808132864
189808139517
189808145986
189808149771
189808158132
189808161917
189808171011
189808179189
189808186514
189808192922
189808200369
189808207876
189808216177
189808223074
189808227285
189808236013
189808241933
189808249807
189808257375
189808264272
189808271291
189808279104
189808285512
189808292104
189808299550
189808306753
189808314077
189808321462
189808327749
189808333181
189808341237
189808347585
189808353872
189808361013
189808367482
189808371389
189808380056
189808387258
189808393666
189808400197
189808404592
189808410695
189808416616
189808423085
189808430165
189808436879
189808443288
189808449513
189808456532
189808462697
189808467519
189808474721
189808483022
189808489125
189808495900
189808502126
189808507619
189808514943
189808520497
189808528676
189808537038
189808542470
189808548024
189808556020
189808562855
189808569325
189808575856
189808582692
189808589772
189808596242
189808602406
189808607045
189808613514
189808619923
189808626454
189808634144
189808642262
189808647206
189808654408
189808661305
189808666310
189808672535
189808679066
189808685780
189808692372
189808697377
189808703846
189808710865
189808717335
189808722706
189808729603
189808735584
189808743702
189808748768
189808755116
189808760182
189808768238
189808771900
189808780201
189808788746
189808795765
189808801197
189808807728
189808814564
189808821033
189808827625
189808835255
189808842274
189808847034
189808854786
189808859669
189808866688
189808873096
189808880909
189808888904
189808895740
189808901722
189808907947
189808913563
189808921558
189808927112
189808933399
189808941761
189808948352
189808951954
189808959583
189808964588
189808971668
189808976734
189808983631
189808988941
189808997913
189809004932
189809011280
189809016590
189809022754
189809028491
189809034839
189809042163
189809046619
189809054126
189809058704
189809066272
189809071155
189809078723
189809087146
189809093921
189809100940
189809107043
189809112537
189809120044
189809125232
189809132373
189809140552
189809147449
189809151416
189809159289
189809164844
189809173022
189809179431
189809186572
189809193530
189809200305
189809207263
189809212085
189809219104
189809226245
189809232348
189809239001
189809245166
189809252063
189809259509
189809265246
189809273364
189809280383
189809287219
189809294116
189809300585
189809305957
189809311877
189809318408
