189656871654
189656876537
189656881481
189656887890
189656893383
189656898937
189656904064
189656909923
189656915722
189656922313
189656927807
189656933910
189656941601
189656946972
189656953685
189656959789
189656967479
189656975658
189656981884
189656988658
189656996959
189657003734
189657011302
189657018444
189657024974
189657033336
189657039073
189657044383
189657052684
189657059215
189657066417
189657073924
189657080394
189657087413
189657096263
189657102550
189657110118
189657116100
189657123424
189657130870
189657138377
189657145091
189657152965
189657159923
189657167674
189657174205
189657181041
189657188609
189657194896
189657202281
189657210338
189657215953
189657223765
189657230174
189657239818
189657248118
189657254344
189657260691
189657268870
189657276133
189657282542
189657290843
189657298716
189657306163
189657312510
189657321055
189657327586
189657335887
189657344248
189657351512
189657360118
189657366648
189657374461
189657381541
189657389475
189657398020
189657404490
189657413523
189657420359
189657428049
189657434641
189657443247
189657450266
189657459910
189657467051
189657473765
189657483225
189657488718
189657497446
189657505442
189657513498
189657518686
189657526560
189657535532
189657541697
189657549265
189657555857
189657564463
189657571726
189657580027
189657588144
189657596872
189657604319
189657610666
189657619150
189657628122
189657635141
189657641367
189657649545
189657658762
189657667612
189657672556
189657681406
189657689523
189657698251
189657705270
189657713998
189657719125
189657727853
189657736459
189657744272
189657751962
189657758188
189657765878
189657774423
189657781625
189657789377
189657797494
189657806283
189657813058
189657821481
189657826425
189657835580
189657844247
189657852243
189657860910
189657869210
189657877328
189657882882
189657893136
189657899484
189657907113
189657915841
189657923471
189657930001
189657939340
189657947213
189657954293
189657961984
189657969857
189657978158
189657984383
189657991158
189658000008
189658009164
189658015511
189658022408
189658030709
189658036324
189658047433
189658056222
189658063973
189658070443
189658078805
189658086434
189658095894
189658101998
189658111886
189658119271
189658127450
189658134835
189658143502
189658150887
189658160714
189658167794
189658177132
189658183968
189658193184
189658201790
189658209358
189658217232
189658225716
189658234871
189658242134
189658249642
189658258431
189658266670
189658275459
189658282478
189658291451
189658299263
189658307991
189658316048
189658324226
189658333137
189658341743
189658347969
189658354866
189658363289
189658373970
189658382942
189658389717
189658399238
189658404976
189658414558
189658424080
189658431404
189658439766
189658448616
189658455269
189658463935
189658471016
189658479133
189658486335
189658495185
189658504463
189658511604
189658518867
189658527839
189658533698
189658543830
189658552497
189658559699
189658566840
189658574531
189658582954
189658592475
189658599738
189658610297
189658616401
189658625373
189658632514
189658640693
189658650581
189658658637
189658666938
189658674750
189658682014
189658687751
189658694831
189658702888
189658710883
189658717170
189658724372
189658732062
189658738837
189658745429
189658752631
189658761359
189658769049
189658777350
189658785346
189658794867
189658801703
189658811347
189658819525
189658826666
189658835150
189658842536
189658850836
189658859625
189658867255
189658876044
189658883246
189658889960
189658898383
189658905707
189658913702
189658923285
189658930731
189658938300
189658944830
189658951849
189658960272
189658967352
189658974676
189658982855
189658991278
189659001166
189659009588
189659016974
189659025396
189659032904
189659041082
189659049383
189659057928
189659065130
189659073614
189659081182
189659091009
189659096929
189659105352
189659114080
189659121771
189659126654
189659134832
189659140264
189659149053
189659155462
189659161566
189659169134
189659175787
189659182440
189659187811
189659195196
189659199957
189659207464
189659214727
189659220037
189659226629
189659231390
189659237554
189659242925
189659251470
189659259038
189659266424
189659271001
189659278753
189659285222
189659291875
189659298772
189659304143
189659310979
189659317876
189659324346
189659330571
189659337102
189659342839
189659348882
189659355901
189659363164
189659369329
189659375737
189659382329
189659389348
189659394780
189659403264
189659408574
189659416326
189659422124
189659428166
189659433904
189659440068
189659446172
189659454045
189659460454
189659465398
189659471745
189659479253
189659486821
189659493962
189659500615
189659506841
189659514531
189659520634
189659527104
189659534428
189659540349
189659546635
189659554509
189659559819
189659567814
189659575749
189659582219
189659589177
189659595219
189659602421
189659608159
189659614872
189659621464
189659629399
189659637455
189659642704
189659650212
189659657536
189659662968
189659669011
189659676701
189659684635
189659689946
189659697880
189659703800
189659710942
189659717533
189659724308
189659733097
189659738285
189659744633
189659751591
189659758244
189659764164
189659771854
189659779301
189659785832
189659793095
189659799259
189659806339
189659812321
189659820316
189659825260
189659832584
189659840763
189659845951
189659853947
189659859562
189659864933
189659873844
189659880802
189659887516
189659892460
189659899601
189659906803
189659912235
189659919742
189659926761
189659932743
189659940250
189659948124
189659955875
189659962040
189659971012
189659976200
189659983524
189659990665
189659995975
189660003604
189660010807
189660017337
189660025150
189660030277
189660037845
189660044132
189660051456
189660059146
189660065372
189660072025
189660078677
189660087466
189660092715
189660099368
189660108157
189660114810
189660122440
189660127078
189660133975
189660141055
189660146976
189660153689
189660160770
189660167728
189660173038
189660179751
189660186892
189660193667
189660200015
189660206546
189660214724
189660220035
189660228946
189660234256
189660241031
189660249209
189660255862
189660262271
189660269412
189660275637
189660282351
189660289614
189660296084
189660302249
189660308291
189660314700
189660321475
189660328677
189660336123
189660342776
189660349490
189660356570
189660363223
189660369204
189660374453
189660381350
189660386965
189660395388
189660401308
189660409243
189660416079
189660423342
189660429262
189660437136
189660443362
189660448977
189660455202
189660461550
189660469607
189660475588
189660483462
189660490236
189660495974
189660503847
189660511355
189660517214
189660524599
189660532473
189660540651
189660548464
189660552980
189660560183
189660565493
189660571596
189660579409
189660585756
189660591921
189660597719
189660605898
189660610414
189660616701
189660623354
189660630434
189660637880
189660645326
189660651674
189660659120
189660666261
189660673952
189660680666
189660686769
189660693117
189660700136
189660705202
189660712282
189660718141
189660725709
189660731874
189660739381
189660745180
189660751344
189660758851
189660766420
189660772706
189660780458
189660787294
189660792970
189660799806
189660807130
189660812623
189660819154
189660825807
189660832887
189660839906
189660847902
189660853761
189660862245
189660868653
189660874391
189660879640
189660886720
189660892579
189660899415
189660906495
189660913758
189660920045
189660924989
189660933228
189660938233
189660945374
189660953370
189660960450
189660966432
189660972901
189660981263
189660986512
189660994141
189661000489
189661007630
189661013367
189661019898
189661026185
189661031556
189661039063
189661047669
189661054505
189661060303
189661065980
189661071961
189661079224
189661085816
189661094056
189661101136
189661107361
189661114197
189661120179
189661128235
189661134766
189661140747
189661148255
189661152466
189661160279
189661167542
189661172913
189661180176
189661187561
189661192871
189661198487
189661204712
189661210877
189661218262
189661225037
189661231995
189661239929
189661246338
189661251221
189661258423
189661263367
189661270325
189661275879
189661283814
189661289124
189661296753
189661302063
189661309509
189661315002
189661322449
189661328552
189661334839
189661343017
189661349365
189661356506
189661362854
189661369690
189661377075
189661384399
189661392273
189661397949
189661404724
189661410949
189661416137
189661425476
189661430908
189661438171
189661442810
189661450195
189661454956
189661461547
189661467651
189661475097
189661483215
189661488403
189661494812
189661502502
189661510498
189661517822
189661524780
189661531127
189661537780
189661544799
189661550475
189661557433
189661565368
189661572631
189661578368
189661584045
189661590942
189661596679
189661604125
189661611205
189661618163
189661624206
189661631225
189661639342
189661644836
189661652770
189661659118
189661667235
189661674621
189661679320
189661687377
189661692748
189661699767
189661707641
189661714293
189661719725
189661726989
189661734069
189661742125
189661747374
189661756285
189661763549
189661770385
189661776915
189661783324
189661790770
189661796263
189661804686
189661811705
189661817565
189661824889
189661830260
189661837279
189661842406
189661850462
189661855101
189661862364
189661867308
189661874571
189661879637
189661887511
189661895262
189661901427
189661907347
189661914610
189661921141
189661928648
189661934691
189661943480
189661950011
189661957762
189661964659
189661970946
189661976195
189661984129
189661990782
189661997862
189662004210
189662010618
189662016478
189662022886
189662030088
189662035948
189662044310
189662051817
189662057920
189662064390
189662071409
189662077513
189662084654
189662091612
189662098509
189662105345
189662110716
189662117185
189662124510
189662130186
189662138426
189662144895
189662151670
189662157957
189662164915
189662170713
189662179441
189662186094
189662193906
189662200864
189662206174
189662212949
189662219907
189662226621
189662232908
189662239622
189662248411
189662253660
189662261533
189662267820
189662274228
189662281675
189662288022
189662296079
189662301023
189662307798
189662313596
189662320066
189662327451
189662333493
189662340696
189662345029
189662350461
189662357846
189662365476
189662373471
189662380124
189662386045
189662393674
189662399961
189662405149
189662412351
189662419919
189662426389
189662432248
189662438474
189662444638
189662451535
189662458432
189662464658
189662471738
189662477475
189662483212
189662489011
189662495663
189662501645
189662510129
189662517087
189662522885
189662530331
189662536679
189662543698
189662549863
189662557004
189662563534
189662571347
189662577450
189662584347
189662590085
189662595273
189662602536
189662611203
189662617856
189662624020
189662630368
189662634884
189662642270
189662649289
189662656369
189662662899
189662668637
189662676388
189662683163
189662688839
189662694882
189662702511
189662710385
189662716244
189662723873
189662730343
189662736508
189662741879
189662749325
189662756100
189662762386
189662770382
189662776363
189662783077
189662789730
189662797115
189662805111
189662810787
189662818844
189662824886
189662831112
189662839596
189662844845
189662852901
189662858394
189662865719
189662872921
189662878841
189662884090
189662891536
189662898494
189662903927
189662911434
189662917110
189662923397
189662930965
189662936275
189662945797
189662951046
189662959224
189662965450
189662972896
189662980587
189662985652
189662993587
189662999019
189663006343
189663012325
189663018672
189663025752
189663032955
189663040035
189663045039
189663052730
189663058162
189663064388
189663070369
189663077571
189663083858
189663092036
189663098689
189663104854
189663111323
189663117305
189663125911
189663132686
189663139888
189663145442
189663153438
189663159907
189663166743
189663172297
189663180537
189663185420
189663194087
189663199824
189663206233
189663213069
189663218196
189663226313
189663232234
189663240474
189663246394
189663252497
189663258601
189663265498
189663272029
189663279658
189663286982
189663292231
189663299800
189663305659
189663311030
189663320063
189663327570
189663332636
189663339167
189663345271
189663350825
189663358393
189663364741
189663371455
189663377009
189663383051
189663389033
189663395075
189663403681
189663411311
189663417353
189663424738
189663431269
189663438349
189663444941
189663450739
189663458368
189663465021
189663471125
189663478327
189663484369
189663491449
189663497431
189663503229
189663510248
189663514704
189663521723
189663528986
189663536676
189663543573
189663551020
189663557123
189663565302
189663570429
189663577753
189663584467
189663589899
189663595819
189663603082
189663608942
189663615412
189663621332
189663628473
189663635492
189663642084
189663649164
189663656122
189663663019
189663669183
189663674493
189663682550
189663688715
189663695673
189663701837
189663708185
189663714349
189663721002
189663727533
189663736688
189663742120
189663749811
189663755426
189663762445
189663769525
189663775018
189663783990
189663791559
189663798150
189663804864
189663811090
189663816949
189663823968
189663830316
189663838739
189663845208
189663852166
189663858392
189663865838
189663873529
189663881036
189663887933
189663894769
189663902520
189663907586
189663914971
189663921868
189663928033
189663935235
189663942254
189663949822
189663956170
189663963250
189663971001
189663978204
189663983819
189663990105
189663997735
189664003594
189664009209
189664016350
189664023675
189664030205
189664036614
189664041680
189664049920
189664055962
189664061883
189664069695
189664076104
189664082390
189664088616
189664096062
189664102959
189664111443
189664118523
189664125847
189664132195
189664139214
189664146660
189664151909
189664158013
189664165398
189664171562
189664177239
189664183159
189664189141
189664196709
189664202507
189664207939
189664216423
189664222344
189664230400
189664236992
189664245049
189664250603
189664257500
189664264580
189664270439
189664278984
189664285576
189664290520
189664298271
189664305046
189664312004
189664319023
189664325554
189664333305
189664339836
189664346062
189664354606
189664360466
189664369194
189664374443
189664380668
189664389274
189664395500
189664402702
189664409782
189664416679
189664424247
189664429985
189664437858
189664444145
189664450859
189664457206
189664464469
189664469535
189664476127
189664482780
189664489555
189664494132
189664502494
189664509696
189664517753
189664523002
189664530448
189664536796
189664546500
189664552421
189664559928
189664566093
189664574210
189664581107
189664588981
189664595695
189664601798
189664609183
189664615958
189664621024
189664629447
189664635978
189664643912
189664650016
189664657035
189664662528
189664669547
189664675467
189664682486
189664689078
189664695792
189664702872
189664710135
189664715751
189664722647
189664728202
189664736441
189664742423
189664748465
189664754813
189664761039
189664768241
189664774954
189664781607
189664789298
189664794608
189664801566
189664808035
189664816092
189664823294
189664829764
189664836966
189664843375
189664850089
189664858145
189664864371
189664871085
189664877554
189664884329
189664891898
189664898550
189664905752
189664913443
189664918570
189664925772
189664933218
189664939200
189664945425
189664951895
189664960074
189664966665
189664974661
189664981924
189664989004
189664995718
189665003225
189665009695
189665017935
189665024160
189665030630
189665037222
189665045156
189665051687
189665058218
189665067739
189665074514
189665081045
189665088003
189665095327
189665101309
189665109487
189665117117
189665123892
189665130239
189665137075
189665144277
189665150198
189665157949
189665164846
189665170583
189665177785
189665184072
189665191152
189665197439
189665203664
189665210317
189665217947
189665222463
189665229360
189665236257
189665240468
189665248098
189665253652
189665261342
189665268789
189665275625
189665281545
189665287832
189665295156
189665301625
189665311025
189665317617
189665323781
189665329152
189665336354
189665342336
189665350881
189665357228
189665363881
189665370656
189665376515
189665383840
189665388967
189665397695
189665404836
189665410634
189665418508
189665424794
189665430653
189665437184
189665445241
189665450307
189665458546
189665464711
189665471608
189665477650
189665484975
189665492604
189665498646
189665505482
189665511220
189665517323
189665523305
189665530324
189665538746
189665544118
189665552113
189665557179
189665564930
189665570668
189665578114
189665584767
189665593068
189665599049
189665606190
189665613148
189665618275
189665625172
189665632374
189665639027
189665644886
189665651478
189665658497
189665664051
189665670582
189665677845
189665684376
189665691395
189665697865
189665704884
189665710133
189665718983
189665726734
189665733021
189665741261
189665746510
189665754688
189665760670
189665765553
189665773121
189665778065
189665783985
189665791370
189665797596
189665805530
189665810413
189665818104
189665824329
189665831287
189665838245
189665845997
189665852161
189665859791
189665866138
189665873768
189665879810
189665886829
189665893177
189665898365
189665905018
189665911670
189665918811
189665924671
189665931385
189665939014
189665943958
189665950244
189665956531
189665963733
189665971668
189665978504
189665984485
189665990222
189665997730
189666005725
189666012195
189666020068
189666027088
189666034534
189666042529
189666051074
189666058398
189666065051
189666070972
189666078113
189666082873
189666089465
189666095813
189666101794
189666110828
189666117114
189666125049
189666131946
189666137866
189666144275
189666153186
189666158435
189666166491
189666171924
189666179431
189666185534
189666193225
189666199511
189666205371
189666211169
189666218493
189666224597
189666231250
189666237719
189666245959
189666253100
189666259265
189666266101
189666272509
189666277453
189666285632
189666292163
189666300280
189666306017
189666312243
189666319933
189666325427
189666331469
189666337450
189666344897
189666351855
189666356921
189666365221
189666370715
189666376391
189666382799
189666391344
189666397265
189666402270
189666409411
189666416064
189666421007
189666427843
189666433581
189666438647
189666445727
189666451708
189666458056
189666463915
189666469530
189666477282
189666485033
189666492357
189666498705
189666505541
189666512133
189666519701
189666525316
189666531847
189666537401
189666543871
189666550768
189666556810
189666564073
189666571825
189666578478
189666584581
189666590868
189666595262
189666602709
189666609667
189666616503
189666622179
189666628221
189666633348
189666639940
189666645067
189666652269
189666659044
189666666246
189666672533
189666678087
189666684251
189666689378
189666695665
189666701402
189666707872
189666714769
189666719163
189666725755
189666730577
189666736436
189666744432
189666749925
189666757554
189666762559
189666770982
189666775316
189666782518
189666788194
189666795335
189666801011
189666808397
189666814866
189666821336
189666826402
189666833787
189666840379
189666847093
189666853196
189666856980
189666865342
189666870591
189666876390
189666883470
189666890672
189666895860
189666901719
189666909043
189666915879
189666921555
189666929185
189666935838
189666942979
189666949448
189666954758
189666961289
189666969163
189666975449
189666980698
189666987290
189666994981
189667000718
189667007371
189667013779
189667020310
189667026780
189667033799
189667040330
189667045456
189667052109
189667059617
189667065964
189667072495
189667077683
189667083420
189667088852
189667095017
189667104294
189667110825
189667116806
189667123032
189667128952
189667133164
189667139878
189667146225
189667153183
189667158798
189667164475
189667169052
189667174973
189667181565
189667188095
189667196030
189667203476
189667209702
189667216477
189667221909
189667228317
189667232834
189667239548
189667247299
189667253525
189667259018
189667265427
189667271713
189667278549
189667284409
189667291733
189667298019
189667305038
189667310531
189667315964
189667322494
189667328354
189667334457
189667340927
189667347824
189667354965
189667359298
189667366134
189667373703
189667381149
189667386642
189667391830
189667398788
189667404098
189667410873
189667416854
189667423751
189667429611
189667435104
189667442611
189667449386
189667454818
189667460678
189667468612
189667474288
189667480148
189667488265
189667493392
189667500594
189667507552
189667513534
189667520675
189667526595
189667532272
189667536361
189667542892
189667550399
189667557235
189667561752
189667568893
189667574447
189667581893
189667587997
189667593612
189667601180
189667607772
189667613936
189667619002
189667626082
189667633101
189667638717
189667646102
189667652450
189667659041
189667666366
189667671920
189667678512
189667685653
189667692244
189667697738
189667704573
189667711104
189667717269
189667722518
189667729903
189667735884
189667742720
189667748763
189667755660
189667762435
189667770552
189667777571
189667784041
189667790145
189667797041
189667804366
189667811690
189667817122
189667824751
189667830672
189667836287
189667841902
189667847334
189667853316
189667858870
189667864180
189667872725
189667877791
189667884322
189667889204
189667896529
189667902510
189667910261
189667916182
189667923201
189667928633
189667934004
189667940535
189667947004
189667952803
189667959700
189667966292
189667972639
189667978865
189667984846
189667990889
189667996626
189668003950
189668009138
189668015974
189668022383
189668028791
189668034590
189668040937
189668047163
189668055891
189668060407
189668067793
189668074323
189668080122
189668085676
189668092634
189668099226
189668104414
189668111433
189668116377
189668123884
189668129560
189668138044
189668141828
189668149335
189668154768
189668160871
189668167829
189668173200
189668179731
189668186201
189668191450
189668199750
189668204267
189668210981
189668219160
189668225141
189668232892
189668237836
189668245160
189668252118
189668257062
189668264264
189668270551
189668277204
189668282819
189668286298
189668293622
189668300336
189668306867
189668313825
189668321088
189668327436
189668334088
189668339887
189668345746
189668354047
189668360639
189668366620
189668372846
189668377912
189668383466
189668390302
189668395429
189668402936
189668410199
189668416486
189668422162
189668428693
189668434003
189668440045
189668446820
189668453534
189668459149
189668466107
189668471661
189668476361
189668482220
189668488202
189668494488
189668502423
189668506940
189668514996
189668519391
189668526959
189668532147
189668538922
189668545086
189668551739
189668558575
189668563580
189668570294
189668577069
189668583355
189668589215
189668595868
189668603009
189668609600
189668616131
189668622906
189668631390
189668636334
189668642559
189668648541
189668655499
189668660565
189668668011
189668675213
189668680584
189668686688
189668692791
189668697247
189668704632
189668713360
189668718792
189668724712
189668730938
189668736614
189668741985
189668747478
189668754009
189668761394
189668766582
189668773724
189668780010
189668786358
189668794781
189668800701
189668807293
189668814861
189668821331
189668827129
189668833050
189668837932
189668846294
189668851482
189668859112
189668866497
189668871685
189668879436
189668884014
189668891277
189668898113
189668904522
189668910015
189668916606
189668921550
189668928691
189668935527
189668941692
189668948711
189668953655
189668961772
189668967082
189668973003
189668980388
189668986614
189668992229
189668997234
189669003276
189669009441
189669015422
189669020549
189669027080
189669033061
189669039287
189669047221
189669051738
189669059245
189669066631
189669072368
189669077434
189669085795
189669091655
189669096721
189669102397
189669109782
189669117717
189669124431
189669129985
189669136149
189669140483
189669147136
189669155375
189669161601
189669167643
189669173930
189669179484
189669185160
189669192057
189669196086
189669204509
189669210185
189669217753
189669223368
189669229777
189669234843
189669242472
189669251872
189669259318
189669264445
189669271342
189669276347
189669283183
189669288615
189669295023
189669301615
189669308024
189669312724
189669320475
189669325480
189669332621
189669340189
189669346720
189669353373
189669359965
189669365946
189669372965
189669377970
189669384928
189669391337
189669397440
189669403177
189669410197
189669414713
189669422342
189669430094
189669437479
189669444254
189669448404
189669453714
189669460734
189669468668
189669474283
189669482279
189669487406
189669493082
189669500345
189669505289
189669512308
189669521158
189669527750
189669535196
189669543192
189669549478
189669555277
189669561014
189669567728
189669575723
189669582193
189669588907
189669593607
189669601724
189669609842
189669615457
189669623148
189669628580
189669634622
189669640115
189669648050
189669654214
189669663248
189669669107
189669677286
189669683816
189669687540
189669695291
189669701578
189669707254
189669714944
189669722757
189669730264
189669735330
189669744241
189669752847
189669759805
189669767556
189669773660
189669781533
189669787576
189669792703
189669800332
189669806070
189669814004
189669818948
189669826150
189669833230
189669839028
189669845193
189669850198
189669858193
189669864541
189669872109
189669877419
189669884072
189669891580
189669898110
189669906716
189669912270
189669920876
189669926614
189669934609
189669940713
189669947915
189669953835
189669962014
189669968117
189669976052
189669982461
189669988381
189669995583
189670001931
189670009194
189670015359
189670020608
189670028420
189670034707
189670040200
189670048073
189670053505
189670060097
189670066384
189670072609
189670080178
189670088723
189670095070
189670101723
189670108498
189670115456
189670122597
189670129311
189670135536
189670143654
189670149513
189670155007
189670161537
189670167824
189670175392
189670181618
189670187233
189670195473
189670201637
189670207863
189670214638
189670221046
189670228066
189670236000
189670241554
189670250099
189670255531
189670263832
189670270180
189670277748
189670284035
189670290565
189670298317
189670305031
189670312660
189670318825
189670327003
189670331825
189670340248
189670347694
189670353859
189670360878
189670366432
189670373207
189670380287
189670385780
189670394203
189670399391
189670406227
189670411354
189670419288
189670426002
189670432228
189670439430
189670446205
189670453163
189670458656
189670466529
189670472511
189670479408
189670486549
189670493263
189670500587
189670506873
189670513404
189670519935
189670526954
189670532935
189670538734
189670545264
189670553748
189670559974
189670565589
189670573157
189670578590
189670584693
189670591102
189670598182
189670605323
189670611732
189670619971
189670625586
189670631934
189670637732
189670644141
189670651404
189670658728
189670665076
189670671790
189670678382
189670684790
189670691321
189670699378
189670708777
189670716407
189670722693
189670728919
189670734717
189670742652
189670749426
189670756262
189670762854
189670770606
189670776526
189670783545
189670789343
189670796179
189670802588
189670809302
189670817053
189670822607
189670830054
189670837561
189670845007
189670851599
189670858374
189670864600
189670870337
189670878027
189670885901
189670893347
189670900671
189670905859
189670911841
189670918982
189670926001
189670933203
189670939856
189670946203
189670952612
189670958349
189670965673
189670972754
189670978064
189670985083
189670993078
189670999121
189671005773
189671010534
189671019140
189671025427
189671031286
189671039343
189671045996
189671052648
189671059423
189671065710
189671070715
189671078466
189671087194
189671092870
189671098852
189671105566
189671111486
189671118444
189671126012
189671131322
189671138891
189671145116
189671152502
189671158117
189671164159
189671169591
189671176122
189671185033
189671190343
189671198644
189671204381
189671210912
189671216466
189671223546
189671229772
189671236669
189671243505
189671251378
189671256627
189671262792
189671271276
189671278112
189671284887
189671291967
189671297765
189671304540
189671310338
189671317845
189671325597
189671332677
189671339147
189671344579
189671350926
189671357701
189671362767
189671369237
189671376134
189671383214
189671388646
189671396886
189671404454
189671409520
189671418004
189671425084
189671431676
189671438390
189671445775
189671451878
189671459874
189671464452
189671472691
189671481602
189671487767
189671495274
189671501805
189671506993
189671515538
189671521031
189671527501
189671534947
189671541173
189671546788
189671553135
189671559727
189671567540
189671573826
189671580357
189671585850
189671592442
189671598301
189671607395
189671613011
189671618992
189671625950
189671633885
189671638584
189671646641
189671652256
189671660496
189671667210
189671673679
189671679844
189671686802
189671693028
189671699070
189671707798
189671712925
189671719273
189671725803
189671733250
189671738255
189671745396
189671751438
189671759190
189671765842
189671771946
189671778660
189671785618
189671792271
189671799473
189671805698
189671811924
189671817051
189671825229
189671830356
189671838169
189671845066
189671871311
189671879673
189671886081
189671894016
189671900852
189671906467
189671913669
189671919162
189671925449
189671933567
189671938877
189671946567
189671954379
189671962253
189671969272
189671976047
189671979953
189671988559
189671994968
189672002780
189672008090
189672014316
189672021457
189672027682
189672034763
189672041965
189672048312
189672055820
189672061557
189672068881
189672075656
189672082736
189672089145
189672095004
189672101657
189672109530
189672115146
189672121493
189672128268
189672134555
189672142062
189672149936
189672156527
189672163546
189672169894
189672175509
189672183017
189672188754
189672197055
189672203158
189672210421
189672216159
189672224154
189672229952
189672236605
189672243319
189672249484
189672256686
189672264071
189672269259
189672276766
189672282137
189672288302
189672295809
189672303561
189672309237
189672316805
189672323885
189672330721
189672337618
189672345064
189672351473
189672359103
189672364413
189672371554
189672378756
189672386080
189672392794
189672400179
189672406283
189672413729
189672419710
189672425264
189672431612
189672439058
189672445711
189672452364
189672457857
189672463594
189672469271
189672478182
189672486177
189672493380
189672499727
189672505464
189672512178
189672519747
189672527193
189672533541
189672540560
189672548128
189672553865
189672561922
189672567537
189672574129
189672581514
189672589388
189672595247
189672602327
189672608064
189672614656
189672621919
189672629488
189672637544
189672642854
189672649812
189672657747
189672664217
189672670320
189672676546
189672682893
189672688142
189672696626
189672702852
189672709138
189672717378
189672723298
189672730012
189672737520
189672742891
189672748384
189672756196
189672762788
189672770173
189672776094
189672782319
189672788728
189672795320
189672801911
189672810090
189672816743
189672822724
189672828645
189672835969
189672841340
189672850007
189672856843
189672864594
189672870942
189672875337
189672882539
189672887238
189672894196
189672899995
189672908051
189672914399
189672920686
189672928620
189672935456
189672942292
189672949555
189672956818
189672963288
189672969819
189672977448
189672983063
189672991425
189672997590
189673004853
189673011139
189673018220
189673024628
189673031098
189673036042
189673043671
189673049897
189673055695
189673063263
189673070954
189673077973
189673084076
189673091278
189673097870
189673102570
189673109772
189673116974
189673124665
189673131684
189673138764
189673146332
189673152374
189673159821
189673167145
189673173493
189673180206
189673188141
189673194672
189673202118
189673207977
189673215973
189673221832
189673228973
189673237030
189673246979
189673256500
189673261444
189673269073
189673275116
189673281219
189673288360
189673295746
189673302826
189673308868
189673315887
189673321319
189673328705
189673336883
189673342804
189673348907
189673356781
189673363433
189673370452
189673376800
189673382843
189673390594
189673396453
189673402984
189673410064
189673417388
189673423004
189673430633
189673436370
189673445709
189673450652
189673457733
189673463348
189673468719
189673477386
189673483001
189673489410
189673497894
189673504058
189673512359
189673518035
189673526092
189673532195
189673538238
189673545684
189673553252
189673561126
189673566436
189673574676
189673580169
189673586700
189673594634
189673602630
189673608611
189673614348
189673621673
189673628325
189673634856
189673640166
189673646697
189673654143
189673660552
189673668364
189673675505
189673681487
189673687957
189673693267
189673700652
189673706511
189673715361
189673721221
189673727202
189673733184
189673739470
189673747161
189673754790
189673760405
189673768340
189673774504
189673779814
189673785979
189673793242
189673799406
189673805998
189673813872
189673821684
189673827605
189673832182
189673839690
189673844755
189673851042
189673858855
189673865629
189673871977
189673878508
189673886015
189673891569
189673898588
189673904143
189673913298
189673919340
189673926176
189673932829
189673939604
189673946257
189673953825
189673961332
189673967924
189673974760
189673980925
189673985990
189673993009
189673999662
189674007109
189674014006
189674021269
189674027860
189674035002
189674040800
189674047514
189674054106
189674060270
189674066374
189674073759
189674078886
189674086454
189674092985
189674100431
189674108549
189674114286
189674120512
189674127897
189674135648
189674141813
189674150419
189674156461
189674163602
189674170316
189674177091
189674183866
189674189908
189674196378
189674202421
189674209501
189674215177
189674221464
189674227201
189674233609
189674241422
189674248014
189674255094
189674261747
189674268766
189674276029
189674282987
189674288724
189674296231
189674303434
189674310025
189674315213
189674323514
189674330899
189674339017
189674345853
189674350675
189674358060
189674363736
189674372952
189674379666
189674386807
189674394070
189674399258
189674406949
189674413174
189674420071
189674426663
189674433255
189674440640
189674446744
189674452603
189674460049
189674467068
189674473538
189674480801
189674486355
189674493130
189674497098
189674505520
189674512417
189674519009
189674525235
189674531826
189674539090
189674546597
189674551358
189674558438
189674566372
189674573452
189674578457
189674585476
189674591580
189674597500
189674605007
189674611904
189674618984
189674625759
189674631314
189674637600
189674644375
189674652126
189674659390
189674666348
189674672329
189674680264
189674686367
189674693142
189674699490
189674705166
189674712673
189674718838
189674726528
189674731106
189674740749
189674747097
189674755276
189674762173
189674768459
189674774807
189674781154
189674785976
189674792385
189674800136
189674806911
189674811794
189674819545
189674826015
189674832241
189674837917
189674845913
189674852199
189674858974
189674866176
189674872585
189674879543
189674886623
189674893093
189674901943
189674907985
189674915004
189674921413
189674927822
189674933925
189674939662
189674947841
189674955287
189674960964
189674969264
189674975124
189674982753
189674989833
189674996669
189675004359
189675010097
189675018214
189675024257
189675031215
189675037562
189675046535
189675052516
189675059657
189675065700
189675072963
189675080653
189675086452
189675094447
189675102321
189675107692
189675116298
189675123500
189675129115
189675137782
189675143153
189675149318
189675156398
189675162196
189675167933
189675175441
189675182643
189675188319
189675195338
189675200465
189675207362
189675213160
189675220484
189675227381
189675233363
189675240870
189675245692
189675253932
189675259547
189675267176
189675273707
189675281214
189675287135
189675294215
189675301783
189675309351
189675315882
189675325098
189675331568
189675339686
189675345362
189675352381
189675358179
189675363184
189675370630
189675377466
189675381922
189675388575
189675394800
189675401880
189675408899
189675414820
189675420862
189675428492
189675435877
189675442530
189675450281
189675456385
189675463648
189675470362
189675479029
189675484278
189675490564
189675497583
189675503321
189675511804
189675517847
189675522425
189675529749
189675537927
189675544153
189675552393
189675558984
189675565820
189675572107
189675578943
189675585779
189675594080
189675600183
189675607263
189675614221
189675621301
189675628015
189675633203
189675640283
189675646875
189675654138
189675661767
189675667871
189675675867
189675682031
189675688989
189675695520
189675701196
189675707849
189675715112
189675721093
189675726587
189675732690
189675739465
189675745141
189675753442
189675759668
189675766137
189675773339
189675779565
189675785546
189675793054
189675798486
189675804711
189675813806
189675818994
189675825646
189675831872
189675841332
189675848168
189675854577
189675861840
189675867761
189675874841
189675882653
189675891076
189675897546
189675903466
189675909570
189675917382
189675924767
189675929955
189675938134
189675943871
189675951928
189675956933
189675964501
189675969872
189675977196
189675983361
189675991234
189675996850
189676004357
189676012230
189676019860
189676026391
189676033776
189676040429
189676048668
189676054222
189676062035
189676069664
189676075157
189676081932
189676088585
189676094384
189676100914
189676108544
189676114769
189676121117
189676127709
189676133995
189676141564
189676148338
189676153710
189676161156
189676168785
189676176476
189676183373
189676190086
189676196190
189676203026
189676209862
189676217186
189676224022
189676232140
189676239159
189676244591
189676251182
189676258446
189676264244
189676270775
189676278526
189676285484
189676291466
189676299034
189676304588
189676310325
189676316551
189676323204
189676329185
189676336204
189676340538
189676348350
189676354576
189676362571
189676368675
189676376609
189676382713
189676388938
189676395835
189676402732
189676408531
189676418052
189676424339
189676430686
189676436912
189676442832
189676450401
189676456870
189676465232
189676471092
189676478111
189676484946
189676491050
189676497703
189676503501
189676512168
189676518150
189676523704
189676529075
189676536033
189676542319
189676548240
189676555137
189676563804
189676569968
189676575706
189676580771
189676588462
189676596335
189676603171
189676610801
189676615989
189676623679
189676631186
189676637534
189676644553
189676652732
189676659995
189676665305
189676671897
189676677207
189676684165
189676690207
189676697043
189676704856
189676710410
189676717063
189676723410
189676726950
189676736044
189676742819
189676749350
189676756308
189676764731
189676770163
189676777914
189676785544
189676791281
189676798544
189676804709
189676812765
189676819846
189676825766
189676833029
189676839926
189676847555
189676855185
189676862265
189676868857
189676875265
189676880331
189676887045
189676893332
189676901877
189676908407
189676913900
189676921896
189676928732
189676933615
189676939901
189676947287
189676954611
189676961508
189676968161
189676973715
189676980612
189676988851
189676995016
189677001303
189677008322
189677013204
189677021078
189677028158
189677034384
189677041647
189677047567
189677055013
189677060995
189677068014
189677074117
189677081686
189677088277
189677095358
189677101095
189677107687
189677113119
189677118490
189677126241
189677132833
189677140279
189677146932
189677154439
189677162008
189677168783
189677176412
189677184469
189677191243
189677197286
189677204732
189677211080
189677217794
189677225484
189677232503
189677237691
189677244893
189677252462
189677258321
189677263692
189677270467
189677277730
189677284322
189677291829
189677298909
189677305196
189677310750
189677318196
189677325826
189677331075
189677339009
189677346456
189677352925
189677357808
189677366414
189677375386
189677380696
189677388570
189677395284
189677404012
189677410420
189677416341
189677425252
189677430562
189677439168
189677445088
189677451741
189677458272
189677465840
189677471699
189677478718
189677484334
189677491658
189677497517
189677506489
189677514546
189677520832
189677526265
189677532368
189677539936
189677545857
189677553547
189677561543
189677567341
189677574604
189677581440
189677587239
189677593952
189677600056
189677606159
189677613423
189677619892
189677628437
189677635456
189677641377
189677649738
189677655598
189677662067
189677669209
189677674152
189677680744
189677687092
189677692707
189677701130
189677707233
189677713642
189677721455
189677726093
189677734577
189677740803
189677748981
189677755573
189677762287
189677768940
189677775532
189677783832
189677789936
189677797931
189677804279
189677810260
189677817585
189677824909
189677830097
189677838642
189677844318
189677852375
189677858783
189677863483
189677871112
189677876483
189677884174
189677889972
189677896015
189677902240
189677908100
189677914264
189677922565
189677929767
189677938373
189677945148
189677951556
189677958087
189677966083
189677971942
189677979449
189677985736
189677994220
189677998676
189678005634
189678012408
189678019000
189678025653
189678032123
189678040607
189678046100
189678052081
189678059039
189678063556
189678071429
189678077960
189678085040
189678091449
189678099444
189678103167
189678111224
189678117022
189678124896
189678131610
189678137591
189678143756
189678150042
189678158770
189678164813
189678172076
189678177691
189678185748
189678191912
189678197711
189678204791
189678211627
189678216876
189678224322
189678232379
189678239031
189678244830
189678251177
189678257586
189678263079
189678268877
189678275591
189678282427
189678289690
189678295733
189678301226
189678308550
189678316668
189678322771
189678328631
189678335100
189678341692
189678347430
189678353777
189678362627
189678370012
189678375872
189678383379
189678389300
189678395281
189678403338
189678408587
189678415056
189678421770
189678427202
189678432940
189678439531
189678444536
189678452532
189678458696
189678466204
189678472063
189678478472
189678483171
189678491350
189678499040
189678507341
189678513445
189678521379
189678526994
189678534807
189678540056
189678547807
189678555193
189678562151
189678568376
189678575334
189678582292
189678587907
189678596025
189678604509
189678609697
189678617021
189678623796
189678630449
189678636430
189678643815
189678651079
189678658098
189678664812
189678670427
189678677385
189678684770
189678691240
189678698259
189678704911
189678710954
189678717241
189678724504
189678731218
189678738237
189678744828
189678751725
189678758439
189678764543
189678773820
189678779252
189678787309
189678795182
189678801408
189678808122
189678815019
189678821794
189678828446
189678834855
189678840775
189678846146
189678851518
189678857438
189678864640
189678870377
189678876603
189678885636
189678892472
189678898270
189678905167
189678910538
189678917985
189678923783
189678931657
189678939408
189678946976
189678953568
189678960221
189678967240
189678973282
189678980057
189678987504
189678994095
189678998002
189679005448
189679012528
189679018143
189679024125
189679031449
189679037552
189679043473
189679049454
189679057206
189679062760
189679069596
189679074906
189679083084
189679089005
189679097061
189679103104
189679110550
189679118302
189679126846
189679134171
189679140762
189679148209
189679152359
189679160538
189679166885
189679172745
189679180618
189679188065
189679195328
189679202042
189679209366
189679216751
189679223343
189679230057
189679236893
189679242081
189679248794
189679254165
189679261978
189679268509
189679276199
189679280594
189679286575
189679292556
189679299698
189679307998
189679314468
189679321914
189679328018
189679336685
189679342300
189679349563
189679356155
189679364944
189679371536
189679377883
189679385269
189679392227
189679398452
189679404739
189679411514
189679419143
189679423843
189679431411
189679438186
189679444717
189679449538
189679457107
189679464187
189679470290
189679477065
189679485000
189679490493
189679498672
189679504287
189679510635
189679517715
189679525283
189679531203
189679538589
189679545119
189679552566
189679560500
189679567824
189679572585
189679576980
189679585280
189679592360
189679598403
189679605727
189679611342
189679618789
189679624953
189679630324
189679638564
189679645644
189679651625
189679657057
189679663100
189679669020
189679676955
189679684462
189679690016
189679696547
189679704360
189679711196
189679717604
189679723708
189679731154
189679736464
189679744582
189679750136
189679757460
189679764479
189679772353
189679776991
189679785902
189679792067
189679799940
189679805861
189679811537
189679817885
189679823561
189679830031
189679836317
189679844923
189679850783
189679855848
189679862623
189679867506
189679874159
189679882887
189679890516
189679895643
189679903151
189679910536
189679915480
189679923536
189679929579
189679938490
189679945387
189679952772
189679959486
189679967482
189679975233
189679984754
189679991041
189679995558
189680003980
189680010633
189680015882
189680023329
189680029432
189680035963
189680042066
189680049390
189680054456
189680061353
189680068922
189680078199
189680084058
189680090223
189680096693
189680103162
189680108289
189680115613
189680122755
189680129346
189680136121
189680142774
189680151380
189680157178
189680164380
189680173353
189680179456
189680187024
189680192029
189680199170
189680204297
189680212659
189680220472
189680228223
189680234327
189680240613
189680247083
189680253064
189680258557
189680266553
189680273023
189680279370
189680286206
189680292554
189680301038
189680308606
189680316419
189680324964
189680331067
189680338941
189680345105
189680351209
189680358655
189680365186
189680373792
189680380566
189680388501
189680395276
189680402905
189680408032
189680416577
189680421765
189680427869
189680435437
189680441418
189680447278
189680455334
189680462170
189680466992
189680473828
189680480542
189680487195
189680492505
189680500073
189680508130
189680516125
189680522595
189680529187
189680536389
189680541333
189680549267
189680555615
189680564343
189680570446
189680578137
189680582714
189680591747
189680598217
189680606884
189680612866
189680619152
189680627087
189680633190
189680637768
189680643932
189680651562
189680659008
189680663525
189680671093
189680675549
189680684154
189680690136
189680695507
189680702221
189680710033
189680715404
189680721752
189680731457
189680737499
189680746471
189680753856
189680761059
189680765819
189680772289
189680779735
189680786876
189680795971
189680802013
189680808300
189680815807
189680820446
189680828380
189680835399
189680841136
189680849498
189680854930
189680861278
189680868114
189680875377
189680881175
189680888805
189680894603
189680900585
189680907726
189680913707
189680919017
189680926708
189680933238
189680941356
189680947521
189680953685
189680960033
189680965892
189680972057
189680981639
189680988353
189680995311
189681001720
189681007701
189681014232
189681020824
189681028148
189681035106
189681041026
189681048900
189681054332
189681060924
189681065928
189681073558
189681080333
189681086985
189681093089
189681098277
189681104441
189681111583
189681118235
189681125987
189681132396
189681137950
189681144603
189681152232
189681158885
189681165293
189681172801
189681180491
189681185679
189681193369
189681198618
189681206004
189681211497
189681218699
189681226450
189681232432
189681237864
189681244639
189681250498
189681255381
189681262888
189681269236
189681276621
189681282542
189681288889
189681296702
189681301646
189681308665
189681316721
189681322886
189681330759
189681338022
189681344004
189681349619
189681357798
189681365183
189681373301
189681379648
189681386973
189681391672
189681398874
189681406504
189681413218
189681420847
189681427195
189681434397
189681442209
189681448740
189681454599
189681461923
189681468759
189681475656
189681481027
189681486887
189681492563
189681500742
189681506174
189681512644
189681520395
189681527109
189681532419
189681540720
189681548959
189681555246
189681561472
189681569528
189681576547
189681582162
189681589059
189681595712
189681602487
189681609323
189681617197
189681622507
189681631662
189681637643
189681643686
189681650155
189681657907
189681664926
189681670358
189681676828
189681682992
189681689523
189681698434
189681705514
189681713998
189681719186
189681727792
189681735910
189681741220
189681749459
189681754830
189681762948
189681769174
189681775704
189681782907
189681790109
189681796273
189681801888
189681809762
189681816049
189681823373
189681827523
189681834969
189681842660
189681848336
189681855782
189681861459
189681867745
189681874886
189681880074
189681888436
189681893258
189681899605
189681907540
189681914132
189681919747
189681926217
189681932564
189681941231
189681947274
189681954415
189681961983
189681968392
189681977364
189681985787
189681991951
189681998055
189682006478
189682010872
189682019539
189682025582
189682033577
189682039742
189682045296
189682050972
189682056526
189682062447
189682067269
189682076180
189682083504
189682089241
189682096016
189682100777
189682108284
189682114143
189682119698
189682128243
189682134102
189682140450
189682148750
189682152840
189682160957
189682167610
189682176155
189682181282
189682188911
189682195015
189682201057
189682207405
189682214424
189682221687
189682228096
189682234443
189682242439
189682248420
189682254646
189682260139
189682267708
189682274605
189682279670
189682285713
189682293525
189682300789
189682306404
189682312385
189682319954
189682325996
189682331916
189682338874
189682345893
189682351387
189682359199
189682365852
189682373725
189682380134
189682386176
189682392219
189682398322
189682406074
189682412849
189682419257
189682426582
189682432868
189682439033
189682445991
189682453132
189682460029
189682466438
189682471809
189682478095
189682484809
189682490058
189682496650
189682504096
189682512763
189682518561
189682525947
189682531196
189682538703
189682544440
189682550788
189682558051
189682565925
189682572028
189682578864
189682585151
189682592414
189682598639
189682606025
189682613410
189682621283
189682626837
189682633918
189682639472
189682644782
189682653510
189682659735
189682665717
189682672248
189682678900
189682684577
189682691596
189682697089
189682705267
189682711066
189682718512
189682725958
189682731390
189682738043
189682745856
189682753485
189682758063
189682766241
189682773627
189682780707
189682787176
189682794989
189682802008
189682808111
189682814642
189682822088
189682827276
189682833807
189682841437
189682847479
189682853460
189682859808
189682867010
189682874884
189682880987
189682888556
189682894842
189682898993
189682906988
189682911322
189682919989
189682926397
189682935369
189682940740
189682948492
189682955816
189682959783
189682968145
189682975042
189682981451
189682988836
189682994634
189683001592
189683008917
189683013799
189683022649
189683030950
189683038091
189683044744
189683050054
189683057073
189683063177
189683068792
189683074407
189683083074
189683089422
189683095769
189683102910
189683109746
189683116338
189683123601
189683130010
189683136052
189683143682
189683151250
189683156255
189683163274
189683170659
189683177984
189683184453
189683190374
189683197698
189683203069
189683208806
189683215215
189683223088
189683228582
189683235662
189683240972
189683248052
189683256047
189683261724
189683268865
189683276372
189683280705
189683288030
189683294316
189683301152
189683307622
189683313359
189683321416
189683328130
189683335393
189683342046
189683346867
189683355534
189683362370
189683369389
189683377019
189683382573
189683390324
189683397099
189683403081
189683408635
189683416325
189683423588
189683430302
189683434392
189683441777
189683449833
189683456364
189683463200
189683470341
189683478215
189683483708
189683488957
189683496098
189683503666
189683510014
189683517338
189683524479
189683530644
189683538334
189683543888
189683553288
189683559819
189683566227
189683572514
189683578617
189683585026
189683592777
189683599308
189683606205
189683614323
189683620548
189683627079
189683635075
189683642277
189683649906
189683654972
189683662357
189683669071
189683675297
189683683536
189683689091
189683696171
189683702640
189683709537
189683715885
189683722721
189683730533
189683737919
189683743961
189683751835
189683759281
189683765140
189683773014
189683776981
189683786319
189683792911
189683800235
189683804752
189683812137
189683819828
189683825382
189683832462
189683840457
189683846256
189683852237
189683858341
189683865543
189683871219
189683878909
189683887088
189683893680
189683901981
189683907840
189683915286
189683920779
189683927188
189683934451
189683942203
189683946719
189683954166
189683961002
189683967654
189683973758
189683981876
189683988528
189683994632
189684001529
189684008060
189684014468
189684020267
189684025882
189684034121
189684040103
189684046939
189684053775
189684060489
189684067325
189684073428
189684080142
189684086001
189684094546
189684102298
189684108340
189684115725
189684122622
189684128848
189684135623
189684143008
189684149295
189684154483
189684162417
189684170962
189684176516
189684182620
189684189211
189684195620
189684202334
189684210146
189684216311
189684224490
189684230288
189684235049
189684242007
189684247256
189684255618
189684262148
189684270510
189684276369
189684282900
189684288149
189684294253
189684299441
189684307741
189684314516
189684321169
189684328127
189684334047
189684340090
189684347597
189684354189
189684359316
189684367739
189684373903
189684380434
189684385744
189684393862
189684399904
189684406435
189684412661
189684420717
189684427492
189684432619
189684439943
189684445497
189684453005
189684459658
189684465883
189684473757
189684480776
189684487856
189684493776
189684498903
189684506410
189684512270
189684519228
189684526186
189684532594
189684537721
189684546327
189684554262
189684561891
189684566774
189684574647
189684580873
189684587404
189684594545
189684601137
189684607912
189684613893
189684620912
189684628358
189684633424
189684641176
189684647462
189684653505
189684659608
189684666017
189684672853
189684678346
189684686891
189684693666
189684700441
189684707093
189684714418
189684720948
189684728395
189684735169
189684742005
189684750123
189684756593
189684761903
189684769471
189684775086
189684781739
189684789735
189684797120
189684801637
189684808961
189684814637
189684820618
189684827515
189684832887
189684841004
189684847169
189684852906
189684859986
189684865418
189684871888
189684877564
189684885071
189684892579
189684899598
189684905213
189684911561
189684919007
189684926026
189684932068
189684940308
189684946412
189684954163
189684959900
189684967774
189684975342
189684982361
189684989563
189684995606
189685001282
189685009156
189685015137
189685022217
189685029175
189685035157
189685040711
189685047791
189685055054
189685061096
189685065796
189685074890
189685082276
189685087952
189685094177
189685100586
189685107605
189685114319
189685122925
189685128723
189685135010
189685142273
189685149231
189685155945
189685161682
189685169922
189685176392
189685183044
189685189453
189685195557
189685204040
189685211365
189685217895
189685225952
189685231872
189685239685
189685243591
189685250854
189685257507
189685263916
189685270324
189685279358
189685286682
189685293701
189685301269
189685306579
189685314331
189685320129
189685328857
189685335998
189685341430
189685348815
189685355712
189685363952
189685370300
189685376586
189685382812
189685388793
189685394836
189685402160
189685408019
189685416869
189685422973
189685430663
189685436645
189685444274
189685451720
189685458556
189685464721
189685472411
189685476806
189685484679
189685490172
189685496886
189685504882
189685511107
189685517821
189685524413
189685530883
189685537902
189685544860
189685553710
189685560607
189685567504
189685574279
189685580260
189685587279
189685593383
189685601317
189685608092
189685613951
189685621031
189685626525
189685633300
189685638671
189685647338
189685654418
189685661315
189685667784
189685673155
189685677733
189685684264
189685692015
189685698119
189685704161
189685710570
189685716979
189685723998
189685730467
189685736449
189685743468
189685751158
189685757933
189685764098
189685772093
189685777891
189685785887
189685792540
189685799803
189685804259
189685811949
189685818846
189685823546
189685831053
189685836973
189685844236
189685851744
189685857054
189685862913
189685870176
189685874815
189685882261
189685889647
189685896910
189685902403
189685909422
189685915525
189685921446
189685927366
189685935667
189685944151
189685948179
189685956907
189685963499
189685968626
189685976255
189685982542
189685989134
189685995237
189686002317
189686009519
189686015134
189686022337
189686029966
189686036924
189686042783
189686049314
189686055601
189686059812
189686066465
189686073911
189686080991
189686087766
189686095212
189686102048
189686109983
189686117063
189686123533
189686129697
189686136167
189686142881
189686150937
189686156858
189686164426
189686170957
189686179013
189686185483
189686192197
189686198117
189686204709
189686212278
189686218564
189686226682
189686232724
189686240354
189686247129
189686254453
189686261472
189686267941
189686274045
189686281796
189686286923
189686295224
189686301267
189686308530
189686314694
189686323666
189686329892
189686334775
189686341489
189686348569
189686355832
189686362912
189686368832
189686376950
189686382321
189686389889
189686397763
189686404477
189686411618
189686419491
189686426632
189686432065
189686439023
189686444821
189686452084
189686459591
189686464596
189686471432
189686478329
189686484311
189686489987
189686497494
189686506405
189686512631
189686518673
189686524349
189686530819
189686538754
189686546688
189686552304
189686560116
189686566708
189686574276
189686581173
189686588009
189686595455
189686603817
189686610043
189686616573
189686624264
189686630550
189686636959
189686642940
189686648373
189686655453
189686661434
189686668209
189686675960
189686681332
189686688228
189686695370
189686701595
189686707454
189686714046
189686720089
189686727047
189686733944
189686740230
189686748287
189686755855
189686762142
189686769954
189686775631
189686783016
189686791317
189686797481
189686803524
189686812130
189686818660
189686826107
189686833248
189686840023
189686848018
189686853938
189686859126
189686865840
189686873287
189686879390
189686888057
189686893855
189686901363
189686907161
189686913020
189686920406
189686925594
189686933223
189686941463
189686947871
189686954402
189686961421
189686967952
189686974361
189686982539
189686989619
189686995784
189687003108
189687007930
189687014400
189687019893
189687028377
189687033687
189687041499
189687047542
189687053584
189687060237
189687066584
189687074092
189687079890
189687087397
189687094905
189687101252
189687107356
189687114558
189687122309
189687142329
189687149104
189687156550
189687163752
189687170954
189687177729
189687185236
189687191096
189687197749
189687204157
189687210505
189687217890
189687223078
189687229609
189687235468
189687242670
189687250483
189687255427
189687261469
189687268366
189687275080
189687282770
189687288141
189687295527
189687302973
189687309504
189687315729
189687323664
189687330561
189687337641
189687344294
189687350336
189687357416
189687364191
189687372614
189687377924
189687385248
189687392817
189687400507
189687407343
189687414484
189687420771
189687426752
189687433527
189687439691
189687446405
189687453974
189687459711
189687466547
189687472650
189687479425
189687487055
189687493524
189687500726
189687508539
189687515009
189687522638
189687528253
189687535760
189687542535
189687549127
189687556573
189687564325
189687570734
189687577325
189687583063
189687588006
189687596185
189687602228
189687608636
189687615594
189687622308
189687629022
189687634698
189687641839
189687647821
189687654107
189687661859
189687668084
189687674249
189687681695
189687690301
189687697686
189687703729
189687710260
189687716363
189687725152
189687731195
189687739862
189687747186
189687753167
189687758965
189687766839
189687772027
189687778863
189687786309
189687792901
189687798516
189687805657
189687810845
189687817254
189687823785
189687831719
189687837090
189687843255
189687850396
189687856316
189687861199
189687868890
189687875420
189687882622
189687890496
189687896905
189687901726
189687908318
189687915215
189687923028
189687931145
189687936638
189687942803
189687950432
189687956353
189687962334
189687969231
189687976250
189687982048
189687989678
189687994500
189688002434
189688007439
189688013970
189688021904
189688028252
189688035820
189688042534
189688049675
189688056023
189688062248
189688068779
189688075981
189688082817
189688089470
189688096733
189688103508
189688110100
189688116631
189688123283
189688129509
189688136284
189688142937
189688150322
189688156425
189688162956
189688171440
189688177482
189688184746
189688192314
189688197258
189688205009
189688210991
189688217766
189688223198
189688231010
189688236381
189688243034
189688250114
189688258781
189688265373
189688271843
189688279045
189688283866
189688291069
189688298759
189688304069
189688311576
189688317680
189688324333
189688329948
189688337211
189688344779
189688353568
189688361137
189688367179
189688375480
189688381645
189688386405
189688394462
189688400687
189688406913
189688414970
189688420951
189688428886
189688434135
189688440421
189688449027
189688455985
189688463248
189688468803
189688474357
189688481376
189688487906
189688494864
189688501517
189688509208
189688515738
189688521842
189688526603
189688533500
189688541800
189688548758
189688554435
189688562980
189688569449
189688577079
189688582022
189688588919
189688597831
189688604178
189688611380
189688616751
189688623587
189688629202
189688637869
189688644339
189688651785
189688658988
189688664176
189688671073
189688678275
189688684439
189688690787
189688696768
189688703543
189688710379
189688717398
189688723441
189688730765
189688738882
189688744925
189688750967
189688757864
189688765494
189688770437
189688778677
189688784781
189688791739
189688799185
189688806204
189688810782
189688818228
189688825979
189688833548
189688840139
189688845755
189688852530
189688859854
189688865042
189688872427
189688881521
189688887747
189688892813
189688900137
189688905752
189688913259
189688918630
189688926687
189688933523
189688940115
189688947134
189688951772
189688960439
189688967703
189688973379
189688980581
189688988271
189688994375
189689002126
189689008047
189689016531
189689023489
189689030508
189689036428
189689042715
189689048818
189689054861
189689062551
189689068288
189689075124
189689082570
189689089162
189689095449
189689101308
189689109548
189689116140
189689123586
189689129873
189689136525
189689144277
189689151113
189689157216
189689164968
189689171865
189689178517
189689185659
189689192372
189689200246
189689205861
189689214345
189689226979
189689238759
189689247975
189689256642
189689263844
189689271474
189689277516
189689283376
189689290822
189689296071
189689304128
189689310292
189689317860
189689326344
189689331349
189689338490
189689345570
189689351186
189689358876
189689364918
189689372059
189689379811
189689387929
189689393849
189689401051
189689407155
189689414174
189689421437
189689427907
189689433827
189689440724
189689446217
189689453785
189689461049
189689468495
189689473561
189689481678
189689487110
189689493031
189689500782
189689506581
189689512684
189689520436
189689527027
189689535023
189689541432
189689547413
189689554859
189689560780
189689567555
189689575367
189689583180
189689589588
189689595753
189689603077
189689609119
189689616993
189689623890
189689629688
189689636463
189689643482
189689648792
189689656422
189689664112
189689669971
189689676624
189689684437
189689690845
189689696888
189689703724
189689710438
189689716785
189689724048
189689730396
189689736133
189689744068
189689753223
189689759204
189689767017
189689772144
189689778064
189689786609
189689793506
189689800403
189689807117
189689813526
189689820301
189689827564
189689834522
189689843189
189689849780
189689856922
189689862476
189689869861
189689876087
189689881336
189689888904
189689897205
189689903003
189689910754
189689916980
189689922717
189689929065
189689935901
189689942920
189689949695
189689955737
189689962817
189689969592
189689977038
189689983020
189689991565
189689998279
189690004931
189690012011
189690017077
189690025683
189690032641
189690040942
189690046985
189690054614
189690061328
189690067736
189690072680
189690078418
189690086291
189690093127
189690099475
189690106616
189690114550
189690120776
189690128283
189690134875
189690142809
189690150744
189690156115
189690163500
189690168688
189690175219
189690183337
189690190539
189690197009
189690203417
189690209582
189690215868
189690222643
189690228869
189690236376
189690242785
189690248522
189690253771
189690260790
189690266711
189690273058
189690281298
189690285998
189690291430
189690298815
189690304857
189690312426
189690318285
189690326891
189690334581
189690340685
189690348070
189690354235
189690360826
189690367540
189690376329
189690382433
189690388475
189690396044
189690402147
189690409349
189690416307
189690424059
189690430162
189690435961
189690443102
189690450670
189690456957
189690462572
189690471178
189690477159
189690483873
189690489793
189690496263
189690500841
189690508531
189690514879
189690522142
189690530077
189690537523
189690543504
189690551744
189690557664
189690565233
189690572557
189690579576
189690586595
189690593309
189690601365
189690606614
189690614915
189690622239
189690628282
189690634568
189690638963
189690646287
189690652208
189690659227
189690666795
189690672837
