189716214581
189716220013
189716223980
189716228741
189716234356
189716240094
189716246136
189716250836
189716256939
189716261822
189716267315
189716272747
189716279095
189716284039
189716290142
189716295514
189716301617
189716307598
189716314312
189716319561
189716327252
189716332012
189716338787
189716346234
189716352154
189716361065
189716367413
189716375347
189716380779
189716386517
189716394329
189716402447
189716407147
189716415203
189716420208
189716427166
189716433819
189716440350
189716447918
189716453289
189716461773
189716468365
189716474590
189716481304
189716488445
189716496258
189716501629
189716508953
189716515056
189716521587
189716529461
189716535747
189716544597
189716551006
189716557171
189716563701
189716570293
189716575847
189716583232
189716591961
189716599163
189716605205
189716612468
189716619853
189716626689
189716636638
189716644451
189716650615
189716657329
189716664714
189716672038
189716680217
189716687175
189716693950
189716702617
189716709819
189716716655
189716723979
189716730510
189716739238
189716745891
189716754497
189716759685
189716767619
189716774760
189716781779
189716787456
189716797343
189716804484
189716811503
189716818400
189716825602
189716832255
189716840129
189716847392
189716854106
189716861125
189716868632
189716875529
189716882792
189716888774
189716897258
189716905802
189716911296
189716919596
189716926860
189716933818
189716940165
189716949565
189716956339
189716963908
189716971354
189716977030
189716986308
189716994486
189717001322
189717008219
189717015482
189717022135
189717030619
189717036051
189717044352
189717051615
189717058573
189717065775
189717072001
189717079264
189717086771
189717092814
189717100748
189717107157
189717113871
189717121988
189717129313
189717135233
189717144571
189717151163
189717156656
189717164713
189717168863
189717179605
189717186197
189717193888
189717202738
189717208719
189717216043
189717224832
189717231424
189717238199
189717246744
189717254251
189717259989
189717269449
189717276285
189717282144
189717287210
189717297220
189717306253
189717312357
189717319864
189717325235
189717332803
189717340250
189717346841
189717355081
189717363321
189717370462
189717376260
189717383768
189717392435
189717400796
189717408059
189717413797
189717423929
189717429056
189717438760
189717446695
189717454690
189717462259
189717470010
189717477945
189717484231
189717492654
189717499551
189717509194
189717517739
189717524514
189717534707
189717540444
189717549600
189717555886
189717564919
189717572488
189717580789
189717589578
189717596902
189717604287
189717611977
189717622720
189717631326
189717638833
189717645730
189717653298
189717660744
189717669167
189717677651
189717683938
189717692605
189717700356
189717707375
189717714150
189717721779
189717729287
189717736733
189717744423
189717753518
189717760720
189717768837
189717777016
189717785439
189717791970
189717800148
189717808632
189717815834
189717820107
189717828896
189717836037
189717843971
189717851784
189717859413
189717868080
189717873024
189717882790
189717890602
189717898476
189717907448
189717912392
189717921730
189717928139
189717936867
189717944557
189717953651
189717962623
189717969337
189717978126
189717984779
189717991920
189717996376
189718006508
189718015419
189718021522
189718030678
189718037269
189718045448
189718054664
189718062843
189718070961
189718079444
189718087013
189718093483
189718101661
189718109169
189718115455
189718122901
189718129859
189718137000
189718143836
189718150916
189718158729
189718166664
189718173866
189718181129
189718188270
189718194862
189718202369
189718209327
189718219276
189718226051
189718234351
189718240882
189718248572
189718254615
189718265418
189718272986
189718279578
189718288306
189718297156
189718302649
189718313025
189718319129
189718328345
189718335181
189718340186
189718349585
189718357825
189718365577
189718373755
189718380225
189718387000
189718395789
189718401648
189718410681
189718417700
189718426856
189718433631
189718441382
189718448462
189718457190
189718462805
189718472083
189718477698
189718486609
189718493872
189718501196
189718509375
189718515845
189718523535
189718531348
189718538550
189718544653
189718552283
189718562353
189718568518
189718574866
189718582373
189718585974
189718595312
189718603674
189718608923
189718618078
189718624731
189718630774
189718636938
189718643347
189718650488
189718656347
189718662512
189718670507
189718676611
189718684179
189718692297
189718699377
189718706335
189718711523
189718719030
189718725927
189718731603
189718739721
189718745214
189718752722
189718760961
189718767309
189718774328
189718779699
189718788671
189718794103
189718800329
189718807775
189718812292
189718820654
189718824926
189718835546
189718842260
189718849035
189718855382
189718861669
189718867467
189718873083
189718880773
189718888891
189718894872
189718901769
189718907018
189718913915
189718920751
189718927648
189718934179
189718941137
189718949315
189718956823
189718963292
189718970800
189718978002
189718984410
189718993566
189718999852
189719008580
189719015294
189719022679
189719029210
189719038182
189719045018
189719051427
189719056676
189719065709
189719073522
189719080296
189719087926
189719091954
189719100072
189719107457
189719114781
189719121190
189719124852
189719133885
189719141942
189719147191
189719155553
189719160130
189719170262
189719176488
189719183446
189719190220
189719198887
189719206334
189719212498
189719218052
189719226414
189719233983
189719240391
189719247715
189719256382
189719262974
189719269871
189719276280
189719284764
189719289891
189719298252
189719302342
189719311375
189719318882
189719324558
189719333103
189719340306
189719347508
189719354527
189719362217
189719368626
189719375706
189719382298
189719389622
189719396397
189719402683
189719409641
189719416721
189719424351
189719431309
189719436863
189719444981
189719449741
189719458530
189719462070
189719470127
189719477512
189719485630
189719493259
189719500156
189719507725
189719514988
189719522556
189719530796
189719537693
189719543674
189719550571
189719556003
189719564548
189719571750
189719578281
189719585483
189719591404
189719600803
189719606906
189719613681
189719621738
189719627536
189719636875
189719643466
189719650058
189719656589
189719662265
189719670505
189719674594
189719683994
189719691318
189719698520
189719704868
189719710910
189719719333
189719726413
189719732883
189719740512
189719746616
189719753390
189719760715
189719766208
189719774081
189719781161
189719787814
189719795627
189719801120
189719808688
189719815463
189719821139
189719828463
189719833590
189719840487
189719847873
189719855075
189719862948
189719868441
189719877414
189719884249
189719890170
189719895846
189719903659
189719910739
189719917880
189719924105
189719931063
189719937594
189719944857
189719950472
189719958712
189719964083
189719973116
189719979464
189719985629
189719989413
189719998019
189720005343
189720012179
189720020174
189720025423
189720032564
189720039461
189720046847
189720054781
189720063082
189720069491
189720076632
189720082979
189720090792
189720097994
189720103853
189720111605
189720119600
189720124605
189720133577
189720139864
189720146883
189720154451
189720161531
189720168245
189720174471
189720181063
189720189852
189720197786
189720204866
189720212679
189720219698
189720227449
189720235933
189720241976
189720249422
189720257295
189720264009
189720271639
189720279451
189720286836
189720293733
189720300874
189720308015
189720314058
189720322237
189720329256
189720335542
189720343904
189720350435
189720356782
189720364046
189720371614
189720378999
189720386018
189720392610
189720399202
189720407075
189720414094
189720419404
189720428621
189720435090
189720440583
189720446687
189720451875
189720460664
189720467927
189720474641
189720480928
189720486543
189720494599
189720500581
189720508332
189720514009
189720520906
189720528840
189720536225
189720541657
189720550507
189720558381
189720564546
189720573274
189720578645
189720585420
189720593171
189720600373
189720607392
189720613801
189720621308
189720629243
189720635712
189720642976
189720651215
189720657807
189720662934
189720673066
189720680695
189720687287
189720694184
189720701691
189720709504
189720716889
189720720917
189720730927
189720736908
189720743683
189720751557
189720757233
189720766999
189720772553
189720779877
189720787812
189720793549
189720800507
189720808991
189720815827
189720821930
189720828522
189720836273
189720842499
189720849091
189720855744
189720862335
189720871307
189720878510
189720885468
189720890961
189720898163
189720906830
189720914032
189720921844
189720929352
189720935882
189720943390
189720949737
189720956695
189720962616
189720971954
189720976410
189720985443
189720993133
189721000580
189721007171
189721012909
189721022369
189721029571
189721035675
189721043670
189721050628
189721057220
189721064727
189721073516
189721079864
189721088348
189721093231
189721101959
189721108856
189721117523
189721124908
189721130157
189721137786
189721144073
189721150421
189721158477
189721163604
189721172210
189721178924
189721185577
189721192046
189721199920
189721206695
189721212188
189721218536
189721224883
189721231780
189721238860
189721246306
189721255035
189721261321
189721268767
189721275542
189721282805
189721289947
189721296966
189721302703
189721311797
189721318084
189721325591
189721333159
189721337737
189721346404
189721354583
189721359771
189721367156
189721374663
189721381865
189721389617
189721395903
189721403472
189721409514
189721418913
189721426360
189721433196
189721440398
189721446684
189721455290
189721461638
189721468169
189721474272
189721479277
189721488432
189721494536
189721501860
189721508879
189721514311
189721521880
189721528166
189721535368
189721543669
189721551054
189721555510
189721562834
189721569975
189721578276
189721585600
189721592070
189721600859
189721604765
189721615080
189721622221
189721627653
189721635405
189721641325
189721649626
189721656767
189721663969
189721671415
189721677092
189721685270
189721692045
189721698881
189721706083
189721712187
189721721159
189721728849
189721735746
189721743070
189721749784
189721756925
189721762846
189721770231
189721778471
189721783903
189721792326
189721799039
189721805326
189721812894
189721818876
189721825956
189721832853
189721837430
189721844816
189721850492
189721859281
189721867338
189721872526
189721881070
189721887601
189721893339
189721900235
189721907804
189721914762
189721921293
189721928312
189721935148
189721942044
189721950223
189721957730
189721964078
189721971097
189721977994
189721984098
189721992948
189722000150
189722006619
189722012235
189722021268
189722028592
189722034818
189722042447
189722048490
189722056729
189722063565
189722070157
189722077115
189722081998
189722089139
189722096951
189722103970
189722109463
189722116238
189722121426
189722128934
189722135525
189722142544
189722149258
189722155850
189722163540
189722169644
189722175259
189722181546
189722188138
189722195889
189722202664
189722209134
189722215725
189722222317
189722229458
189722235012
189722242520
189722246609
189722254300
189722260647
189722266690
189722273709
189722281643
189722289395
189722293423
189722303494
189722310635
189722317410
189722323208
189722331265
189722339382
189722346523
189722353420
189722359463
189722365505
189722373074
189722379055
189722387295
189722395779
189722402615
189722407742
189722412624
189722421108
189722427395
189722434048
189722441067
189722447353
189722453823
189722459194
189722466213
189722474514
189722480922
189722487636
189722494045
189722500454
189722506374
189722511989
189722519191
189722526271
189722529934
189722538967
189722546352
189722552578
189722560756
189722566860
189722575893
189722580776
189722588832
189722595668
189722602138
189722609096
189722616664
189722623561
189722632900
189722638881
189722648952
189722654811
189722663173
189722670192
189722679530
189722686183
189722692592
189722698390
189722706874
189722714198
189722721034
189722728419
189722735560
189722741908
189722751124
189722756434
189722764064
189722770900
189722776881
189722783656
189722788722
189722796840
189722803737
189722810023
189722817653
189722823207
189722830958
189722838954
189722844325
189722851405
189722858180
189722865565
189722871791
189722878871
189722886256
189722893580
189722899928
189722909815
189722914698
189722921900
189722927821
189722937098
189722943995
189722950343
189722958643
189722964503
189722972315
189722979090
189722987147
189722993983
189723000330
189723007777
189723014918
189723022364
189723029444
189723037989
189723043909
189723052576
189723058802
189723065882
189723071863
189723079920
189723087305
189723093531
189723100000
189723106836
189723115259
189723121424
189723129358
189723135096
189723141565
189723148584
189723156458
189723162867
189723171167
189723177759
189723183374
189723190332
189723197779
189723203638
189723210047
189723215051
189723223535
189723229883
189723237818
189723245386
189723251733
189723259851
189723265405
189723273584
189723280908
189723288416
189723294275
189723300928
189723309351
189723316309
189723322717
189723330957
189723338342
189723344873
189723352136
189723358545
189723366784
189723373254
189723379358
189723386194
189723394800
189723401391
189723408654
189723415185
189723423974
189723428857
189723435693
189723443628
189723451318
189723458825
189723464074
189723471826
189723477075
189723484155
189723490686
189723497827
189723505517
189723512658
189723518395
189723525414
189723533044
189723539025
189723545434
189723552819
189723561242
189723567712
189723576196
189723583215
189723589928
189723598290
189723603234
189723611535
189723616540
189723624779
189723631005
189723638329
189723647118
189723653222
189723660851
189723667626
189723674645
189723680138
189723686791
189723695519
189723700707
189723708092
189723714867
189723721520
189723727806
189723734581
189723740990
189723748131
189723757042
189723764427
189723770958
189723780175
189723787255
189723793541
189723801354
189723806786
189723814842
189723821190
189723828392
189723835716
189723842796
189723849510
189723856896
189723862694
189723871056
189723879112
189723883751
189723890953
189723898582
189723904381
189723910789
189723918907
189723925316
189723934288
189723941307
189723947655
189723953941
189723962242
189723969322
189723976951
189723983787
189723992088
189723998680
189724006675
189724014427
189724022178
189724029136
189724036277
189724042930
189724050376
189724057212
189724065208
189724071434
189724078819
189724084373
189724092674
189724099388
189724106651
189724114585
189724121787
189724130149
189724136131
189724143272
189724148277
189724156028
189724161826
189724169029
189724174705
189724181052
189724187766
189724196494
189724203330
189724209434
189724217307
189724221274
189724228965
189724235313
189724243979
189724249839
189724255393
189724263328
189724270774
189724277121
189724283896
189724292197
189724299704
189724305014
189724313376
189724316855
189724324546
189724328147
189724338218
189724346335
189724351645
189724359946
189724364585
189724373069
189724380576
189724388327
189724396506
189724400351
189724408957
189724415610
189724422934
189724428061
189724435202
189724443503
189724450766
189724457358
189724463583
189724469809
189724475729
189724482809
189724490683
189724496786
189724503256
189724508871
189724514670
189724521445
189724528891
189724536337
189724542868
189724548849
189724554648
189724560751
189724566733
189724573874
189724581381
189724587423
189724593466
189724602072
189724608969
189724615622
189724624167
189724630392
189724637106
189724644491
189724650839
189724658163
189724664999
189724671652
189724679159
189724686788
189724693624
189724700643
189724708395
189724715292
189724722677
189724730489
189724737081
189724742330
189724750326
189724754476
189724762472
189724770651
189724775594
189724782858
189724788107
189724795492
189724800741
189724807455
189724813070
189724821126
189724827352
189724833394
189724839864
189724845785
189724850912
189724859701
189724864889
189724871297
189724877035
189724882222
189724890157
189724896993
189724904012
189724910482
189724918599
189724924276
189724929586
189724939473
189724946431
189724953450
189724961019
189724968892
189724976827
189724985982
189724992757
189724999471
189725006795
189725012227
189725020162
189725028157
189725034566
189725042256
189725048970
189725056477
189725063191
189725069844
189725078389
189725084248
189725092183
189725100850
189725106282
189725114827
189725120015
189725127522
189725133748
189725140217
189725148640
189725154011
189725163716
189725169758
189725176167
189725182820
189725190022
189725195698
189725203877
189725209736
189725216206
189725222310
189725229939
189725237873
189725244953
189725252095
189725259846
189725266621
189725274861
189725282917
189725288655
189725296528
189725300678
189725309895
189725317829
189725326801
189725334065
189725343037
189725348652
189725355122
189725360371
189725368732
189725377766
189725383625
189725392292
189725400532
189725406452
189725414081
189725420002
189725429401
189725436298
189725441852
189725450214
189725454120
189725464130
189725470173
189725477985
189725484272
189725492756
189725497760
189725505085
189725512653
189725520221
189725527546
189725534015
189725540363
189725545612
189725552997
189725559223
189725565753
189725571613
189725577289
189725584918
189725593097
189725600971
189725607990
189725612934
189725619342
189725625324
189725631793
189725638446
189725643634
189725651386
189725659381
189725664935
189725672321
189725677814
189725685748
189725691302
189725697467
189725705829
189725712848
189725719501
189725726092
189725732684
189725739154
189725745807
189725752398
189725759662
189725766498
189725773028
189725778094
189725785846
189725790851
189725799090
189725807635
189725814227
189725820391
189725828997
189725835040
189725841082
189725846820
189725855487
189725861895
189725868914
189725875262
189725881732
189725888384
189725893206
189725900103
189725907000
189725914141
189725920733
189725925860
189725932391
189725938128
189725944781
189725951189
189725959612
189725965044
189725973040
189725979266
189725985125
189725991106
189725996722
189726002764
189726008807
189726015398
189726021868
189726028399
189726035113
189726041704
189726048418
189726056658
189726062945
189726067766
189726075091
189726081987
189726087664
189726094561
189726100542
189726106401
189726114153
189726119585
189726127947
189726131731
189726140093
189726145464
189726154314
189726162065
189726168840
189726175066
189726181413
189726187761
189726194231
189726199846
189726206377
189726213701
189726220537
189726227129
189726232561
189726240862
189726244829
189726254533
189726261919
189726268449
189726274248
189726280351
189726286394
189726292253
189726298723
189726305437
189726311174
189726317949
189726323869
189726329301
189726336931
189726342363
189726349626
189726354936
189726362504
189726369096
189726375017
189726378618
189726386735
189726390458
189726399492
189726406755
189726413835
189726420732
189726427262
189726433427
189726440019
189726445878
189726453569
189726462052
189726467485
189726474870
189726480424
189726487809
189726493241
189726501176
189726507340
189726516068
189726522660
189726527421
189726535111
189726541398
189726545243
189726553117
189726560929
189726567826
189726573991
189726580094
189726585221
189726591264
189726597550
189726604569
189726611893
189726618973
189726625077
189726632035
189726638260
189726642899
189726651322
189726656388
189726664200
189726667862
189726675431
189726680741
189726688248
189726695023
189726702652
189726709244
189726716324
189726722611
189726728836
189726735306
189726741288
189726746964
189726754349
189726762039
189726766983
189726774369
189726781388
189726788040
189726793472
189726801590
189726807266
189726815506
189726821121
189726827835
189726833328
189726841385
189726845108
189726855240
189726862808
189726869705
189726876419
189726882889
189726889114
189726895645
189726901749
189726908707
189726916458
189726921280
189726927566
189726933792
189726940140
189726946792
189726953933
189726959488
189726966202
189726971328
189726978409
189726984024
189726991653
189726997024
189727004837
189727012344
189727019058
189727022659
189727030654
189727034072
189727042068
189727048477
189727055984
189727063980
189727071487
189727078994
189727084976
189727093826
189727101272
189727107925
189727115127
189727120010
189727126235
189727132522
189727139846
189727146316
189727151931
189727159255
189727166274
189727173354
189727179275
189727186233
189727192275
189727199233
189727204482
189727211867
189727219436
189727224624
189727231948
189727237563
189727245620
189727249648
189727257705
189727263442
189727272231
189727279067
189727285415
189727291091
189727297438
189727303725
189727310683
189727317092
189727323867
189727330336
189727334914
189727342299
189727346938
189727353896
189727361464
189727367934
189727374892
189727380873
189727385573
189727393019
189727397597
189727404250
189727411391
189727418715
189727422194
189727429884
189727435194
189727443556
189727447401
189727455641
189727464247
189727469374
189727475661
189727481642
189727487379
189727493300
189727499892
189727506850
189727513624
189727520704
189727527418
189727534376
189727540480
189727545729
189727552809
189727560621
189727566786
189727573805
189727580702
189727586134
189727593275
189727598463
189727605238
189727613478
189727620314
189727624281
189727632887
189727636854
189727646131
189727650038
189727661146
189727667921
189727673231
189727681776
189727689161
189727696424
189727702162
189727710218
189727713758
189727723524
189727730116
189727737196
189727743543
189727750257
189727755994
189727763502
189727769422
189727774549
189727781934
189727786817
189727794752
189727798292
189727806104
189727813306
189727819898
189727823682
189727833753
189727840040
189727846509
189727851697
189727857984
189727865613
189727870618
189727879346
189727886976
189727894666
189727899183
189727908948
189727916944
189727923902
189727929517
189727936414
189727943677
189727950696
189727957898
189727965100
189727972241
189727979016
189727987622
189727993726
189728002698
189728010510
189728017774
189728024854
189728031567
189728037610
189728044019
189728050427
189728056836
189728063428
189728070874
189728077344
189728082410
189728088086
189728094495
189728101025
189728106335
189728113110
189728119153
189728127576
189728132825
189728140698
189728144299
189728152112
189728159314
189728164013
189728171399
189728177868
189728183178
189728189587
189728197277
189728203930
189728209484
189728217175
189728224133
189728230847
189728236584
189728243115
189728248425
189728255017
189728261120
189728268810
189728275280
189728280773
189728288830
189728294384
189728301708
189728307324
189728316052
189728323010
189728329907
189728333752
189728342602
189728350719
189728357433
189728363842
189728372204
189728379101
189728386181
189728394176
189728400829
189728407421
189728413708
189728420544
189728427746
189728434765
189728442699
189728449840
189728458263
189728462169
189728470531
189728477062
189728483654
189728487804
189728497142
189728504894
189728511669
189728517528
189728524364
189728530895
189728537059
189728542980
189728547496
189728553966
189728560192
189728566600
189728574657
189728580821
189728587779
189728594249
189728601207
189728607250
189728612254
189728619396
189728627025
189728632274
189728637706
189728645457
189728650951
189728658641
189728664806
189728671886
189728678905
189728685741
189728692699
189728699168
189728705333
189728711741
189728717174
189728726085
189728731334
189728738841
189728745494
189728750499
189728758494
189728765696
189728772227
189728777781
189728785960
189728791575
189728798716
189728804087
189728810374
189728815623
189728824656
189728831004
189728837168
189728843333
189728849436
189728855845
189728860850
189728867808
189728874949
189728881541
189728887644
189728894175
189728898570
189728905711
189728912058
189728918650
189728924754
189728931895
189728937388
189728944651
189728950144
189728958811
189728962595
189728971384
189728978709
189728985117
189728988779
189728996470
189729003489
189729010020
189729016794
189729024546
189729031077
189729038218
189729046579
189729054148
189729061472
189729067637
189729076426
189729080454
189729089670
189729096689
189729103342
189729110056
189729116953
189729124033
189729131174
189729137461
189729143991
189729151377
189729156259
189729164011
189729168833
189729175485
189729182871
189729189218
189729195749
189729202463
189729207407
189729212900
189729217783
189729225473
189729231393
189729240060
189729243906
189729252451
189729259164
189729265451
189729270822
189729277963
189729284250
189729290903
189729298044
189729305612
189729313302
189729319589
189729327524
189729333383
189729342111
189729348703
189729355111
189729361764
189729367807
189729373483
189729380258
189729386850
189729393441
189729400705
189729407846
189729414804
189729419870
189729427560
189729435128
189729441049
189729448007
189729453988
189729459237
189729466378
189729471627
189729480416
189729487740
189729492867
189729498422
189729506173
189729513436
189729519906
189729526925
189729533822
189729540353
189729547005
189729554635
189729561959
189729569649
189729573373
189729583321
189729589181
189729595772
189729602486
189729610360
189729617257
189729624032
189729629891
189729637948
189729644478
189729649605
189729655526
189729660714
189729668465
189729674019
189729682320
189729686470
189729695259
189729701851
189729708321
189729715340
189729721749
189729727669
189729734322
189729740975
189729747994
189729757637
189729763436
189729772225
189729780037
189729787117
189729794380
189729801216
189729808052
189729814888
189729820931
189729827766
189729833382
189729841866
189729848396
189729855965
189729862556
189729868294
189729877327
189729881905
189729892341
189729899666
189729906502
189729913276
189729919624
189729925972
189729932136
189729938728
189729946663
189729952705
189729957100
189729964546
189729969062
189729976814
189729982124
189729988777
189729995979
189730002571
189730008003
189730015327
189730020637
189730027412
189730032478
189730039741
189730046272
189730052619
189730059516
189730065925
189730072334
189730078803
189730084602
189730091438
189730098029
189730104865
189730111945
189730116767
189730124152
189730130866
189730135688
189730143195
189730150275
189730157355
189730163520
189730169013
189730177436
189730182807
189730191047
189730198615
189730205268
189730211432
189730217841
189730224311
189730230536
189730234321
189730242560
189730249396
189730256110
189730262763
189730269111
189730275275
189730281623
189730288886
189730296576
189730302314
189730309088
189730314948
189730321601
189730326483
189730332953
189730338813
189730346137
189730352790
189730356574
189730364203
189730369635
189730376837
189730382086
189730389899
189730397101
189730403632
189730410285
189730416571
189730423163
189730427924
189730435126
189730443060
189730449957
189730457342
189730463751
189730469244
189730478155
189730484381
189730491339
189730497992
189730504584
189730510931
189730517523
189730524237
189730530829
189730538092
189730546637
189730553167
189730558539
189730565680
189730571051
189730578131
189730583441
189730589544
189730596807
189730604437
189730609930
189730617071
189730622625
189730628851
189730635626
189730644476
189730652716
189730658270
189730665289
189730671881
189730678411
189730684820
189730690435
189730697149
189730704534
189730711248
189730717168
189730722234
189730730108
189730737371
189730744939
189730753057
189730758611
189730766058
189730771612
189730778814
189730786016
189730792425
189730798467
189730805425
189730812749
189730820684
189730829534
189730833684
189730843023
189730850530
189730857671
189730865484
189730872503
189730878423
189730884526
189730890996
189730899541
189730905706
189730912847
189730918340
189730925481
189730931707
189730938726
189730945317
189730950871
189730959661
189730965215
189730971745
189730977117
189730984624
189730989934
189730997929
189731004826
189731011784
189731018437
189731024907
189731031499
189731037846
189731044438
189731051457
189731057744
189731064275
189731072148
189731079655
189731086491
189731093999
189731101445
189731105351
189731114567
189731121403
189731127629
189731133244
189731139653
189731146672
189731154667
189731160099
189731166447
189731172306
189731176884
189731183720
189731190678
189731197575
189731205815
189731211247
189731216923
189731224736
189731230290
189731237736
189731243290
189731252568
189731259587
189731266361
189731273197
189731279789
189731286198
189731292790
189731297978
189731304874
189731313236
189731318302
189731326359
189731331120
189731339115
189731344059
189731350773
189731357731
189731364750
189731371403
189731377323
189731384403
189731390812
189731396305
189731404056
189731409672
189731417240
189731422611
189731430057
189731436466
189731442630
189731446232
189731455082
189731462162
189731467106
189731474064
189731480350
189731484134
189731492679
189731499149
189731506412
189731513370
189731520389
189731528263
189731533939
189731542118
189731548648
189731555423
189731562564
189731569705
189731576602
189731583682
189731590946
189731597965
189731603885
189731611270
189731618839
189731625125
189731632755
189731638004
189731646182
189731650088
189731660648
189731666873
189731673831
189731680606
189731687137
189731693484
189731699954
189731706180
189731713565
189731720828
189731727664
189731733584
189731738223
189731745730
189731752322
189731758487
189731764407
189731772036
189731777407
189731784793
189731790286
189731798037
189731803530
189731812014
189731815982
189731825015
189731831912
189731837954
189731843691
189731849734
189731854678
189731861147
189731869326
189731874575
189731881106
189731887454
189731893618
189731899905
189731906924
189731914004
189731919802
189731926211
189731932009
189731938906
189731945376
189731950991
189731958010
189731963503
189731972231
189731977663
189731985232
189731991884
189731998354
189732004885
189732011660
189732018984
189732025942
189732031557
189732038088
189732044863
189732051455
189732057863
189732065676
189732073122
189732080080
189732086122
189732090944
189732097841
189732104677
189732110903
189732118166
189732124208
189732129213
189732136354
189732142458
189732149355
189732154726
189732163576
189732171144
189732177736
189732181520
189732188966
189732194154
189732201723
189732205263
189732213197
189732220583
189732227052
189732231996
189732238405
189732245241
189732251771
189732258974
189732266298
189732272523
189732277284
189732285097
189732289674
189732295839
189732302431
189732307863
189732315492
189732323121
189732328737
189732336488
189732341798
189732349000
189732354371
189732362306
189732369813
189732376832
189732380372
189732388856
189732396058
189732400941
189732407472
189732414735
189732422975
189732428163
189732435548
189732442506
189732448243
189732455201
189732461427
189732468873
189732475465
189732480958
189732488587
189732493958
189732500916
189732506410
189732514771
189732522034
189732528931
189732532777
189732540772
189732547913
189732554261
189732560609
189732565674
189732572449
189732578797
189732585999
189732592774
189732599122
189732604432
189732612977
189732617066
189732626893
189732633790
189732639893
189732646058
189732650513
189732656434
189732662842
189732670716
189732677857
189732685303
189732691285
189732700684
189732704956
189732714661
189732718994
189732728699
189732732666
189732741577
189732748352
189732754883
189732762268
189732768067
189732775330
189732782288
189732789490
189732794556
189732802185
189732808777
189732815125
189732822998
189732830078
189732836975
189732842529
189732849365
189732855286
189732860413
189732868042
189732873413
189732881592
189732888367
189732894958
189732901367
189732907898
189732914551
189732919800
189732928222
189732934631
189732940124
189732946289
189732952636
189732957092
189732963806
189732970642
189732978210
189732985107
189732990844
189732997802
189733004150
189733009338
189733016906
189733021972
189733028381
189733033386
189733040649
189733045898
189733054016
189733060241
189733067748
189733074279
189733081359
189733085326
189733093810
189733101012
189733107604
189733114135
189733121337
189733128417
189733135558
189733141479
189733148681
189733155151
189733160766
189733167358
189733175048
189733182616
189733187987
189733194396
189733201293
189733206908
189733213805
189733219909
189733225463
189733233580
189733240416
189733246398
189733249816
189733257689
189733265380
189733272094
189733279479
189733284484
189733291747
189733298033
189733304076
189733310240
189733316344
189733323790
189733330870
189733336058
189733343138
189733348509
189733355956
189733361571
189733369261
189733375243
189733382506
189733387633
189733394652
189733401854
189733407896
189733411620
189733420531
189733427611
189733434325
189733441222
189733447752
189733453856
189733460387
189733466185
189733473143
189733481688
189733486693
189733494139
189733501280
189733506956
189733513914
189733519896
189733525572
189733534971
189733541624
189733548216
189733554564
189733561155
189733567503
189733574400
189733578306
189733587706
189733594541
189733600828
189733605955
189733611997
189733618467
189733625791
189733632749
189733637510
189733645567
189733650327
189733658384
189733663206
189733670164
189733677976
189733684934
189733690122
189733697263
189733702146
189733708799
189733713804
189733720396
189733725950
189733734434
189733741453
189733747922
189733753843
189733760068
189733766355
189733773496
189733780881
189733786191
189733794370
189733801755
189733810300
189733817075
189733824033
189733828183
189733837156
189733844480
189733851377
189733858884
189733865720
189733872373
189733879880
189733887082
189733891965
189733899778
189733904721
189733911862
189733918332
189733926633
189733932370
189733939755
189733945188
189733953305
189733958737
189733965268
189733970639
189733979306
189733986203
189733992612
189733996213
189734004147
189734010983
189734017270
189734020993
189734030392
189734037472
189734044492
189734053158
189734058774
189734066281
189734073971
189734078915
189734086362
189734093197
189734097653
189734106930
189734113644
189734120602
189734128293
189734135190
189734142697
189734147641
189734153561
189734159726
189734167294
189734172177
189734179745
189734187374
189734194943
189734200375
189734207455
189734212948
189734219479
189734226620
189734234127
189734239804
189734248654
189734252621
189734260372
189734267147
189734273800
189734281063
189734288082
189734295040
189734301998
189734308224
189734314877
189734321529
189734328060
189734334347
189734342464
189734348995
189734353634
189734361019
189734367550
189734373226
189734377743
189734385799
189734391659
189734399288
189734404598
189734412166
189734417354
189734423946
189734429195
189734437496
189734443355
189734449764
189734456356
189734462642
189734469112
189734475582
189734480831
189734487606
189734494869
189734502010
189734510860
189734516231
189734524105
189734529293
189734537776
189734541683
189734550533
189734558406
189734565364
189734571651
189734578609
189734586604
189734592403
189734601192
189734606197
189734613277
189734620235
189734627315
189734632136
189734639766
189734647639
189734654964
189734660457
189734667842
189734671626
189734680720
189734687312
189734694514
189734701777
189734707210
189734714534
189734721064
189734726802
189734733149
189734740352
189734747004
189734753047
189734757563
189734765193
189734770198
189734778376
189734783381
189734790278
189734798396
189734804805
189734811335
189734817073
189734822199
189734828730
189734835566
189734843257
189734848811
189734856806
189734860774
189734869807
189734876521
189734883112
189734889826
189734896296
189734903193
189734910029
189734916071
189734922602
189734928400
189734934992
189734942011
189734949763
189734957453
189734962397
189734970515
189734975397
189734982050
189734989069
189734997492
189735002985
189735010615
189735016047
189735023554
189735029780
189735036188
189735042353
189735049860
189735053766
189735063166
189735071161
189735077509
189735084223
189735090448
189735095575
189735104181
189735110285
189735114801
189735122797
189735128412
189735134332
189735141229
189735147211
189735154413
189735161981
189735167352
189735173639
189735178766
189735185846
189735190851
189735197931
189735206415
189735211481
189735217828
189735224542
189735231317
189735237970
189735245233
189735253046
189735260126
189735267328
189735273004
189735280145
189735287591
189735293085
189735299615
189735307733
189735314264
189735319757
189735327630
189735333123
189735341729
189735348260
189735353326
189735361993
189735367364
189735373895
189735380059
189735385980
189735391961
189735398065
189735405145
189735413446
189735418450
189735425530
189735432549
189735438226
189735444940
189735451531
189735456658
189735464288
189735469293
189735476678
189735481927
189735489373
189735495660
189735503228
189735511285
189735518548
189735524895
189735531060
189735536919
189735542962
189735548821
189735556206
189735562371
189735569207
189735575371
189735582574
189735589959
189735595574
189735604058
189735610772
189735617852
189735624199
189735630608
189735637261
189735643731
189735650505
189735658562
189735664727
189735671440
189735677727
189735684197
189735691521
189735697991
189735705071
189735712822
189735718743
189735725884
189735731987
189735738884
189735744988
189735750115
189735757866
189735762993
189735770744
189735774345
189735781975
189735787285
189735795036
189735801933
189735808525
189735815544
189735822014
189735828361
189735834465
189735839470
189735845512
189735852104
189735860710
189735867119
189735874321
189735880729
189735885612
189735892631
189735899650
189735906486
189735912101
189735919609
189735924614
189735931755
189735937309
189735945671
189735949577
189735958549
189735966056
189735973075
189735979728
189735986198
189735992790
189735999259
189736005119
189736012016
189736019523
189736024223
189736031059
189736038261
189736045158
189736050285
189736057060
189736064689
189736072440
189736077750
189736084037
189736089408
189736097282
189736102531
189736110587
189736117240
189736123771
189736130057
189736136039
189736142142
189736148063
189736153983
189736161002
189736168998
189736174613
189736182670
189736189017
189736193656
189736198722
189736207023
189736214103
189736220572
189736226920
189736231742
189736238700
189736245353
189736252616
189736259818
189736266532
189736273185
189736281119
189736286795
189736295523
189736299246
189736308219
189736315787
189736322745
189736328604
189736335196
189736342154
189736349051
189736356009
189736362906
189736369009
189736375540
189736383597
189736389090
189736395743
189736402640
189736410147
189736417776
189736423270
189736428702
189736436514
189736442801
189736449393
189736456595
189736463736
189736470450
189736477469
189736484121
189736490408
189736496756
189736501455
189736507620
189736514517
189736520987
189736527456
189736533499
189736540396
189736546499
189736553396
189736560110
189736566091
189736573355
189736578543
189736585256
189736590261
189736597219
189736602285
189736609121
189736617666
189736624746
189736630239
189736636770
189736643789
189736650198
189736655569
189736662161
189736669912
189736674551
189736681631
189736688528
189736694265
189736701345
189736707082
189736714895
189736721670
189736728689
189736734853
189736740285
189736747732
189736753225
189736761709
189736770437
189736777334
189736781301
189736789296
189736796071
189736802663
189736809682
189736816945
189736822866
189736829946
189736837331
189736843862
189736850454
189736855397
189736864003
189736871266
189736878163
189736883351
189736890126
189736895192
189736901052
189736908315
189736913747
189736922231
189736929067
189736935658
189736942006
189736948293
189736953298
189736960256
189736966542
189736973378
189736979482
189736984181
189736990285
189736997975
189737002797
189737010365
189737018239
189737024647
189737031789
189737037587
189737043996
189737050526
189737055531
189737062611
189737066517
189737075917
189737082264
189737088856
189737095692
189737102284
189737106251
189737115895
189737123036
189737129811
189737136280
189737142689
189737148854
189737155201
189737162403
189737170765
189737177967
189737183399
189737190602
189737196217
189737204273
189737209645
189737216664
189737224964
189737231678
189737235462
189737243397
189737248646
189737255970
189737262196
189737268543
189737274769
189737281178
189737287281
189737293690
189737300343
189737306629
189737313160
189737320057
189737326832
189737333546
189737339039
189737345569
189737351490
189737355945
189737363148
189737371082
189737378223
189737383716
189737390369
189737398365
189737405140
189737408985
189737416919
189737424488
189737429310
189737436695
189737441455
189737449085
189737455677
189737461841
189737469837
189737476673
189737483264
189737490467
189737495471
189737503040
189737510120
189737516284
189737524097
189737529956
189737536853
189737543811
189737549365
189737556384
189737561939
189737569690
189737575244
189737583789
189737590381
189737596790
189737603320
189737609729
189737615832
189737622363
189737629199
189737635791
189737642078
189737648181
189737654895
189737659472
189737665942
189737673755
189737681628
189737686938
189737692920
189737698108
189737705432
189737710559
189737718432
189737723681
189737731189
189737737414
189737743579
189737749682
189737756152
189737762927
189737770068
189737777026
189737783801
189737790759
189737795397
189737802661
189737807299
189737813464
189737820849
189737828906
189737833911
189737841113
189737848071
189737855395
189737860888
189737867846
189737873461
189737881762
189737887316
189737895129
189737900622
189737908739
189737912646
189737921130
189737929247
189737936205
189737942675
189737949267
189737954516
189737961046
189737967699
189737974718
189737981981
189737988329
189737993944
189738000292
189738006823
189738012926
189738018786
189738026476
189738032274
189738038744
189738045153
189738050585
189738057054
189738063951
189738070482
189738076342
189738084642
189738089708
189738096788
189738103319
189738109178
189738112840
189738121752
189738128587
189738135423
189738141771
189738148302
189738154588
189738161119
189738167894
189738174913
189738182665
189738187791
189738193956
189738200792
189738206895
189738211839
189738220323
189738226305
189738233873
189738241807
189738246873
189738252489
189738260179
189738265611
189738275560
189738283128
189738288194
189738295579
189738302171
189738308946
189738315538
189738321275
189738328599
189738335557
189738342210
189738349778
189738357591
189738365647
189738373033
189738380052
189738384080
189738392869
189738398728
189738404710
189738411302
189738417161
189738423570
189738431931
189738438096
189738442796
189738450852
189738456040
189738463059
189738468125
189738473985
189738481004
189738487840
189738492966
189738500718
189738507188
189738512254
189738517808
189738525986
189738534775
189738540024
189738547349
189738553696
189738559006
189738564988
189738571580
189738578293
189738584885
189738591843
189738600632
189738606675
189738615830
189738619919
189738630845
189738635239
189738643906
189738651291
189738657700
189738663742
189738670090
189738676743
189738684555
189738691086
189738698166
189738704025
189738711167
189738717697
189738723252
189738731003
189738737595
189738745834
189738751206
189738758225
189738763413
189738770737
189738777634
189738783859
189738789719
189738796066
189738801559
189738807846
189738814621
189738820969
189738827499
189738834335
189738841415
189738848068
189738854050
189738859176
189738866073
189738871078
189738877426
189738884811
189738892379
189738898544
189738905014
189738908737
189738916793
189738922165
189738930526
189738936996
189738943710
189738949020
189738955307
189738962387
189738968917
189738975570
189738983993
189738989669
189738996749
189739003829
189739008712
189739016708
189739021591
189739029220
189739036544
189739043197
189739048629
189739056686
189739062179
189739068404
189739073837
189739082320
189739088119
189739096786
189739100631
189739108932
189739116378
189739122726
189739129195
189739135848
189739142440
189739148849
189739156600
189739162154
189739169539
189739174972
189739184066
189739188155
189739196883
189739200545
189739209273
189739212874
189739220931
189739227889
189739234114
189739240828
189739245711
189739253096
189739257857
189739265303
189739272322
189739277632
189739285994
189739292769
189739299727
189739305464
189739311934
189739318221
189739323409
189739330367
189739338851
189739345503
189739351729
189739358138
189739361922
189739369551
189739374922
189739383223
189739390791
189739397688
189739403731
189739410322
189739416731
189739423262
189739430586
189739438277
189739444929
189739449934
189739457686
189739464705
189739470320
189739477156
189739483503
189739491804
189739498823
189739502791
189739510420
189739515791
189739523848
189739527571
189739537336
189739540998
189739549543
189739556379
189739562910
189739568708
189739575178
189739581404
189739588484
189739595014
189739601423
189739607588
189739611982
189739619367
189739624067
189739632124
189739638044
189739646162
189739651777
189739659589
189739665205
189739673322
189739678938
189739686567
189739694074
189739699445
189739704999
189739712812
189739720685
189739726545
189739733564
189739740583
189739748029
189739761213
189739769330
189739775617
189739782331
189739787885
189739796430
189739800336
189739810224
189739817548
189739822370
189739829389
189739836347
189739843854
189739850934
189739857343
189739862836
189739870710
189739876020
189739882184
189739889813
189739896894
189739902692
189739908795
189739914960
189739921369
189739928449
189739934064
189739942548
189739949139
189739954572
189739960492
189739966534
189739972333
189739977765
189739984662
189739992902
189739997967
189740006451
189740011456
189740019025
189740026166
189740031659
189740039166
189740046246
189740051678
189740059247
189740062970
189740071515
189740077008
189740085064
189740092572
189740097638
189740104657
189740111126
189740117962
189740124371
189740130780
189740137738
189740145001
189740150128
189740156903
189740163250
189740169842
189740176556
189740181622
189740189312
189740196942
189740202496
189740209576
189740215069
189740222271
189740227581
189740237103
189740241070
189740249676
189740253399
189740262005
189740268597
189740274517
189740277996
189740285748
189740293194
189740299847
189740306927
189740311870
189740319988
189740324810
189740332195
189740339763
189740345135
189740351482
189740357952
189740362835
189740369182
189740374431
189740381817
189740387432
189740396709
189740403362
189740410015
189740414043
189740422222
189740429058
189740435466
189740441875
189740448467
189740455242
189740461833
189740468486
189740475200
189740481914
189740490276
189740497600
189740502971
189740510112
189740515483
189740522380
189740529338
189740534892
189740542278
189740549602
189740555095
189740562053
189740567485
189740575420
189740579204
189740588054
189740596904
189740602214
189740609721
189740616374
189740622294
189740628825
189740632670
189740643229
189740648662
189740654887
189740663066
189740668315
189740676555
189740684001
189740690959
189740698771
189740705302
189740711345
189740717631
189740723124
189740729167
189740735759
189740742411
189740748210
189740755168
189740761943
189740767314
189740775004
189740780436
189740788981
189740793192
189740802348
189740808940
189740814921
189740821269
189740827494
189740831156
189740840128
189740848673
189740855631
189740862467
189740867472
189740874491
189740881144
189740888163
189740896464
189740903300
189740908243
189740915201
189740922343
189740929117
189740934427
189740941324
189740947672
189740956278
189740961710
189740970377
189740974161
189740982340
189740989359
189740996134
189741003092
189741010050
189741016642
189741022989
189741028666
189741034830
189741041056
189741048258
189741054483
189741061136
189741067301
189741074198
189741079996
189741086832
189741092996
189741098367
189741106912
189741110636
189741119180
189741122781
189741129984
189741135233
189741144205
189741151346
189741158121
189741165140
189741171732
189741177957
189741184488
189741190225
189741199197
189741203897
189741210428
189741217203
189741221963
189741230264
189741235635
189741242410
189741248147
189741257608
189741261636
189741270303
189741275796
189741282876
189741288369
189741295999
189741303262
189741310159
189741313882
189741322732
189741330056
189741336587
189741341958
189741348977
189741357583
189741362832
189741371377
189741376382
189741383950
189741390969
189741396279
189741403909
189741411050
189741414529
189741421914
189741426797
189741434670
189741438271
189741446328
189741454995
189741460122
189741467324
189741473611
189741479043
189741485146
189741490945
189741498574
189741507119
189741512612
189741521462
189741527260
189741535805
189741541726
189741550026
189741558266
189741565163
189741571450
189741577981
189741585061
189741592019
189741597878
189741605080
189741613198
189741618325
189741625100
189741631569
189741639199
189741644081
189741651039
189741658608
189741665200
189741672280
189741678993
189741684548
189741691017
189741697975
189741703468
189741710854
189741718239
189741723793
189741731178
189741736733
189741744911
189741748817
189741757607
189741761574
189741771523
189741778053
189741784279
189741789772
189741795753
189741803017
189741810097
189741816688
189741821449
189741828834
189741835731
189741841102
189741847999
189741854408
189741860206
189741868324
189741873451
189741880165
189741885292
189741892494
189741896278
189741905250
189741909523
189741918800
189741925697
189741932167
189741935951
189741944374
189741951881
189741958229
189741964271
189741970619
189741979042
189741984840
189741993934
189741998329
189742008338
189742016395
189742023414
189742030738
189742035682
189742044044
189742049781
189742058204
189742064246
189742071326
189742076514
189742083778
189742090736
189742097327
189742101356
189742111365
189742115150
189742124427
189742131141
189742137733
189742144385
189742150916
189742157020
189742163611
189742168677
189742174720
189742181922
189742186499
189742193091
189742199317
189742205359
189742212683
189742219397
189742226294
189742232337
189742239112
189742245520
189742250586
189742256934
189742263648
189742270056
189742275305
189742282446
189742287879
189742295569
189742301062
189742310156
189742317603
189742324561
189742330420
189742336646
189742343298
189742349463
189742354529
189742361792
189742369727
189742376868
189742382300
189742388953
189742396033
189742403174
189742410071
189742416418
189742424658
189742430090
189742436804
189742442175
189742448950
189742455725
189742462988
189742468908
189742477636
189742483862
189742490271
189742494116
189742502172
189742508642
189742516882
189742524206
189742529028
189742535925
189742542028
189742548315
189742554357
189742560095
189742566931
189742573889
189742579199
189742586767
189742592016
189742598242
189742605200
189742611303
189742618993
189742624059
189742629247
189742636022
189742641149
189742648656
189742655065
189742662511
189742669836
189742676855
189742682836
189742689489
189742695898
189742702428
189742708471
189742715429
189742722204
189742728734
189742735448
189742740880
189742748876
189742754491
189742761510
189742767492
189742775487
189742780858
189742788549
189742794774
189742801183
189742807347
189742814061
189742821630
189742828466
189742835118
189742841771
189742847325
189742853917
189742861241
189742868321
189742875585
189742882604
189742888402
189742895482
189742902318
189742907872
189742914708
189742922032
189742927892
189742933019
189742940709
189742945653
189742952611
189742957494
189742963841
189742972508
189742979100
189742984532
189742990880
189742994542
189743002965
189743009984
189743017491
189743024937
189743029820
189743037633
189743043187
189743050755
189743057347
189743064488
189743072728
189743079442
189743084935
189743091343
189743097813
189743104222
189743110203
189743117405
189743124974
189743130528
189743136814
189743143956
189743150242
189743155857
189743164341
189743171849
189743178745
189743182530
189743192295
189743197849
189743204319
189743211155
189743218052
189743225376
189743230808
189743239903
189743248386
189743255039
189743261631
189743268711
189743275913
189743283054
189743288486
189743294956
189743300266
189743307529
189743312595
189743319919
189743325413
189743332859
189743336460
189743344883
189743348606
189743357456
189743361179
189743371250
189743377659
189743383762
189743391147
189743395481
189743401950
189743408664
189743415378
189743421238
189743429660
189743435459
189743442966
189743449619
189743456027
189743462924
189743470066
189743477634
189743482883
189743491062
189743496127
189743503146
189743510532
189743516879
189743524448
189743531406
189743537021
189743545627
189743549594
189743558444
189743562473
189743571811
189743579013
189743585544
189743591525
189743598056
189743605258
189743611850
189743619052
189743626803
189743633822
189743639316
189743646640
189743652133
189743659762
189743665255
189743673312
189743679232
189743686923
189743690402
189743698520
189743701937
189743709811
189743716159
189743723605
189743731539
189743738009
189743743685
189743750033
189743756259
189743762423
189743769076
189743775973
189743781466
189743788058
189743793978
189743799227
189743806979
189743812350
189743818758
189743826022
189743833590
189743839083
189743845919
189743852206
189743858187
189743861788
189743870089
189743878207
189743885226
189743890902
189743897555
189743905062
189743911715
189743918368
189743927035
189743933199
189743940462
189743947359
189743953585
189743960970
189743966463
189743977266
189743983309
189743990328
189743997530
189744005037
189744011873
189744018892
189744027559
189744033113
189744041170
189744048006
189744055330
189744060945
189744066255
189744075472
189744082491
189744087007
189744094759
189744103365
189744109590
189744116182
189744123384
189744130342
189744136018
189744142366
189744149385
189744155428
189744164583
189744171663
189744178499
189744187166
189744193758
189744200288
189744206941
189744212923
189744220674
189744226228
189744234712
189744241609
189744248628
189744255220
189744261689
189744270906
189744277986
189744285615
189744291719
189744297761
189744306916
189744313203
189744319978
189744326570
189744332368
189744340486
189744348420
189744356416
189744364350
189744371491
189744378083
189744384858
189744392487
189744399201
189744407014
189744413300
189744419343
189744426179
189744433503
189744439973
189744448396
189744455598
189744462617
189744469147
189744476411
189744483185
189744489594
189744496918
189744503449
189744509247
189744515839
189744522797
189744530243
189744539216
189744545807
189744552338
189744558686
189744565461
189744572113
189744578278
189744586213
189744592865
189744599823
189744607819
189744614533
189744621064
189744628144
189744636444
189744642365
189744648041
189744656647
189744663788
189744670807
189744679718
189744686066
189744692902
189744700470
189744707733
189744714020
189744721100
189744727631
189744734711
189744741058
189744748993
189744756073
189744762543
189744768646
189744776459
189744782135
189744789337
189744796112
189744802643
189744809418
189744815643
189744822906
189744829986
189744836639
189744842743
189744850128
189744857269
189744863311
189744869903
189744878448
189744885406
189744892669
189744898346
189744906158
189744912689
189744919158
189744925811
189744933013
189744938385
189744946563
189744954437
189744962249
189744968780
189744976959
189744983306
189744987029
189744994964
189745001190
189745008331
189745015594
189745023528
189745031097
189745037566
189745043914
189745051421
189745058746
189745066253
189745072173
189745079864
189745086333
189745092681
189745100005
189745106170
189745114409
189745119903
189745127105
189745132049
189745138946
189745145476
189745152678
189745159331
189745166350
189745173491
189745178313
189745184905
189745191314
189745198943
189745205107
189745211394
189745218840
189745224639
189745232207
189745237761
189745245574
189745252165
189745260283
189745266081
189745271758
189745277312
189745284392
189745290068
189745295439
189745304472
189745310637
189745316985
189745323882
189745331084
189745336516
189745344389
189745351958
189745357573
189745365263
189745371733
189745378203
189745384917
189745392058
189745400603
189745406157
189745413420
189745418791
189745426909
189745430998
189745442351
189745448393
189745455717
189745464079
189745470793
189745477201
189745484831
189745490568
189745499723
189745506987
189745514372
189745520903
189745527067
189745535673
189745541044
189745548124
189745554655
189745562712
189745568388
189745574491
189745583036
189745589445
189745597868
189745605253
189745613187
189745618559
189745626432
189745632414
189745638822
189745645475
189745652311
189745659940
189745665372
189745674711
189745682401
189745690458
189745696805
189745702421
189745711942
189745718534
189745726102
189745732023
189745740201
189745746854
189745755399
189745760709
189745769864
189745777005
189745784085
189745792325
189745797513
189745805936
189745813565
189745820218
189745826993
189745833158
189745840848
189745846402
189745853971
189745860684
189745868070
189745874356
189745880948
189745889859
189745896268
189745902066
189745910428
189745915982
189745924954
189745931424
189745936429
189745943753
189745950589
189745957852
189745965604
189745972012
189745980496
189745985989
189745992093
189745999478
189746006680
189746014615
189746020230
189746029080
189746036099
189746042630
189746049710
189746056180
189746064724
189746071866
189746078701
189746085293
189746092495
189746100796
189746110195
189746117398
189746124478
189746130154
189746137417
189746145352
189746152432
189746159085
189746166897
189746173062
189746179165
189746187710
189746194424
189746201992
189746208462
189746213955
189746223782
189746230557
189746237576
189746244717
189746252346
189746258572
189746265346
189746272060
189746278347
189746283596
189746291347
189746298916
189746306179
189746311916
189746317837
189746326381
189746330654
189746341152
189746348415
189746355434
189746361416
189746368557
189746373623
189746381374
189746385585
189746394435
189746401699
189746409328
189746415981
189746422267
189746431118
189746439784
189746446865
189746454006
189746458095
189746466518
189746475734
189746483730
189746489467
189746495387
189746504665
189746512477
189746519801
189746527797
189746534389
189746540858
189746548000
189746555019
189746560878
189746568935
189746576076
189746584071
189746589992
189746598537
189746603053
189746612391
189746618373
189746626430
189746633021
189746637965
189746645350
189746652369
189746658595
189746664515
189746671229
189746679103
189746685633
189746691310
189746696437
189746703151
189746708949
189746716456
189746721339
189746729151
189746735560
189746742213
189746748988
189746755396
189746762477
189746769801
189746777735
189746781580
189746789698
189746795680
189746803370
189746809535
189746816676
189746825953
189746831568
189746840540
189746850428
189746855982
189746865198
189746873011
189746879359
189746887110
189746892969
189746901514
189746908655
189746917444
189746923548
189746930140
189746938868
189746947229
189746952784
189746961084
189746968042
189746975306
189746983240
189746991297
189746998255
189747003992
189747010889
189747018335
189747025049
189747032312
189747038660
189747045496
189747054102
189747060327
189747066614
189747073694
189747078821
189747085047
189747090723
189747098718
189747107080
189747112329
189747120996
189747126733
189747134485
189747142664
189747150842
189747156641
189747162561
189747172204
189747177942
189747184961
189747193811
189747198694
189747207483
189747215600
189747222558
189747229394
189747236718
189747244165
189747251184
189747258813
189747265344
189747271142
189747278650
189747286340
189747295007
189747303125
189747311120
189747318078
189747325952
189747333093
189747340173
189747348168
189747354638
189747360803
189747367394
189747375390
189747382531
189747390099
189747398583
189747404565
189747411218
189747417443
189747423974
189747430871
189747437890
189747445397
189747452111
189747458886
189747466271
189747473229
189747479211
189747488427
189747494652
189747501244
189747508080
189747513817
189747523827
189747529931
189747537804
189747544335
189747551049
189747557396
189747564537
189747571618
189747578942
189747586083
189747592064
189747597679
189747605126
189747610863
189747618126
189747625267
189747632836
189747638573
189747645653
189747652062
189747656944
189747665489
189747671105
189747679527
189747683373
189747691368
189747696617
189747703453
189747708580
189747716087
189747722618
189747728966
189747735863
189747740684
189747747337
189747753746
189747761009
189747768272
189747774803
189747781761
189747788963
189747794639
189747803123
189747810020
189747817039
189747824608
189747831810
189747839317
189747847130
189747853965
189747859764
189747868370
189747872703
189747881431
189747886985
189747895164
189747899192
189747908165
189747912254
189747921958
189747928916
189747935935
189747943260
189747949973
189747956931
189747962058
189747969016
189747976035
189747983238
189747990379
189747995750
189748002342
189748009055
189748014610
189748021751
189748027366
189748035789
189748041099
189748047507
189748055137
189748059898
189748065452
189748073264
189748078818
189748086753
189748093528
189748099631
189748106467
189748113059
189748118796
189748125693
189748132468
189748139426
189748147056
189748152976
189748160727
189748166098
189748174399
189748181968
189748188864
189748195273
189748202353
189748208701
189748215720
189748223532
189748231223
189748238486
189748243430
189748250815
189748258017
189748264609
189748269858
189748277365
189748283041
189748291037
189748296591
189748304953
189748308981
189748317465
189748323874
189748332175
189748340414
189748346945
189748352682
189748359030
189748364645
189748370871
189748378256
189748386435
189748392782
189748397665
189748404623
189748411642
189748419088
189748424521
189748432882
189748439047
189748447104
189748453756
189748460165
189748466391
189748472555
189748476095
189748483480
189748490133
189748496664
189748503012
189748509359
189748516500
189748523031
189748528097
189748537985
189748543661
189748550619
189748557272
189748562887
189748570944
189748578390
189748585592
189748592855
189748599752
189748608297
189748614462
189748621847
189748627828
189748637533
189748645467
189748651876
189748658285
189748664632
189748671346
189748676351
189748683187
189748690450
189748697835
189748704732
189748710653
189748717672
189748724141
189748729513
189748737508
189748744161
189748752034
189748757467
189748765523
189748771749
189748778341
189748784688
189748792256
189748799825
189748806722
189748812581
189748819173
189748825521
189748831868
189748839376
189748846761
189748852864
189748859700
189748866048
189748870809
189748877767
189748884419
189748890401
189748896016
189748904256
189748909871
189748917256
189748922749
189748930379
189748935750
189748944234
189748951009
189748957600
189748963887
189748969868
189748975850
189748982014
189748986836
189748994710
189749001729
189749008198
189749014790
189749021809
189749027119
189749033650
189749039692
189749047261
189749053669
189749058857
189749066487
189749071980
189749079060
189749084675
189749093525
189749100910
189749107930
189749113850
189749120381
189749126789
189749133442
189749140156
189749146931
189749154011
189749160847
189749167622
189749174763
189749181355
189749186359
189749193195
189749200886
189749209492
189749224262
189749237385
189749246113
189749250935
189749258198
189749263264
189749271015
189749278034
189749284687
189749291645
189749296406
189749303913
189749310993
189749317463
189749322162
189749329426
189749334003
189749341205
189749346515
189749353962
189749360553
189749369342
189749374836
189749383075
189749386859
189749396015
189749402790
189749408222
189749413715
189749421161
189749428485
189749433368
189749441242
189749446247
189749451679
189749460285
189749467731
189749474384
189749480243
189749486896
189749494037
189749500018
189749506366
189749513202
189749519672
189749526263
189749532550
189749539020
189749545550
189749552020
189749558734
189749565509
189749570941
189749577533
189749585162
189749589923
189749597735
189749603473
189749610553
189749618121
189749624103
189749629046
189749636371
189749640948
189749648211
189749654559
189749659991
189749666766
189749672931
189749678485
189749685809
189749691241
189749698077
189749705035
189749711077
189749717120
189749724505
189749729449
189749736163
189749741107
189749747515
189749755267
189749760577
189749765948
189749773882
189749780657
189749787127
189749791033
189749798968
189749804705
189749810870
189749817095
189749823260
189749830645
189749837237
189749842486
189749849139
189749857195
189749864031
189749871660
189749876909
189749884417
189749889239
189749897539
189749902300
189749910723
189749917009
189749924761
189749930315
189749936602
189749943682
189749950274
189749955767
189749964006
189749969744
189749976763
189749982256
189749990251
189749995745
189750002092
189750007707
189750015276
189750023271
189750030046
189750036394
189750042558
189750048906
189750055498
189750062273
189750069963
189750076921
189750084367
189750092180
189750098222
