189244649626
189244659636
189244667632
189244673430
189244684660
189244692351
189244699126
189244706755
189244716398
189244722380
189244731047
189244739958
189244748381
189244754851
189244762968
189244770231
189244777556
189244785917
189244793791
189244800749
189244810148
189244816496
189244823576
189244829863
189244836882
189244842314
189244850737
189244857695
189244863676
189244871794
189244878935
189244887052
189244894071
189244901762
189244909452
189244915251
189244922270
189244931486
189244937406
189244945707
189244951627
189244960294
189244968412
189244977262
189244984891
189244991300
189244998563
189245006437
189245014005
189245019071
189245026578
189245034574
189245042447
189245049772
189245056608
189245063321
189245071317
189245078275
189245086087
189245093961
189245101896
189245108243
189245115506
189245121793
189245127408
189245135099
189245144742
189245152127
189245158841
189245165738
189245173001
189245178617
189245186795
189245194058
189245200467
189245207425
189245214322
189245221585
189245227628
189245235684
189245243131
189245249173
189245258084
189245264676
189245273099
189245279141
189245286465
189245294400
189245301175
189245308072
189245316922
189245321622
189245329617
189245333890
189245344266
189245351101
189245357998
189245367154
189245374722
189245381192
189245386990
189245395169
189245401638
189245409634
189245416592
189245424099
189245431485
189245438931
189245446926
189245454678
189245460415
189245468899
189245476956
189245483242
189245490017
189245497036
189245503628
189245511257
189245517605
189245525906
189245534084
189245542019
189245550381
189245559109
189245567837
189245575466
189245583950
189245593227
189245599026
189245608303
189245616482
189245622829
189245631985
189245640407
189245649379
189245655727
189245664699
189245671840
189245680690
189245687954
189245695217
189245703090
189245710659
189245717434
189245724269
189245733547
189245743495
189245750026
189245759120
189245765346
189245773403
189245783290
189245790431
189245797511
189245804592
189245812709
189245821315
189245830287
189245836452
189245844997
189245851161
189245858546
189245867335
189245873866
189245883388
189245890529
189245898097
189245904567
189245910304
189245917201
189245925380
189245933558
189245941127
189245947047
189245955409
189245959620
189245968959
189245977443
189245985438
189245992091
189245997889
189246005153
189246010951
189246018580
189246028041
189246034205
189246040370
189246047023
189246053492
189246061000
189246064906
189246074305
189246082789
189246090540
189246096705
189246103846
189246110499
189246115504
189246123621
189246132410
189246138453
189246144007
189246152552
189246158778
189246165614
189246171778
189246179407
189246187281
189246194300
189246200770
189246207178
189246214564
189246219507
189246228174
189246234278
189246243006
189246248743
189246257776
189246265162
189246271814
189246280787
189246286524
189246294336
189246300623
189246307398
189246313440
189246321253
189246325952
189246334925
189246343042
189246348291
189246355310
189246362268
189246368189
189246375086
189246381738
189246389978
189246396875
189246403223
189246410669
189246415003
189246424524
189246431360
189246437585
189246446313
189246453699
189246459985
189246466821
189246474145
189246479272
189246486902
189246494836
189246501123
189246508752
189246514856
189246520410
189246529138
189246534814
189246541528
189246547876
189246556848
189246562585
189246569177
189246576257
189246583276
189246590478
189246599206
189246606347
189246613977
189246621240
189246628320
189246635705
189246641625
189246648278
189246655969
189246663537
189246670739
189246677514
189246685449
189246691735
189246698693
189246706262
189246712853
189246719933
189246726342
189246732690
189246739709
189246747033
189246754296
189246761864
189246769494
189246777917
189246785729
189246792931
189246800988
189246808373
189246815026
189246821984
189246828393
189246835778
189246842370
189246848778
189246857750
189246864403
189246870690
189246879418
189246887413
189246895226
189246900658
189246908654
189246916222
189246920800
189246928978
189246936547
189246943077
189246949730
189246956993
189246964806
189246970787
189246976830
189246982811
189246989769
189246997215
189247005089
189247010887
189247015892
189247024986
189247032005
189247038536
189247043602
189247051170
189247058067
189247064659
189247071007
189247078575
189247085289
189247090355
189247098350
189247105003
189247111351
189247119591
189247125145
189247134117
189247141380
189247148094
189247157066
189247163231
189247169517
189247177452
189247184532
189247191856
189247197837
189247204795
189247212242
189247218345
189247226097
189247232749
189247239036
189247246849
189247251975
189247259300
189247266441
189247273582
189247280113
189247285545
189247292381
189247299217
189247305808
189247313010
189247319297
189247326988
189247332786
189247338950
189247345359
189247351585
189247358115
189247364158
189247373130
189247379295
189247384482
189247392173
189247399924
189247405723
189247414756
189247419883
189247427207
189247432151
189247439292
189247445823
189247452964
189247461203
189247468222
189247473899
189247480735
189247487998
189247493674
189247499778
189247507651
189247513694
189247519492
189247524253
189247530661
189247537680
189247543051
189247552390
189247558249
189247564841
189247569602
189247576743
189247581015
189247587851
189247593405
189247601584
189247607871
189247614279
189247620383
189247627280
189247631003
189247639365
189247646323
189247652243
189247658469
189247665366
189247671347
189247678549
189247683981
189247692099
189247698569
189247704733
189247710898
189247717612
189247724081
189247730246
189247737509
189247745199
189247751791
189247760397
189247767111
189247774008
189247780783
189247788961
189247793905
189247802694
189247809347
189247814291
189247820517
189247827597
189247834616
189247842977
189247850363
189247856466
189247863119
189247869650
189247877767
189247883016
189247890829
189247897238
189247903829
189247910116
189247916769
189247926473
189247932943
189247940267
189247947652
189247954000
189247961568
189247969869
189247975851
189247983663
189247989767
189247995992
189248003927
189248009969
189248016561
189248023458
189248030477
189248036825
189248043355
189248050985
189248058919
189248065938
189248073079
189248079549
189248085469
189248094014
189248101522
189248106832
189248112935
189248119954
189248126729
189248134358
189248139791
189248148580
189248153401
189248160909
189248167317
189248172322
189248180379
189248186238
189248193135
189248201009
189248208211
189248214620
189248221700
189248229146
189248237386
189248242574
189248250569
189248258137
189248264485
189248271992
189248278157
189248285908
189248292744
189248299214
189248306965
189248312581
189248320393
189248328023
189248333577
189248341572
189248347493
189248354634
189248364399
189248370503
189248379475
189248385212
189248392964
189248398579
189248404621
189248410542
189248416645
189248423481
189248430378
189248437702
189248445149
189248451069
189248458637
189248464558
189248471089
189248477558
189248482929
189248490986
189248497822
189248504841
189248511921
189248518635
189248526081
189248534077
189248540791
189248547199
189248552875
189248560993
189248567768
189248574238
189248580768
189248585529
189248592548
189248599567
189248605976
189248613178
189248619831
189248626179
189248631977
189248638141
189248645221
189248651996
189248660541
189248667072
189248672931
189248678424
189248685871
189248691852
189248699482
189248706195
189248710773
189248718280
189248724018
189248729450
189248736164
189248743183
189248750446
189248756610
189248762287
189248766498
189248772235
189248780048
189248787494
189248794391
189248802448
189248810626
189248819110
189248824664
189248832721
189248840228
189248846820
189248854633
189248862201
189248869647
189248876910
189248883868
189248892413
189248898700
189248905597
189248912066
189248920978
189248926654
189248933001
189248940997
189248946734
189248955401
189248960955
189248968707
189248974871
189248981646
189248988055
189248994097
189248999835
189249006671
189249012774
189249020953
189249025714
189249034869
189249040057
189249046832
189249054461
189249059222
189249066485
189249072466
189249080096
189249087359
189249094378
189249102801
189249108050
189249117083
189249123614
189249130267
189249137774
189249144244
189249151202
189249157854
189249164812
189249171770
189249178667
189249185686
189249192950
189249198076
189249206438
189249213396
189249219439
189249226641
189249234575
189249240862
189249247881
189249254717
189249262163
189249268511
189249276140
189249283587
189249290117
189249296831
189249302019
189249307573
189249315386
189249321062
189249329607
189249336504
189249342363
189249349626
189249354509
189249361650
189249368364
189249375078
189249381120
189249388200
189249395281
189249401445
189249409380
189249416277
189249421465
189249429155
189249436113
189249441667
189249449174
189249455949
189249463029
189249468889
189249476152
189249483537
189249490251
189249497087
189249503251
189249510087
189249517290
189249524675
189249531083
189249537309
189249544816
189249551652
189249558183
189249566179
189249571977
189249579301
189249586686
189249594072
189249601701
189249606950
189249614518
189249620439
189249625871
189249635087
189249641435
189249647843
189249654313
189249660050
189249667008
189249671830
189249679032
189249685258
189249691056
189249699235
189249705582
189249711686
189249719804
189249726517
189249731889
189249738297
189249745133
189249751481
189249757462
189249764970
189249772050
189249779313
189249787675
189249793412
189249802628
189249807877
189249816239
189249824845
189249831864
189249838028
189249843705
189249851761
189249858597
189249865433
189249873001
189249880265
189249886979
189249891495
189249899674
189249908829
189249916275
189249921768
189249928238
189249935318
189249941239
189249950028
189249956803
189249963394
189249968949
189249976761
189249984085
189249989639
189249995743
189250004166
189250011063
189250016922
189250022964
189250031082
189250036026
189250044327
189250049393
189250055679
189250063858
189250069473
189250076492
189250084427
189250089798
189250097671
189250105484
189250111648
189250118789
189250125320
189250131729
189250141128
189250148452
189250155655
189250162735
189250168960
189250174514
189250182083
189250189529
189250195694
189250202652
189250208572
189250216262
189250223098
189250230361
189250236282
189250244216
189250251052
189250257949
189250264297
189250272537
189250279250
189250286514
189250292312
189250299148
189250305740
189250311721
189250318984
189250326980
189250332046
189250340224
189250346572
189250354079
189250359878
189250367202
189250373916
189250382278
189250386916
189250394607
189250402419
189250407912
189250416457
189250422866
189250430007
189250435683
189250442824
189250450271
189250458022
189250465163
189250471938
189250478164
189250485549
189250492141
189250497634
189250506667
189250513259
189250520034
189250526320
189250533522
189250538344
189250545058
189250552626
189250559035
189250566786
189250572768
189250579115
189250586134
189250593153
189250599379
189250606337
189250612013
189250618544
189250624403
189250631239
189250636183
189250644423
189250650648
189250657912
189250662611
189250668410
189250676344
189250682936
189250689650
189250697706
189250703505
189250709974
189250717299
189250721815
189250728529
189250735365
189250742384
189250747633
189250753431
189250760084
189250768080
189250775282
189250783705
189250789747
189250798109
189250806410
189250814527
189250819471
189250828321
189250835768
189250842359
189250849134
189250856336
189250862562
189250868360
189250876844
189250883497
189250890211
189250897596
189250903150
189250909376
189250917249
189250922742
189250932508
189250939466
189250945081
189250953016
189250960889
189250966566
189250973829
189250979200
189250985914
189250994092
189251001417
189251007642
189251015577
189251022107
189251027417
189251033521
189251039624
189251048475
189251055005
189251062207
189251067395
189251075513
189251081678
189251089612
189251097242
189251102368
189251110242
189251116284
189251123181
189251130689
189251138318
189251146924
189251153089
189251159986
189251166638
189251173108
189251180249
189251187146
189251194104
189251200818
189251208447
189251214063
189251220471
189251227429
189251235486
189251240735
189251250073
189251256299
189251261304
189251268262
189251275586
189251281079
189251287060
189251293591
189251300793
189251306408
189251313550
189251322033
189251327038
189251334729
189251339856
189251346814
189251353894
189251361950
189251368420
189251374707
189251382153
189251389477
189251395764
189251405163
189251412548
189251419018
189251425671
189251432507
189251438915
189251447094
189251454357
189251460644
189251468578
189251475903
189251482983
189251487499
189251496105
189251502209
189251510754
189251517040
189251522594
189251530773
189251538158
189251545849
189251553661
189251558056
189251565929
189251574291
189251579662
189251586620
189251594188
189251601513
189251608043
189251616039
189251620861
189251628551
189251634288
189251641613
189251648693
189251655101
189251660473
189251665172
189251671276
189251677562
189251686718
189251692394
189251698680
189251705883
189251710277
189251716808
189251723033
189251729198
189251734569
189251742076
189251749034
189251756847
189251764110
189251771190
189251777965
189251784618
189251792430
189251797740
189251805492
189251811900
189251818919
189251826366
189251832957
189251839061
189251845531
189251852061
189251856883
189251863719
189251873607
189251879527
189251884654
189251891917
189251896922
189251904307
189251909312
189251915599
189251922069
189251930858
189251937205
189251943492
189251949900
189251956187
189251960765
189251968455
189251975291
189251981395
189251987559
189251993663
189251999522
189252003916
189252010325
189252017527
189252024974
189252030467
189252038584
189252046336
189252052867
189252058726
189252065379
189252072154
189252077586
189252084483
189252089671
189252097422
189252102610
189252109995
189252116526
189252124461
189252128977
189252135813
189252142222
189252148264
189252153757
189252160471
189252168528
189252173716
189252181528
189252186167
189252193674
189252200388
189252205454
189252213938
189252221567
189252227427
189252232798
189252237803
189252245615
189252251658
189252257212
189252263559
189252271921
189252278208
189252284433
189252290354
189252296457
189252303171
189252310129
189252316110
189252321665
189252327402
189252333811
189252340341
189252344919
189252352854
189252359384
189252366647
189252371652
189252377451
189252382150
189252389597
189252395212
189252400461
189252409006
189252414255
189252420175
189252427682
189252432199
189252439584
189252445993
189252452829
189252460885
189252466318
189252474069
189252479013
189252485910
189252492807
189252499154
189252505014
189252513315
189252519784
189252526071
189252533090
189252540170
189252546151
189252553109
189252561044
189252566537
189252572580
189252578927
189252586557
189252591317
189252598825
189252604684
189252611947
189252617868
189252624276
189252630075
189252635690
189252641305
189252648263
189252656808
189252662057
189252669747
189252674813
189252681588
189252686349
189252692086
189252700143
189252705148
189252710824
189252718453
189252723092
189252730355
189252736520
189252743600
189252751656
189252758187
189252763680
189252769662
189252775643
189252781624
189252787972
189252795785
189252804146
189252809945
189252817208
189252823800
189252831612
189252839058
189252845711
189252852913
189252859810
189252867012
189252872078
189252879830
189252885811
189252892830
189252900154
189252906807
189252913399
189252918465
189252925545
189252931709
189252938240
189252944527
189252951058
189252955391
189252962471
189252966622
189252973763
189252978157
189252985848
189252991402
189252999031
189253004890
189253012886
189253020454
189253026985
189253032906
189253039192
189253045967
189253053169
189253059822
189253065376
189253073189
189253079292
189253086799
189253093452
189253099434
189253105781
189253112617
189253119453
189253125251
189253134285
189253141426
189253148750
189253155891
189253162910
189253169380
189253178535
189253183906
189253192512
189253198310
189253205696
189253213691
189253221748
189253228095
189253236396
189253242744
189253249519
189253256233
189253262580
189253268623
189253275764
189253283332
189253288581
189253296333
189253301887
189253308906
189253316840
189253324042
189253330573
189253336677
189253342475
189253349494
189253356208
189253361518
189253369636
189253375495
189253381476
189253389045
189253396613
189253401984
189253409125
189253416327
189253421637
189253429328
189253435737
189253442023
189253450751
189253457953
189253464240
189253472846
189253479438
189253485541
189253491706
189253498969
189253505561
189253514350
189253520575
189253528021
189253534918
189253542365
189253549262
189253556952
189253562079
189253569708
189253575934
189253582770
189253590765
189253598639
189253605658
189253612494
189253618903
189253628241
189253634528
189253642340
189253649847
189253655035
189253662054
189253668402
189253674139
189253682196
189253689459
189253696905
189253703558
189253709845
189253717657
189253722784
189253730780
189253737982
189253744207
189253751349
189253757269
189253764105
189253770819
189253778143
189253785284
189253791204
189253798468
189253805609
189253810675
189253818365
189253825628
189253833380
189253839727
189253847234
189253854070
189253861517
189253868414
189253874639
189253881780
189253887823
189253893316
189253902044
189253909002
189253916021
189253921697
189253927496
189253936407
189253943120
189253947759
189253955877
189253961919
189253968755
189253975652
189253981939
189253987676
189253992559
189254000615
189254006536
189254013860
189254019414
189254025884
189254032476
189254037847
189254043157
189254048650
189254056462
189254062261
189254069829
189254075444
189254082341
189254087468
189254094670
189254101262
189254107549
189254114080
189254120305
189254126775
189254132085
189254138677
189254146977
189254153813
189254160100
189254166142
189254172917
189254179204
189254185246
189254191533
189254200444
189254207341
189254214482
189254222905
189254228276
189254237248
189254244572
189254251591
189254259587
189254267460
189254275639
189254280888
189254286809
189254294377
189254301335
189254308232
189254316716
189254321110
189254328679
189254336613
189254343266
189254349308
189254355534
189254360966
189254367802
189254377018
189254383610
189254389714
189254396794
189254401554
189254408390
189254414982
189254422917
189254428959
189254436039
189254443119
189254449772
189254457096
189254466801
189254472904
189254480412
189254485966
189254493412
189254501163
189254508854
189254515812
189254521061
189254529362
189254537235
189254544010
189254552128
189254560917
189254567142
189254573002
189254580509
189254587284
189254594120
189254601261
189254609012
189254613712
189254621402
189254628971
189254634098
189254641117
189254647709
189254654117
189254662296
189254667667
189254675540
189254684207
189254691104
189254697574
189254702518
189254711490
189254717166
189254723697
189254729434
189254737979
189254745731
189254752750
189254758426
189254766055
189254772830
189254779422
189254786258
189254793094
189254800540
189254806461
189254813296
189254819949
189254827151
189254835391
189254842715
189254849856
189254856631
189254864383
189254871890
189254879764
189254885989
189254893069
189254899417
189254906192
189254912295
189254919803
189254925845
189254932437
189254938601
189254945742
189254951175
189254958804
189254968081
189254973269
189254981448
189254985964
189254992800
189255000613
189255006594
189255015383
189255021060
189255028323
189255035830
189255042544
189255049929
189255056582
189255063845
189255071841
189255075381
189255083620
189255090578
189255097781
189255105471
189255111636
189255119570
189255126833
189255133059
189255139529
189255147219
189255153811
189255160586
189255167361
189255174807
189255181887
189255188967
189255195864
189255202456
189255210817
189255217470
189255224367
189255231386
189255237307
189255243837
189255251284
189255257692
189255264528
189255271669
189255278139
189255286196
189255291811
189255298097
189255304933
189255311037
189255316835
189255323732
189255330446
189255338564
189255344118
189255352174
189255360658
189255365846
189255373476
189255378236
189255386659
189255392946
189255400575
189255409608
189255417360
189255424013
189255431459
189255438051
189255444215
189255452028
189255458925
189255467470
189255472719
189255480043
189255486390
189255492677
189255500306
189255507692
189255514222
189255520448
189255527894
189255534791
189255541261
189255547975
189255555482
189255561830
189255567567
189255573548
189255582215
189255589784
189255594667
189255601869
189255607362
189255614076
189255621522
189255625977
189255634217
189255639832
189255647706
189255654176
189255660279
189255667176
189255672791
189255678223
189255684815
189255692811
189255699342
189255705567
189255714173
189255720277
189255727662
189255736756
189255744141
189255750489
189255758607
189255763611
189255771058
189255776246
189255784607
189255792054
189255797669
189255806031
189255812012
189255820252
189255828919
189255833680
189255840882
189255847351
189255853577
189255858399
189255867005
189255875183
189255880677
189255887818
189255895264
189255901367
189255907715
189255914185
189255920960
189255927551
189255933350
189255940918
189255947571
189255954651
189255960999
189255968933
189255975525
189255980530
189255988159
189255993286
189256001282
189256008545
189256015686
189256022705
189256029053
189256036377
189256042908
189256048523
189256056457
189256063965
189256069824
189256076660
189256085449
189256091491
189256098999
189256106384
189256111450
189256119690
189256125854
189256133850
189256140442
189256148681
189256154968
189256162170
189256168518
189256174926
189256180908
189256188171
189256195678
189256200927
189256208496
189256214721
189256220947
189256225952
189256232665
189256240173
189256246948
189256254272
189256260680
189256267883
189256274108
189256281371
189256286864
189256294067
189256300597
189256307555
189256313415
189256321227
189256329223
189256334655
189256343139
189256349425
189256356261
189256363891
189256370788
189256378539
189256384398
189256391906
189256398314
189256404662
189256413451
189256420043
189256427794
189256433776
189256440978
189256446410
189256453124
189256459838
189256465514
189256472045
189256480223
189256486876
189256493651
189256500670
189256507994
189256513793
189256520812
189256527098
189256533995
189256539671
189256546996
189256554076
189256560606
189256568663
189256574828
189256580626
189256587096
189256593687
189256601744
189256608397
189256617613
189256623595
189256631346
189256637327
189256646300
189256652525
189256659300
189256665831
189256672484
189256677855
189256684507
189256693419
189256699705
189256706480
189256713377
189256719786
189256725035
189256732237
189256738768
189256745970
189256750486
189256757505
189256763975
189256770323
189256777281
189256784788
189256793211
189256800352
189256807859
189256815367
189256821775
189256828367
189256834348
189256841001
189256849058
189256856809
189256861570
189256870420
189256876951
189256885618
189256892576
189256899534
189256905271
189256912412
189256919004
189256926206
189256931455
189256939695
189256946897
189256953550
189256961728
189256967771
189256975156
189256982053
189256987363
189256996152
189257003110
189257008725
189257016294
189257023435
189257031858
189257038388
189257044614
189257051816
189257058591
189257065915
189257072385
189257079953
189257087705
189257094724
189257102109
189257108762
189257115537
189257121884
189257127194
189257134885
189257141110
189257148129
189257154660
189257160703
189257169125
189257176389
189257181454
189257188412
189257194821
189257202145
189257209286
189257215451
189257221249
189257229306
189257236569
189257242612
189257250302
189257257565
189257263119
189257270749
189257277890
189257286068
189257293515
189257301815
189257308285
189257315487
189257323300
189257331356
189257335080
189257344479
189257350888
189257357968
189257366513
189257373532
189257380673
189257390194
189257396481
189257403012
189257411007
189257417660
189257424557
189257431942
189257439694
189257446529
189257452938
189257460079
189257466000
189257472408
189257480587
189257487301
189257493771
189257500851
189257508236
189257514828
189257520992
189257528683
189257535946
189257544063
189257549434
189257557674
189257565243
189257572872
189257580440
189257588253
189257593441
189257599483
189257607235
189257614864
189257621639
189257629207
189257636592
189257642452
189257649105
189257655757
189257662899
189257670650
189257677242
189257684505
189257690181
189257698543
189257705074
189257711727
189257719051
189257725643
189257731807
189257739253
189257745845
189257752559
189257757198
189257764888
189257772212
189257778926
189257784785
189257790828
189257799068
189257805110
189257811580
189257817561
189257823970
189257830623
189257838130
189257843928
189257852229
189257859675
189257865840
189257873042
189257878169
189257885859
189257891902
189257900264
189257906428
189257914119
189257922358
189257929316
189257936518
189257944331
189257950618
189257957881
189257964778
189257971797
189257979182
189257985530
189257992182
189257999446
189258006465
189258013362
189258023676
189258029658
189258036433
189258044550
189258051203
189258057856
189258064570
189258071345
189258077387
189258083979
189258091425
189258098994
189258105036
189258111994
189258118525
189258127009
189258132502
189258139704
189258146357
189258153376
189258161432
189258166254
189258174799
189258181330
189258187800
189258193781
189258200312
189258207453
189258214777
189258220636
189258227045
189258235041
189258242304
189258248712
189258257196
189258263788
189258270563
189258275385
189258282404
189258289545
189258295770
189258303400
189258309686
189258313593
189258322321
189258328668
189258335993
189258343073
189258350397
189258356195
189258361932
189258367548
189258373529
189258380609
189258387750
189258393549
189258400445
189258405633
189258411676
189258418146
189258423456
189258431940
189258438226
189258441522
189258450067
189258453668
189258461358
189258467279
189258474176
189258482171
189258486627
189258493463
189258497735
189258504571
189258510675
189258516717
189258524286
189258531610
189258537286
189258543695
189258548822
189258555902
189258563409
189258568597
189258576837
189258583306
189258586907
189258594781
189258600884
189258607293
189258613397
189258620538
189258627679
189258634393
189258641229
189258647576
189258653191
189258659295
189258665704
189258672601
189258678338
189258685174
189258691949
189258699883
189258710931
189258720452
189258727044
189258733086
189258738091
189258745965
189258752740
189258758965
189258765801
189258770867
189258779412
189258784844
189258792901
189258797844
189258805779
189258810234
189258816948
189258823906
189258831719
189258837944
189258843254
189258850701
189258855767
189258860894
189258868767
189258875725
189258883538
189258888115
189258895867
189258902580
189258908623
189258914177
189258921440
189258928887
189258934013
189258940666
189258947624
189258953728
189258958488
189258965935
189258972343
189258979790
189258985100
189258991142
189258997978
189259002861
189259007927
189259015007
189259023674
189259030388
189259036247
189259042167
189259048149
189259053825
189259057792
189259065056
189259072563
189259079826
189259085258
189259092155
189259097648
189259104545
189259111686
189259117363
189259124992
189259130424
189259137321
189259143180
189259150627
189259154411
189259162895
189259170036
189259176750
189259181388
189259188957
189259196586
189259201408
189259208244
189259215263
189259223258
189259229057
189259235404
189259240775
189259248283
189259253654
189259261710
189259268058
189259274284
189259279472
189259287284
189259293082
189259300284
189259304618
189259311637
189259320243
189259325065
189259331779
189259338492
189259344413
189259349051
189259355948
189259363273
189259370231
189259375724
189259382560
189259387504
189259394156
189259399283
189259406791
189259413199
189259420401
189259427237
189259433524
189259438163
189259445792
189259452506
189259459586
189259465750
189259472953
189259479544
189259484427
189259492911
189259500723
189259507132
189259512869
189259521719
189259529166
189259536124
189259543082
189259548880
189259556754
189259562979
189259570120
189259578787
189259583731
189259591299
189259598929
189259605582
189259612845
189259619253
189259627188
189259632132
189259639639
189259645621
189259653433
189259661062
189259667227
189259674612
189259680410
189259686209
189259692923
189259699636
189259706961
189259712942
189259719412
189259726614
189259732595
189259739614
189259747061
189259754507
189259761648
189259768362
189259774221
189259779836
189259787283
189259794973
189259802297
189259808645
189259814626
189259820303
189259826162
189259834097
189259840749
189259847891
189259854543
189259859182
189259866079
189259873525
189259879995
189259887380
189259894765
189259901235
189259908132
189259914236
189259919668
189259926382
189259932180
189259939565
189259944753
189259950246
189259956350
189259962392
189259969045
189259976369
189259983571
189259989797
189259996633
189260002919
189260009572
189260015371
189260022817
189260029287
189260037954
189260045583
189260051747
189260060170
189260064931
189260072927
189260080190
189260088674
189260094899
189260099477
189260109120
189260116811
189260122609
189260132253
189260139272
189260146291
189260152272
189260159291
189260167043
189260174611
189260181569
189260189564
189260195607
189260203664
189260211232
189260217763
189260224476
189260231801
189260238026
189260244374
189260251210
189260257069
189260264576
189260271168
189260278126
189260284718
189260291127
189260297535
189260303944
189260311146
189260317067
189260322316
189260329457
189260336232
189260342396
189260349415
189260356800
189260362599
189260369984
189260376759
189260382679
189260390797
189260397144
189260405872
189260413075
189260418934
189260425831
189260434193
189260441456
189260448353
189260455250
189260462025
189260467274
189260474049
189260480091
189260489613
189260496387
189260501514
189260509876
189260516834
189260522205
189260529529
189260536426
189260542286
189260548877
189260554004
189260560291
189260564930
189260572376
189260578602
189260584522
189260590809
189260596424
189260603748
189260610401
189260617176
189260624012
189260631153
189260636341
189260644519
189260652759
189260657764
189260665210
189260672046
189260677844
189260684375
189260690296
189260697620
189260703662
189260711963
189260719409
189260725879
189260731677
189260739063
189260745532
189260753711
189260760669
189260767810
189260774524
189260780261
189260785388
189260792834
189260799609
189260806445
189260814502
189260819629
189260826831
189260832812
189260840075
189260845691
189260851550
189260858752
189260863635
189260870349
189260875720
189260883715
189260891406
189260898242
189260903674
189260910205
189260915942
189260922839
189260928027
189260934252
189260941394
189260948046
189260954760
189260960864
189260967028
189260972827
189260979724
189260986193
189260992480
189260998278
189261003283
189261009264
189261016650
189261024157
189261030932
189261036852
189261043871
189261051623
189261060107
189261067553
189261074145
189261082262
189261089281
189261096728
189261103564
189261110583
189261116869
189261123888
189261131945
189261139452
189261145189
189261152880
189261159533
189261166369
189261171679
189261180040
189261188707
189261194201
189261202806
189261208971
189261215929
189261223253
189261230455
189261236681
189261242357
189261249498
189261255113
189261262377
189261269213
189261276232
189261283251
189261289598
189261296129
189261301805
189261309190
189261314501
189261322435
189261329637
189261335313
189261343553
189261351122
189261357896
189261363878
189261369615
189261377794
189261384447
189261391893
189261398729
189261404649
189261411668
189261417711
189261426500
189261434556
189261439683
189261446824
189261453294
189261460313
189261467576
189261476365
189261484422
189261490525
189261497361
189261504014
189261509263
189261517686
189261525560
189261530564
189261537828
189261543748
189261549913
189261557359
189261564195
189261571885
189261575791
189261584641
189261590257
189261596604
189261601853
189261608323
189261614732
189261620957
189261628342
189261635850
189261642136
189261648789
189261654954
189261662522
189261669236
189261675706
189261681870
189261690171
189261697251
189261704697
189261710129
189261718430
189261725205
189261731553
189261739487
189261745652
189261751816
189261759507
189261765976
189261772812
189261780991
189261786850
189261795334
189261801377
189261808701
189261814438
189261822251
189261829087
189261835678
189261842209
189261847275
189261854904
189261861069
189261867539
189261874375
189261882553
189261888291
189261894333
189261900131
189261907333
189261912338
189261919663
189261927292
189261934738
189261942551
189261947800
189261954758
189261961716
189261968918
189261977219
189261983078
189261990768
189261996933
189262003586
189262010300
189262016403
189262025253
189262030929
189262038254
189262044601
189262051559
189262059494
189262066757
189262073532
189262081833
189262087936
189262094162
189262101791
189262108078
189262117721
189262123519
189262129928
189262136825
189262144210
189262150192
189262157089
189262163558
189262171066
189262176071
189262183761
189262188888
189262195663
189262201705
189262208419
189262212447
189262219466
189262225997
189262232650
189262239852
189262247604
189262254562
189262259994
189262268172
189262274703
189262281539
189262288436
189262295333
189262302413
189262310775
189262318587
189262325057
189262331588
189262338668
189262346236
189262354964
189262361739
189262368453
189262375777
189262381759
189262390426
189262397689
189262405867
189262412886
189262419478
189262425765
189262432357
189262439376
189262445296
189262452864
189262458480
189262463912
189262472151
189262479231
189262485640
189262492964
189262499495
189262505049
189262512373
189262518599
189262524153
189262531111
189262538618
189262545332
189262551680
189262560347
189262565535
189262572249
189262579512
189262585921
189262592451
189262597639
189262606062
189262610213
189262619307
189262628218
189262634443
189262640120
189262648481
189262653975
189262664106
189262669966
189262677046
189262681990
189262689802
189262697859
189262704390
189262711836
189262718489
189262725325
189262733320
189262738874
189262747297
189262753157
189262759809
189262767622
189262772444
189262780866
189262785871
189262794599
189262802168
189262807600
189262815168
189262821333
189262827924
189262833234
189262841169
189262847272
189262853864
189262860944
189262867719
189262874616
189262881513
189262887250
189262892866
189262900556
189262907392
189262913740
189262921369
189262928998
189262936200
189262942792
189262949384
189262956464
189262963544
189262969709
189262978132
189262985517
189262992597
189262999799
189263007001
189263015241
189263020795
189263030011
189263035321
189263043561
189263051435
189263056745
189263063825
189263069928
189263077435
189263084760
189263091657
189263097882
189263104596
189263112897
189263119733
189263125165
189263132611
189263139142
189263145428
189263152447
189263160260
189263166241
189263172772
189263178509
189263185101
189263189679
189263198102
189263205182
189263212262
189263220379
189263227398
189263233868
189263240094
189263247296
189263255230
189263261700
189263268414
189263273907
189263282696
189263289959
189263296917
189263304180
189263310467
189263318524
189263323956
189263331158
189263338909
189263345379
189263353192
189263359478
189263366070
189263372112
189263377545
189263385540
189263393231
189263400677
189263407879
189263414043
189263419781
189263425396
189263431255
189263438091
189263443462
189263451275
189263457012
189263462994
189263466534
189263474163
189263481426
189263487102
189263492901
189263498882
189263505230
189263510723
189263518230
189263524517
189263531780
189263539104
189263545086
189263551067
189263556926
189263562175
189263566753
189263574688
189263581462
189263588604
189263596721
189263602336
189263610271
189263618816
189263625225
189263633769
189263641399
189263645976
189263654460
189263660503
189263668376
189263673869
189263681621
189263689494
189263696086
189263701640
189263709697
189263716655
189263721050
189263728679
189263735942
189263742717
189263749004
189263755656
189263762370
189263770244
189263776103
189263782756
189263788615
189263795573
189263802226
189263808940
189263815837
189263823771
189263828532
189263836711
189263843059
189263850505
189263855937
189263862895
189263867656
189263873454
189263880473
189263886210
189263894999
189263901103
189263907206
189263910807
189263920024
189263925517
189263933329
189263940776
189263946879
189263953471
189263958598
189263965617
189263971598
189263979716
189263986735
189263994120
189264000895
189264006083
189264013651
189264021769
189264029276
189264036600
189264041727
189264048930
189264053568
189264061076
189264068095
189264074930
189264081461
189264088114
189264095927
189264101664
189264107767
189264113383
189264120096
189264126200
189264132486
189264139139
189264145670
189264152506
189264157816
189264163858
189264172159
189264178263
189264183939
189264189371
189264194742
189264200602
189264208231
189264214579
189264221414
189264229044
189264235086
189264243814
189264249979
189264257669
189264266336
189264271219
189264279093
189264286722
189264293436
189264300333
189264306802
189264315469
189264321512
189264330179
189264336893
189264344522
189264352640
189264359537
189264364603
189264371622
189264378274
189264385965
189264393533
189264398538
189264406595
189264411722
189264419412
189264426004
189264432657
189264438699
189264445352
189264452005
189264459268
189264466470
189264472512
189264478311
189264486184
189264494119
189264498391
189264506875
189264512612
189264518716
189264526406
189264533914
189264542337
189264546365
189264556375
189264561318
189264569436
189264575417
189264581826
189264590615
189264597329
189264602944
189264611062
189264618081
189264625039
189264632912
189264638100
189264645791
189264652627
189264658669
189264665383
189264674294
189264681496
189264687905
189264694741
189264701272
189264708779
189264715737
189264720559
189264727639
189264735146
189264742104
189264749428
189264756508
189264761513
189264769570
189264775307
189264785195
189264790871
189264797341
189264803261
189264809731
189264817116
189264824929
189264832802
189264839333
189264845803
189264852394
189264858681
189264864601
189264871315
189264879372
189264884133
189264891579
189264899574
189264907204
189264914833
189264922646
189264930336
189264936439
189264943764
189264951820
189264956886
189264966164
189264973305
189264981239
189264988441
189264996010
189265003822
189265011024
189265017616
189265023414
189265029701
189265034706
189265042640
189265048439
189265055092
189265062660
189265067115
189265073524
189265081825
189265088661
189265094459
189265100746
189265105934
189265111488
189265118629
189265124977
189265132118
189265139320
189265145301
189265151466
189265158424
189265162879
189265170326
189265175880
189265183448
189265189613
189265196998
189265203590
189265210243
189265217139
189265224158
189265229469
189265235877
189265242286
189265248511
189265254432
189265260963
189265269324
189265274818
189265281837
189265287147
189265293738
189265298926
189265306434
189265312476
189265320655
189265325782
189265333533
189265339637
189265345679
189265349341
189265357581
189265364905
189265371680
189265377295
189265383643
189265390296
189265396460
189265402625
189265410193
189265417517
189265422522
189265428809
189265433692
189265440283
189265445471
189265452429
189265458533
189265466956
189265472693
189265478613
189265482031
189265489233
189265496069
189265500952
189265509741
189265514746
189265522437
189265528784
189265535010
189265541357
189265546973
189265553625
189265561438
189265566321
189265573157
189265578100
189265585242
189265590491
189265596228
189265603674
189265610571
189265616064
189265623938
189265630102
189265636877
189265642981
189265649756
189265655981
189265663488
189265667822
189265675390
189265681616
189265687963
189265695410
189265700598
189265707678
189265714209
189265720556
189265727209
189265732885
189265739477
189265744787
189265751867
189265757665
189265764379
189265772131
189265776220
189265785497
189265793737
189265798925
189265806310
189265813085
189265819189
189265825536
189265831152
189265835973
189265842687
189265849157
189265855810
189265863439
189265868322
189265876012
189265881139
189265886449
189265894384
189265900731
189265906835
189265913183
189265918981
189265924413
189265931615
189265937963
189265946080
189265952550
189265959691
189265965245
189265972020
189265977880
189265984349
189265990331
189265996434
189266004186
189266010045
189266017308
189266023839
189266030187
189266034642
189266041966
189266049230
189266056310
189266062291
189266068456
189266075108
189266081090
189266087193
189266095189
189266101476
189266108800
189266115147
189266120518
189266128209
189266133580
189266139806
189266147923
189266154210
189266160191
189266165868
189266171178
189266177159
189266181248
189266188450
189266196934
189266202000
189266209691
189266214757
189266221592
189266226536
189266233311
189266238499
189266245701
189266251683
189266258091
189266264195
189266270970
189266277195
189266284764
189266291905
189266298741
189266304417
189266310215
189266316441
189266322788
189266330052
189266335301
189266342625
189266349949
189266356236
189266361668
189266368809
189266374180
189266381687
189266390537
189266395603
189266401402
189266408299
189266414829
189266421665
189266426609
189266434483
189266443027
189266448337
189266454807
189266461094
189266467197
189266473423
189266479893
189266486728
189266493686
189266498630
189266504368
189266509250
189266517307
189266523349
189266530857
189266538120
189266544285
189266549106
189266554905
189266560764
189266566684
189266573276
189266579746
189266586460
189266593723
189266600498
189266605869
189266613498
189266618808
189266624118
189266631137
189266638400
189266644321
189266651706
189266655307
189266663059
189266670078
189266676669
189266683322
189266690036
189266696872
189266701572
189266708652
189266714877
189266720676
189266727878
189266735324
189266741061
189266748935
189266754245
189266761752
189266767856
189266774631
189266781467
189266787875
189266794589
189266800387
189266805942
189266811618
189266817050
189266823337
189266831698
189266837314
189266843539
189266850192
189266856173
189266861300
189266868686
189266874728
189266881869
189266887423
189266893038
189266898837
189266906100
189266909762
189266918856
189266925753
189266932528
189266938998
189266944857
189266950900
189266957064
189266963839
189266969637
189266978182
189266983737
189266991122
189266996371
189267002779
189267010409
189267015719
189267024508
189267029513
189267035311
189267042513
189267046480
189267054598
189267060946
189267067721
189267074862
189267081576
189267088839
189267093661
189267100496
189267107210
189267114046
189267119600
189267126253
189267132174
189267139254
189267145296
189267151522
189267156282
189267164888
189267171724
189267178743
189267184420
189267190767
189267195650
189267201815
189267207430
189267214632
189267220980
189267228487
189267234529
189267240389
189267247347
189267250887
189267258760
189267265474
189267271822
189267278475
189267283601
189267291353
189267296236
189267303133
189267310457
189267319063
189267324739
189267331270
189267338960
189267344270
189267351594
189267357271
189267363679
189267371553
189267376131
189267383394
189267391206
189267397371
189267402986
189267409395
189267416414
189267423494
189267429780
189267434419
189267441438
189267447603
189267452852
189267460542
189267466584
189267472505
189267479158
189267484956
189267491426
189267494905
189267502534
189267510346
189267516511
189267521272
189267527680
189267533723
189267539887
189267546906
189267551850
189267559663
189267566560
189267572724
189267577546
189267584748
189267589875
189267596589
189267602570
189267611054
189267614838
189267623444
189267631318
189267636384
189267640534
189267650117
189267657380
189267664521
189267669770
189267676606
189267682953
189267689850
189267696625
189267702424
189267710175
189267716279
189267722382
189267727753
189267735505
189267741425
189267748322
189267754914
189267760834
189267765595
189267771393
189267778046
189267784272
189267791413
189267796479
189267803742
189267810822
189267816925
189267821869
189267827728
189267834625
189267839569
189267845978
189267854828
189267860993
189267868256
189267874848
189267880768
189267886810
189267893097
189267898956
189267906036
189267911896
189267918915
189267924835
189267931793
189267937408
189267945099
189267952850
189267958710
189267964630
189267971649
189267977997
189267984833
189267990448
189267999481
189268004608
189268011139
189268018158
189268025482
189268032196
189268037628
189268045684
189268051422
189268056549
189268064361
189268070221
189268076629
189268082183
189268088165
189268095184
189268101715
189268108734
189268113311
189268120452
189268126434
189268133453
189268138275
189268145049
189268151763
189268158111
189268162994
189268169402
189268176849
189268181609
189268190093
189268196136
189268202361
189268208038
189268212005
189268218780
189268224822
189268231292
189268238860
189268244109
189268251250
189268258025
189268264251
189268271026
189268276702
189268283721
189268291533
189268299468
189268306975
189268314361
189268321380
189268329009
189268334380
189268343230
189268348845
189268355498
189268360747
189268367339
189268374175
189268380278
189268388884
189268394622
189268400115
189268406218
189268409880
189268418242
189268424163
189268430876
189268438872
189268445342
189268451201
189268457182
189268462920
189268468657
189268474577
189268481535
189268489470
189268496245
189268503630
189268511076
189268517485
189268523833
189268530302
189268536894
189268543425
189268548735
189268555327
189268561186
189268568144
189268574553
189268582487
189268588041
189268593413
189268600615
189268605986
189268614653
189268620756
189268627409
189268634550
189268641325
189268648405
189268654692
189268660795
189268667082
189268673185
189268678190
189268686003
189268693205
189268700224
189268705351
189268711943
189268717008
189268723722
189268731657
189268737577
189268743009
189268750395
189268756498
189268762663
189268768583
189268775419
189268782621
189268788664
189268792570
189268800443
189268805265
189268811124
189268817106
189268824064
189268831693
189268838712
189268845487
189268850553
189268857206
189268862333
189268869901
189268877775
189268885404
189268892057
189268898649
189268906278
189268913053
189268921171
189268928434
189268935514
189268942960
189268949369
189268953946
189268961759
189268968961
189268974332
189268983487
189268988492
189268996366
189269001676
189269008878
189269015225
189269020841
189269027738
189269034146
189269041165
189269046414
189269051602
189269059476
189269065457
189269072293
189269076138
189269085355
189269091885
189269097928
189269103665
189269109463
189269115018
189269121304
189269127530
189269135220
189269141263
189269148038
189269153348
189269159878
189269165738
189269170987
189269177334
189269182461
189269190152
189269195096
189269201687
189269206875
189269214932
189269221768
189269228543
189269235012
189269241482
189269248867
189269253628
189269260891
189269267483
189269275296
189269280606
189269287991
189269292996
189269300564
189269305203
189269312832
189269318569
189269326870
189269332485
189269339382
189269344631
189269351833
189269356899
189269362881
189269370876
189269376980
189269383022
189269391079
189269394924
189269403103
189269409084
189269416958
189269422024
189269428554
189269432766
189269440090
189269447109
189269451748
189269459865
189269465603
189269473476
189269479702
189269485988
189269491543
189269497280
189269502956
189269508877
189269515346
189269521450
189269528713
189269533352
189269540126
189269546352
189269553859
189269558803
189269567165
189269572963
189269578884
189269586147
189269591213
189269598964
189269604701
189269611110
189269618862
189269625575
189269631984
189269638027
189269644374
189269650844
189269657802
189269664821
189269671962
189269678310
189269683742
189269689906
189269696620
189269702113
189269710170
189269717250
189269721156
189269728664
189269733913
189269741359
189269747157
189269754298
189269760768
189269766994
189269772914
189269778834
189269784266
189269790431
189269796901
189269803431
189269811183
189269816737
189269822596
189269828944
189269834193
189269840663
189269846522
189269853053
189269861110
189269867091
189269873927
189269879115
189269887232
189269892787
189269899317
189269907130
189269912013
189269918421
189269924769
189269931971
189269936732
189269944972
189269950099
189269958460
189269964137
189269970362
189269977198
189269982691
189269989466
189269995081
189270002772
189270010218
189270016199
189270022486
189270028406
189270035120
189270040980
189270047144
189270055262
189270061793
189270066614
189270072718
189270078943
189270085047
189270091517
189270096155
189270103602
189270110743
189270117212
189270123255
189270129602
189270136316
189270142115
189270149683
189270155176
189270160547
189270166895
189270172571
189270179407
189270183741
189270191370
189270200037
189270205347
189270212549
189270218836
189270223169
189270228784
189270235925
189270241235
189270249353
189270255029
189270261316
189270266748
189270274500
189270279688
189270287683
189270295984
189270302759
189270307703
189270313867
189270320276
189270326623
189270333887
189270339380
189270347558
189270352624
189270360620
189270365625
189270372766
189270379480
189270384912
189270392297
189270399316
189270404565
189270411706
189270416894
189270423547
189270428674
189270436731
189270443567
189270450830
189270456994
189270463342
189270470300
189270476403
189270481469
189270487573
189270494531
189270501306
189270506249
189270512902
189270519006
189270525720
189270531762
189270537866
189270545251
189270550256
189270556786
189270563622
189270568810
189270574303
189270581078
189270588464
189270595422
189270599999
189270608300
189270614892
189270621239
189270625817
189270633202
189270640954
189270646142
189270652550
189270658898
189270665795
189270672814
189270678124
189270685631
189270693139
189270698571
189270707055
189270713463
189270721398
189270729271
189270736351
189270744469
189270750573
189270757286
189270763878
189270770226
189270777184
189270784081
189270789635
189270796166
189270803612
189270808068
189270815819
189270820641
189270827416
189270832848
189270839989
189270845909
189270852135
189270858360
189270865318
189270869041
189270876915
189270884850
189270891014
189270897179
189270901512
189270907799
189270913902
189270920128
189270927269
189270935020
189270940269
189270947533
189270953575
189270959251
189270963585
189270971092
189270980247
189270985252
189270992210
189270998619
189271005211
189271012169
189271018516
189271024192
189271033409
189271037742
189271045494
189271051353
189271058128
189271064109
189271070945
189271078941
189271084190
189271091941
189271096702
189271104820
189271109519
189271117332
189271122154
189271130027
189271135215
189271142661
189271146201
189271155723
189271161643
189271168174
189271175132
189271182029
189271188071
189271193015
189271199302
189271205527
189271211265
189271217307
189271224448
189271229636
189271237022
189271242148
189271249900
189271255759
189271262046
189271267539
189271275290
189271281211
189271287497
189271293662
189271300559
189271308249
189271313437
189271321799
189271328940
189271335105
189271340232
189271346579
189271353354
189271358664
189271365805
189271372702
189271377829
189271384848
189271389975
189271397299
189271402426
189271410422
189271417075
189271423789
189271428000
189271436850
189271441977
189271447836
189271454428
189271459067
189271466635
189271473593
189271479086
189271485678
189271491721
189271496725
189271504050
189271509360
189271516501
189271521811
189271528647
189271532065
189271539938
189271547384
189271552328
189271560629
189271565756
189271572958
189271577292
189271584494
189271588949
189271596518
189271603903
189271610495
189271615683
189271623068
189271628195
189271635580
189271640768
189271647909
189271656393
189271661398
189271668844
189271675009
189271679403
189271686300
189271692892
189271699484
189271707540
189271713095
189271720724
189271727316
189271732931
189271739523
189271745138
189271753622
189271758749
189271763509
189271770467
189271775777
189271782430
189271788473
189271795919
189271802938
189271809469
189271815877
189271820272
189271826192
189271832174
189271838033
189271844259
189271852621
189271857870
189271863607
189271870382
189271876607
189271881734
189271888814
189271896993
189271902730
189271908407
189271914144
189271919759
189271925863
189271932637
189271937642
189271943929
189271951558
189271958577
189271964864
189271971639
189271977864
189271984639
189271989583
189271998311
189272004109
189272010152
189272016988
189272024373
189272029561
189272037129
189272043416
189272050374
189272056233
189272062642
189272068501
189272074666
189272080891
189272087117
189272093892
189272100484
189272106465
189272112752
189272118733
189272124959
189272131123
189272137471
189272145222
189272150532
189272157002
189272161824
189272168965
189272173909
189272181111
189272188069
189272195149
189272198689
189272206807
189272212605
189272219197
189272225117
189272232991
189272239766
189272246540
189272251057
189272259175
189272265156
189272271565
189272277973
189272284687
189272293232
189272298603
189272304402
189272311176
189272317219
189272324116
189272330158
189272338947
189272345722
189272351521
189272357075
189272362812
189272370441
189272374714
189272382709
189272389973
189272394489
189272400898
189272407368
189272413532
189272418293
189272425800
189272431721
189272438984
189272446125
189272451496
189272456318
189272462360
189272467365
189272474384
189272480304
189272488544
189272495563
189272501789
189272506122
189272513141
189272520771
189272525409
189272533344
189272538532
189272546344
189272551227
189272558185
189272565021
189272571796
189272577533
189272584613
189272592670
189272599262
189272605731
189272612323
189272620624
189272626666
189272634357
189272640582
189272648212
189272654559
189272660724
189272667316
189272674152
189272680011
189272688678
189272693988
189272701129
189272707294
189272712054
189272719256
189272726031
189272733539
189272737384
189272744891
189272750201
189272757464
189272763202
189272770587
189272777545
189272783404
189272788775
189272794696
189272801104
189272807391
189272814166
189272821856
189272828326
189272835894
189272842303
189272849444
189272855609
189272860003
189272868487
189272875689
189272882403
189272889544
189272896441
189272902667
189272907366
189272914752
189272922808
189272928729
189272934100
189272940997
189272947039
189272954424
189272959551
189272967669
189272974932
189272981585
189272986163
189272993121
189272999834
189273006060
189273013079
189273018145
189273025164
189273031267
189273037371
189273043352
189273049334
189273054033
189273061358
189273068743
189273074541
189273079546
189273086077
189273092852
189273097796
189273102434
189273108660
189273116900
189273123674
189273130083
189273136492
189273142900
189273149187
189273155107
189273160845
189273167742
189273172747
189273180132
189273184954
189273192400
189273199114
189273205583
189273211687
189273219743
189273225481
189273233537
189273239336
189273249345
189273255998
189273262895
189273268755
189273275163
189273283708
189273289140
189273295915
189273303545
189273308671
189273317216
189273323747
189273329912
189273336015
189273342058
189273347795
189273353593
189273358171
189273366411
189273371293
189273378434
189273385026
189273391435
189273396013
189273402726
189273409379
189273416337
189273421708
189273429277
189273435441
189273441911
189273447709
189273455522
189273462052
189273468949
189273475785
189273482133
189273487870
189273494096
189273500871
189273505876
189273514970
189273520829
189273527116
189273533952
189273540238
189273546952
189273552079
189273559403
189273566361
189273571793
189273577103
189273582352
189273589738
189273595780
189273602799
189273609635
189273616288
189273622513
189273628495
189273635148
189273639542
189273646439
189273651932
189273659257
189273666398
189273672745
189273679581
189273685318
189273690262
189273696305
189273703751
189273709916
189273715653
189273722062
189273728043
189273735245
189273742203
189273749588
189273756485
189273763626
189273771378
189273776871
189273785233
189273791458
189273798660
189273806290
189273813187
189273821304
189273827774
189273836746
189273843094
189273849808
189273857132
189273862442
189273869888
189273877090
189273883072
189273888138
189273897720
189273904617
189273911331
189273918533
189273925674
189273932144
189273940689
189273945755
189273953079
189273959305
189273965347
189273973098
189273978531
189273988113
189273995254
189274001541
189274009048
189274016006
189274020645
189274029678
189274036880
189274044570
189274051773
189274059646
189274066726
189274074478
189274080032
189274087905
189274095901
189274102371
189274108718
189274115310
189274123184
189274129531
189274137832
189274145156
189274151809
189274160171
189274165969
189274172073
189274178970
189274187453
189274192397
189274199477
189274206374
189274210342
189274218886
189274226821
189274233840
189274239760
189274245803
189274250442
189274256423
189274262038
189274269973
189274276442
189274282790
189274289443
189274295546
189274299758
189274308120
189274313857
189274321242
189274326125
189274334548
189274340773
189274345839
189274352858
189274359999
189274367995
189274374770
189274382765
189274391738
189274398207
189274404921
189274412673
189274418776
189274427687
189274435317
189274441969
189274448805
189274454604
189274462904
189274471022
189274475661
189274483778
189274488905
189274497084
189274504347
189274512221
189274518202
189274526015
189274532301
189274538588
189274543959
189274552687
189274557448
189274563917
189274571058
189274577772
189274583937
189274593885
189274600660
189274606947
189274614576
189274621168
189274629286
189274634962
189274641920
189274650221
189274656935
189274663099
189274670057
189274676466
189274685499
189274692884
189274700636
189274706434
189274713575
189274719373
189274727003
189274733656
189274740675
189274748853
189274754774
189274761121
189274767652
189274773023
189274781019
189274788770
189274796217
189274804395
189274810438
189274816907
189274824720
189274829664
189274836439
189274844007
189274850049
189274856946
189274863111
189274869947
189274878797
189274886548
189274893384
189274899610
189274905957
189274914808
189274920362
189274928113
189274936414
189274943494
189274950391
189274956678
189274962903
189274969434
189274977307
189274984998
189274990613
189274997510
189275004102
189275011487
189275018933
189275026135
189275031628
189275039807
189275046033
189275054700
189275061902
189275067456
189275073865
189275080090
189275085644
189275093518
189275101147
189275107312
189275113110
189275119275
189275126477
189275131482
189275138074
189275146557
189275153882
189275157605
189275167492
189275173108
189275179577
189275186291
189275193127
189275201062
189275206738
189275215161
189275221447
189275228344
189275235119
189275242260
189275250134
189275257275
189275263928
189275269360
189275277355
189275283581
189275290600
189275297070
189275303417
189275311352
189275316357
189275324474
189275330029
189275337170
189275342907
189275351086
189275357494
189275363598
189275369884
189275375927
189275382397
189275389416
189275396068
189275401379
189275410961
189275417492
189275424023
189275429821
189275436046
189275442943
189275449352
189275454052
189275460705
189275467357
189275474132
189275480419
189275486889
189275495250
189275501415
189275508800
189275517467
189275524547
189275530712
189275536388
189275546154
189275550792
189275559581
189275565074
189275571788
189275580272
189275585765
189275594005
189275600047
189275606334
189275612193
189275618724
189275625438
189275632579
189275640880
189275646251
189275653941
189275659496
189275666942
189275672923
189275679637
189275686229
189275692271
189275698436
189275705211
189275711253
189275718211
189275725902
189275732799
189275738902
189275745067
189275751109
189275757274
189275763316
189275770091
189275777720
189275784984
189275790416
189275798167
189275804454
189275811595
189275818614
189275823863
189275831980
189275839122
189275845774
189275851268
189275858958
189275865367
189275872080
189275879527
189275886546
189275892344
189275898692
189275905467
189275911997
189275918101
189275924265
189275933726
189275938242
189275945933
189275953989
189275958506
189275965830
189275972788
189275978159
189275985483
189275991343
189275997874
189276005442
189276012766
189276020518
189276026438
189276033518
189276040903
189276046641
189276052317
189276058664
189276067148
189276074534
189276081308
189276088388
189276093332
189276100657
189276107859
189276114817
189276123117
189276129221
189276135324
189276141123
189276147043
189276154306
189276161692
189276167307
189276176340
189276183359
189276189462
189276195078
189276202646
189276208444
189276214182
189276220407
189276227304
189276233957
189276240549
189276246957
189276252695
189276260751
189276266306
189276273813
189276279611
189276286203
189276292612
189276298532
189276304025
189276310617
189276319345
189276325082
189276333993
189276341195
189276347970
189276356088
189276360849
189276367624
189276374154
189276381356
189276388253
189276393625
189276400460
189276407541
189276413339
189276421762
189276428048
189276436105
189276443368
189276449716
189276455819
189276463815
189276470101
189276476449
189276483895
189276490609
189276497018
189276504159
189276509896
189276518258
189276523873
189276531381
189276536385
189276543710
189276550118
189276556588
189276563668
189276570931
189276577035
189276582589
189276590462
189276596383
189276602853
189276610726
189276617013
189276623299
189276629830
189276636483
189276643685
189276650582
189276656258
189276664620
189276670784
189276677803
189276684945
189276689705
189276696846
189276703865
189276712044
189276717781
189276726143
189276732552
189276740242
189276747933
189276754586
189276761544
189276767952
189276773873
189276779854
189276785896
189276792793
189276799019
189276804878
189276812386
189276820564
189276827889
189276835701
189276842476
189276848274
189276853401
189276860298
189276867805
189276874153
189276880989
189276888252
189276894295
189276901314
189276907295
189276912300
189276919319
189276925606
189276932075
189276939033
189276946480
189276953865
189276960945
189276967109
189276972786
189276980659
189276986213
189276994819
189277000923
189277007698
189277014534
189277021125
189277027656
189277034614
189277042366
189277049568
189277056709
189277063362
189277069343
189277076362
189277080757
189277087470
189277094611
189277102058
189277107185
189277115791
189277123420
189277129707
189277135871
189277140449
189277147346
189277153938
189277159980
189277166267
189277172797
189277179694
189277186103
189277191413
189277199653
189277205024
189277210944
189277217597
189277224250
189277229560
189277237006
189277243659
189277250922
189277256843
189277262641
189277270209
189277276374
189277280646
189277287665
189277295234
189277301825
189277307441
189277313483
189277320807
189277325507
189277332404
189277339484
189277346869
189277352301
189277359015
189277364081
189277371222
189277376105
189277382269
189277390143
189277396613
189277400763
189277408026
189277415106
189277421210
189277426215
189277432562
189277439032
189277445502
189277450751
189277457037
189277463202
189277468329
189277475653
189277482245
189277491217
189277494940
189277502753
189277508734
189277515631
189277521307
189277528204
189277536078
189277541388
189277547857
189277554205
189277561895
189277566656
189277573980
189277579290
189277588507
189277593512
189277600348
189277607061
189277612860
189277619390
189277625494
189277634527
189277640203
189277646429
189277654302
189277658819
189277665594
189277671575
189277679266
189277685858
189277692083
189277697332
189277703191
189277708746
189277714727
189277720525
189277727117
189277735052
189277740484
189277746160
189277752569
189277757757
189277763860
189277769170
189277775884
189277782964
189277789495
189277797063
189277801824
189277810125
189277819036
189277825689
189277834661
189277841009
189277847234
189277854192
189277861028
189277867193
189277873113
189277881231
189277889287
189277894475
189277901372
189277908086
189277915593
189277924565
189277929509
189277937566
189277943486
189277950749
189277956975
189277966008
189277972661
189277980229
189277986577
189277992009
189277999577
189278005681
189278012700
189278019231
189278026311
189278031926
189278037480
189278045659
189278052190
189278059148
189278065556
189278072087
189278078007
189278086186
189278092900
189278099431
189278106633
189278114750
189278118840
189278128300
189278134709
189278141911
189278148259
189278155461
189278163578
189278170109
189278177006
189278184575
189278190617
