189836000835
189836006206
189836010966
189836016459
189836021464
189836027324
189836032695
189836037639
189836042643
189836047954
189836054179
189836060222
189836067180
189836073344
189836080058
189836085673
189836092753
189836098979
189836107157
189836113871
189836120341
189836128215
189836135905
189836143412
189836150920
189836157633
189836163920
189836171244
189836178996
189836185648
189836193827
189836202616
189836208659
189836217875
189836224284
189836232523
189836239909
189836246683
189836254679
189836262308
189836269877
189836278117
189836286295
189836292643
189836300577
189836308329
189836314921
189836322611
189836331461
189836337809
189836345194
189836351053
189836359049
189836366434
189836372904
189836380411
189836385965
189836395060
189836401529
189836408670
189836416971
189836424478
189836432657
189836439188
189836447122
189836453226
189836460489
189836470194
189836477640
189836485819
189836493631
189836501016
189836509744
189836516275
189836523660
189836532693
189836539163
189836546060
189836554178
189836560770
189836569314
189836577981
189836584878
189836592935
189836599771
189836608316
189836615030
189836622720
189836630899
189836637857
189836646585
189836652688
189836658975
189836668008
189836675576
189836684671
189836691568
189836699380
189836708047
189836714273
189836723367
189836730935
189836739846
189836746377
189836754861
189836762429
189836769570
189836777078
189836786599
189836793862
189836801492
189836809914
189836815957
189836824563
189836834389
189836842019
189836850014
189836858559
189836866860
189836873879
189836881081
189836888405
189836897988
189836906594
189836913491
189836922158
189836931008
189836940041
189836946267
189836954262
189836960976
189836969155
189836976174
189836984719
189836991310
189837000649
189837006935
189837015053
189837022621
189837030739
189837038307
189837046669
189837053017
189837063149
189837070473
189837077919
189837084938
189837094032
189837100563
189837106972
189837116554
189837123329
189837132668
189837142067
189837150246
189837156654
189837165871
189837173073
189837180092
189837187660
189837196388
189837202919
189837211281
189837218178
189837227821
189837234779
189837242714
189837252906
189837259620
189837269325
189837276527
189837285682
189837293373
189837299232
189837308021
189837317237
189837323585
189837330787
189837337440
189837346595
189837356178
189837365394
189837372474
189837379798
189837388648
189837396400
189837401588
189837411536
189837420081
189837428870
189837436134
189837444678
189837451820
189837460914
189837467994
189837477210
189837483924
189837493567
189837501014
189837507911
189837515662
189837523475
189837532386
189837539649
189837548743
189837556556
189837563453
189837567298
189837578589
189837584815
189837593726
189837600074
189837609412
189837616553
189837624060
189837633826
189837640723
189837649329
189837656165
189837663428
189837671118
189837678381
189837688147
189837696143
189837702002
189837709570
189837715430
189837722266
189837730078
189837738562
189837745581
189837752539
189837758826
189837766028
189837772436
189837779455
189837786963
189837793799
189837801611
189837812048
189837820837
189837828467
189837835302
189837843481
189837850500
189837858801
189837867407
189837875525
189837883154
189837891211
189837898291
189837906225
189837914282
189837920874
189837929052
189837936804
189837943701
189837953710
189837961889
189837969640
189837977209
189837985388
189837992468
189838001440
189838008581
189838015173
189838022375
189838029943
189838037450
189838045507
189838051855
189838058385
189838065771
189838071874
189838078588
189838085790
189838095067
189838103307
189838110631
189838117895
189838125646
189838134496
189838138952
189838148229
189838156835
189838164098
189838169957
189838179906
189838188268
189838195043
189838202245
189838210546
189838218175
189838223790
189838232823
189838239110
189838247838
189838255284
189838260533
189838268346
189838274449
189838280309
189838287267
189838295079
189838300389
189838306798
189838312413
189838319188
189838325108
189838332127
189838339696
189838346471
189838354466
189838360326
189838367467
189838373143
189838379613
189838385533
189838391820
189838399266
189838404820
189838412144
189838418187
189838423436
189838430760
189838435215
189838442906
189838449742
189838455906
189838462620
189838469334
189838474888
189838482518
189838488621
189838493687
189838501499
189838504856
189838514927
189838520970
189838527867
189838533604
189838540562
189838546421
189838554234
189838560398
189838567661
189838575718
189838581455
189838587193
189838595432
189838601170
189838608616
189838613133
189838621067
189838627476
189838634373
189838640171
189838645359
189838651951
189838659214
189838666355
189838673374
189838679355
189838687290
189838692844
189838700290
189838707859
189838713657
189838721348
189838726474
189838732334
189838740146
189838746250
189838752720
189838761081
189838766391
189838773838
189838780490
189838788120
189838794040
189838801548
189838807712
189838816013
189838821445
189838829257
189838835483
189838840976
189838846286
189838855441
189838861240
189838868747
189838876376
189838881625
189838888706
189838895541
189838903049
189838909213
189838917331
189838924838
189838929965
189838938083
189838942905
189838951755
189838958407
189838963534
189838971164
189838976596
189838982638
189838989413
189838996188
189839002902
189839009921
189839015353
189839022799
189839028964
189839036105
189839044162
189839050021
189839057345
189839062899
189839070834
189839076266
189839082370
189839088900
189839094821
189839102450
189839108126
189839114962
189839121737
189839127902
189839134677
189839142062
189839147555
189839154696
189839160433
189839166110
189839174716
189839181490
189839188570
189839193942
189839199557
189839206820
189839211947
189839219820
189839226473
189839233431
189839239657
189839244906
189839251986
189839257967
189839263644
189839270846
189839278963
189839285006
189839292147
189839298128
189839303988
189839311129
189839316561
189839324862
189839330660
189839335299
189839342440
189839349581
189839355318
189839361788
189839367952
189839373751
189839381685
189839387117
189839395723
189839402071
189839409883
189839416597
189839422701
189839429781
189839437227
189839444307
189839449800
189839454561
189839462679
189839468965
189839475984
189839483370
189839488558
189839495454
189839501497
189839510835
189839518282
189839524385
189839532075
189839539278
189839545747
189839552461
189839559663
189839565645
189839571565
189839577180
189839583650
189839589693
189839594819
189839602693
189839609529
189839614473
189839622346
189839628938
189839635835
189839641450
189839649812
189839656038
189839662935
189839668122
189839674775
189839682771
189839688752
189839695344
189839702790
189839708650
189839715669
189839721040
189839729341
189839735810
189839742829
189839750276
189839755891
189839764436
189839768220
189839778352
189839784577
189839791108
189839798737
189839804231
189839809907
189839814973
189839822236
189839826875
189839833100
189839842072
189839848115
189839854157
189839859711
189839865021
189839871003
189839877473
189839885468
189839893464
189839900605
189839908234
189839914216
189839921662
189839926850
189839935395
189839941864
189839946869
189839954499
189839960053
189839966095
189839973114
189839978791
189839986786
189839992646
189839998871
189840005219
189840011322
189840019074
189840026520
189840034394
189840040436
189840047943
189840053864
189840060700
189840068512
189840075531
189840082489
189840089874
189840096039
189840102264
189840108673
189840113739
189840122223
189840128448
189840134552
189840142059
189840148102
189840155060
189840162018
189840168365
189840175995
189840182770
189840189056
189840194732
189840201141
189840207428
189840214630
189840222442
189840227752
189840232879
189840240265
189840244659
189840250213
189840258453
189840267059
189840272918
189840280365
189840286163
189840293548
189840300872
189840307098
189840314605
189840321075
189840329498
189840335357
189840340606
189840349151
189840354522
189840360320
189840366851
189840374053
189840380706
189840388152
189840394073
189840400665
189840408111
189840413421
189840420318
189840427276
189840434295
189840440765
189840447600
189840454864
189840460113
189840468535
189840473968
189840481292
189840486175
189840492583
189840496795
189840506560
189840513030
189840518584
189840526519
189840532195
189840539763
189840545195
189840553862
189840559111
189840567046
189840573760
189840579619
189840585417
189840591643
189840600249
189840607085
189840613005
189840618315
189840625701
189840631011
189840638640
189840644255
189840652434
189840658965
189840664824
189840671477
189840677214
189840686369
189840693388
189840699858
189840706816
189840714018
189840719694
189840725554
189840732634
189840740141
189840746123
189840751372
189840758757
189840764738
189840772185
189840778410
189840786406
189840793425
189840799711
189840808378
189840814909
189840820952
189840830107
189840836210
189840844572
189840852324
189840858732
189840864836
189840870329
189840877714
189840883635
189840890165
189840896696
189840903593
189840909269
189840914945
189840923429
189840928800
189840935880
189840943388
189840949735
189840956388
189840962370
189840968656
189840975980
189840982877
189840989652
189840997099
189841001920
189841009306
189841015897
189841021513
189841028776
189841034818
189841042997
189841049589
189841056058
189841063261
189841069669
189841074918
189841083036
189841090055
189841095975
189841104337
189841109647
189841115445
189841121671
189841129728
189841135526
189841143216
189841149076
189841156766
189841164212
189841170255
189841179288
189841184964
189841193753
189841199674
189841205716
189841212003
189841219449
189841226773
189841233060
189841241605
189841247281
189841252225
189841258084
189841263394
189841271695
189841279202
189841285184
189841291104
189841298734
189841305386
189841311368
189841318875
189841324551
189841333340
189841338711
189841346402
189841352139
189841359280
189841365201
189841372952
189841378934
189841385708
189841391934
189841398709
189841404629
189841411160
189841418789
189841424038
189841431668
189841439114
189841444363
189841450344
189841457119
189841466580
189841472866
189841478726
189841485623
189841493252
189841498867
189841504360
189841510952
189841517544
189841525662
189841531582
189841538601
189841544094
189841551174
189841559048
189841566128
189841571621
189841580471
189841586880
189841592800
189841599697
189841606106
189841612514
189841618801
189841625942
189841632473
189841638576
189841645412
189841654629
189841660305
189841667019
189841672085
189841677456
189841685573
189841691799
189841699062
189841706142
189841712490
189841718471
189841725979
189841731655
189841738918
189841744655
189841749782
189841758937
189841765163
189841771328
189841777675
189841784694
189841790493
189841796718
189841803249
189841811244
189841817653
189841824855
189841830776
189841838100
189841845119
189841851528
189841857814
189841864711
189841869899
189841876918
189841885158
189841891566
189841898402
189841904872
189841911708
189841916896
189841924281
189841931972
189841937709
189841944179
189841952235
189841958705
189841965175
189841971278
189841978114
189841986476
189841991603
189841996669
189842002894
189842010707
189842016261
189842021632
189842031398
189842037196
189842045924
189842052699
189842059230
189842067530
189842076197
189842084254
189842091029
189842096644
189842102931
189842108790
189842115565
189842122096
189842131068
189842138819
189842144740
189842150904
189842157435
189842163355
189842170252
189842178248
189842183253
189842190699
189842198695
189842203516
189842211756
189842216578
189842224512
189842230189
189842237269
189842242701
189842248438
189842257838
189842264612
189842271204
189842278345
189842287134
189842293543
189842300440
189842307459
189842314661
189842321070
189842327417
189842334986
189842340784
189842348475
189842354090
189842360071
189842366785
189842374720
189842381128
189842386499
189842393885
189842398035
189842405420
189842411463
189842419885
189842426660
189842434168
189842440088
189842446680
189842453699
189842461206
189842467798
189842473840
189842480310
189842487085
189842494165
189842499780
189842505518
189842512659
189842519800
189842525476
189842533227
189842538171
189842545679
189842554773
189842561731
189842569238
189842574426
189842581750
189842587121
189842593408
189842598718
189842607690
189842613305
189842620874
189842626367
189842631921
189842639611
189842644799
189842652978
189842659021
189842667321
189842673425
189842679711
189842687463
189842693017
189842701196
189842708337
189842714623
189842720056
189842725793
189842733239
189842738976
189842747216
189842752465
189842759057
189842764672
189842771142
189842777123
189842784142
189842793359
189842800378
189842806420
189842813439
189842818871
189842826684
189842832787
189842838586
189842845849
189842851586
189842858727
189842864159
189842870934
189842878136
189842884972
189842892174
189842898034
189842904809
189842912499
189842918358
189842924218
189842930565
189842936119
189842945031
189842952538
189842958397
189842965477
189842972618
189842978051
189842985802
189842992455
189842999413
189843005089
189843010826
189843017418
189843023888
189843029442
189843037987
189843044579
189843051170
189843057457
189843064964
189843071251
189843077721
189843085594
189843092491
189843099388
189843104088
189843111473
189843119469
189843125084
189843131554
189843138206
189843145286
189843150596
189843158653
189843165794
189843171470
189843177940
189843185997
189843192589
189843199363
189843205467
189843211265
189843219322
189843226097
189843232139
189843239647
189843245872
189843252220
189843259178
189843265159
189843272300
189843277977
189843284141
189843291831
189843297752
189843304588
189843311546
189843318992
189843326255
189843332603
189843338767
189843344444
189843351768
189843358604
189843366233
189843372886
189843378135
189843384849
189843390891
189843396873
189843403159
189843410484
189843418296
189843423728
189843430747
189843436179
189843442344
189843448325
189843455283
189843464377
189843470969
189843476157
189843482078
189843488303
189843495688
189843500693
189843508933
189843515464
189843522483
189843528464
189843534568
189843542929
189843548362
189843556418
189843561911
189843570456
189843576804
189843583640
189843591269
189843596335
189843604636
189843609580
189843617331
189843623068
189843629660
189843636374
189843641562
189843650473
189843656149
189843663718
189843669089
189843674704
189843681967
189843689352
189843696127
189843703696
189843710409
189843716818
189843722922
189843731955
189843738180
189843746298
189843753012
189843758444
189843766684
189843773153
189843781027
189843787253
189843793661
189843801535
189843808004
189843815878
189843821920
189843828024
189843835958
189843842184
189843849874
189843856039
189843862814
189843868612
189843874166
189843881491
189843886129
189843895040
189843900839
189843907858
189843913839
189843919210
189843926901
189843934591
189843941122
189843947958
189843953573
189843961019
189843966512
189843975362
189843982259
189843989767
189843998128
189844004476
189844010397
189844016866
189844022604
189844027730
189844035909
189844042867
189844048543
189844057088
189844062520
189844070272
189844078390
189844085347
189844091573
189844099447
189844105733
189844112691
189844118306
189844126241
189844132283
189844138265
189844145345
189844151021
189844159627
189844165975
189844174398
189844181661
189844189168
189844194722
189844202107
189844209493
189844216023
189844222127
189844230733
189844238240
189844245381
189844251424
189844257710
189844265157
189844270894
189844279805
189844286092
189844292500
189844298482
189844305562
189844312093
189844318379
189844326070
189844332905
189844338765
189844345479
189844352742
189844360127
189844364888
189844372578
189844379597
189844386311
189844391621
189844397358
189844403157
189844410847
189844416340
189844425373
189844431599
189844437031
189844444233
189844450886
189844456990
189844463703
189844470356
189844477375
189844483357
189844491108
189844496418
189844505146
189844510395
189844516682
189844523335
189844530110
189844537556
189844545918
189844552265
189844559956
189844568562
189844573994
189844581867
189844588703
189844594685
189844602741
189844607807
189844616596
189844623188
189844629841
189844635822
189844642963
189844648517
189844654072
189844659870
189844668781
189844675068
189844683185
189844689167
189844695392
189844700947
189844708942
189844715595
189844724567
189844730610
189844738605
189844743915
189844751300
189844756122
189844764728
189844770038
189844777362
189844782978
189844789203
189844795734
189844802936
189844809955
189844816059
189844822894
189844829852
189844835590
189844842181
189844849078
189844857379
189844863910
189844871356
189844877338
189844883319
189844889789
189844896503
189844904254
189844910724
189844916827
189844924029
189844931537
189844937701
189844943561
189844951312
189844956988
189844963946
189844969378
189844976581
189844982806
189844991961
189844998004
189845003985
189845011248
189845017108
189845022662
189845029681
189845037371
189845044757
189845051287
189845057025
189845064532
189845069659
189845076861
189845081683
189845089373
189845098834
189845105670
189845112322
189845119708
189845124041
189845131182
189845137652
189845144610
189845150408
189845156451
189845163958
189845170184
189845175677
189845182207
189845190813
189845196551
189845203020
189845210406
189845216143
189845223406
189845229937
189845237932
189845243426
189845251116
189845256914
189845261797
189845268633
189845273455
189845282244
189845288958
189845294512
189845301226
189845308001
189845313433
189845319719
189845328142
189845335344
189845341204
189845347368
189845355547
189845363604
189845369219
189845376421
189845384172
189845390764
189845396257
189845403459
189845409624
189845414751
189845423601
189845430559
189845437090
189845443376
189845448442
189845457597
189845464006
189845472124
189845478105
189845486162
189845492570
189845497453
189845505083
189845511796
189845518816
189845525163
189845530351
189845536272
189845542436
189845549333
189845555314
189845561235
189845566545
189845573869
189845578630
189845586076
189845592912
189845598954
189845605241
189845614457
189845621049
189845627946
189845633622
189845638932
189845646196
189845650895
189845659379
189845664994
189845672135
189845678056
189845684709
189845690385
189845696122
189845704972
189845711625
189845717362
189845724198
189845730119
189845736649
189845743791
189845749833
189845757768
189845763932
189845770097
189845776017
189845781693
189845788895
189845794083
189845801835
189845807511
189845814652
189845819962
189845825394
189845834427
189845840775
189845847550
189845854447
189845861344
189845867814
189845874589
189845882096
189845889420
189845895829
189845901871
189845909562
189845915665
189845920182
189845928971
189845933976
189845942276
189845948441
189845953934
189845961624
189845967667
189845973892
189845981461
189845989456
189845995316
189846002579
189846009354
189846015579
189846023819
189846030106
189846038467
189846044144
189846051590
189846056595
189846063553
189846069473
189846074722
189846080948
189846086685
189846095840
189846101028
189846106888
189846113235
189846120376
189846126175
189846134109
189846140579
189846147903
189846153946
189846158890
189846166397
189846171402
189846178909
189846187393
189846191787
189846197952
189846203933
189846211013
189846217971
189846224319
189846233169
189846239700
189846246353
189846252334
189846259353
189846265274
189846270889
189846280410
189846287490
189846293228
189846301589
189846306167
189846311843
189846318252
189846325515
189846332900
189846339492
189846347732
189846353530
189846362991
189846368911
189846377029
189846382949
189846389297
189846396987
189846402969
189846410232
189846415847
189846423354
189846429030
189846435073
189846441970
189846447219
189846453811
189846461074
189846466445
189846474929
189846482375
189846487868
189846495314
189846501174
189846510146
189846517043
189846523757
189846530715
189846538405
189846544326
189846551345
189846555922
189846562941
189846570082
189846577101
189846582717
189846588881
189846597060
189846603285
189846610365
189846616957
189846625319
189846630751
189846638869
189846643691
189846651930
189846659010
189846665663
189846673781
189846680739
189846686232
189846691359
189846698256
189846704481
189846711867
189846719191
189846724623
189846732069
189846738234
189846744093
189846751539
189846758009
189846765333
189846772413
189846778273
189846785902
189846791090
189846798475
189846805311
189846813856
189846819715
189846826307
189846832594
189846838148
189846846144
189846851820
189846859999
189846865858
189846872450
189846878614
189846884657
189846891187
189846898390
189846906202
189846913160
189846919508
189846924879
189846932081
189846938612
189846944166
189846951795
189846958448
189846964552
189846971204
189846977735
189846984510
189846991346
189846996412
189847004774
189847010572
189847017713
189847024183
189847031080
189847037855
189847044446
189847051160
189847057264
189847065076
189847071668
189847078382
189847084302
189847091077
189847097913
189847104749
189847110975
189847117261
189847124219
189847129895
189847138684
189847144605
189847152478
189847160047
189847165845
189847172254
189847179639
189847184949
189847192334
189847199048
189847205701
189847213086
189847219739
189847225171
189847233106
189847238965
189847246472
189847252881
189847260388
189847267041
189847274426
189847279797
189847287549
189847294812
189847301770
189847308728
189847314343
189847320630
189847326977
189847332409
189847342053
189847349927
189847356701
189847362195
189847368847
189847374707
189847380078
189847389111
189847395886
189847403332
189847409436
189847416577
189847424023
189847430127
189847435315
189847442211
189847449108
189847455334
189847461254
189847467358
189847473644
189847481640
189847490185
189847499890
189847512097
189847522472
189847534618
189847542492
189847549755
189847556408
189847563793
189847569347
189847575268
189847582897
189847589794
189847596691
189847604137
189847610241
189847615978
189847624523
189847630077
189847637218
189847643932
189847651500
189847657238
189847664318
189847672069
189847677562
189847685436
189847692028
189847698375
189847704296
189847709911
189847717418
189847724315
189847732189
189847737621
189847743236
189847750316
189847758251
189847763927
189847771495
189847778148
189847784435
189847792308
189847797862
189847806102
189847811595
189847818981
189847824962
189847832347
189847837840
189847845958
189847851634
189847858775
189847863841
189847872325
189847878062
189847886058
189847893565
189847899547
189847906871
189847913219
189847921336
189847928233
189847934337
189847939952
189847946544
189847954112
189847958384
189847966380
189847973216
189847977916
189847986155
189847993052
189847999278
189848006236
189848012706
189848019603
189848025096
189848034129
189848040904
189848046824
189848052684
189848060008
189848065684
189848072642
189848080210
189848086314
189848091868
189848097910
189848104807
189848111460
189848119639
189848124644
189848132822
189848139170
189848146067
189848154978
189848160410
189848167918
189848174021
189848180918
189848188059
189848194102
189848202036
189848207468
189848214670
189848220469
189848227549
189848235422
189848240244
189848248545
189848257151
189848264963
189848272715
189848279306
189848284617
189848291697
189848297434
189848303293
189848310678
189848316599
189848323008
189848330149
189848334909
189848342661
189848348947
189848354502
189848360849
189848368112
189848374399
189848382211
189848388437
189848395395
189848401376
189848408396
189848413828
189848421091
189848428598
189848435678
189848442270
189848449411
189848454294
189848461862
189848469308
189848474557
189848483285
189848490243
189848496408
189848504343
189848511484
189848517648
189848524606
189848530954
189848536508
189848543588
189848550973
189848558175
189848564340
189848571908
189848578073
189848585641
189848592904
189848598886
189848605905
189848614267
189848620614
189848628366
189848635080
189848641427
189848647531
189848654000
189848660897
189848667306
189848673776
189848680367
189848687753
189848694467
189848699899
189848707955
189848713143
189848721505
189848727548
189848734506
189848740182
189848745919
189848752145
189848760628
189848767586
189848774300
189848780953
189848786874
189848792367
189848798470
189848806893
189848813363
189848820321
189848827462
189848833565
189848840828
189848847359
189848853158
189848859932
189848866829
189848874215
189848881600
189848886666
189848894051
189848900155
189848906746
189848913216
189848920357
189848926705
189848933907
189848939705
189848946053
189848954170
189848960518
189848966316
189848972847
189848981941
189848987923
189848994332
189849002022
189849008736
189849013130
189849021492
189849027596
189849033455
189849039925
189849046516
189849053291
189849058968
189849066719
189849073372
189849081062
189849086861
189849095161
189849101814
189849109627
189849115608
189849121712
189849127327
189849133247
189849140510
189849146003
189849153328
189849159309
189849166389
189849172676
189849178901
189849186531
189849193367
189849200569
189849206916
189849214180
189849220100
189849226936
189849233467
189849239204
189849246467
189849251716
189849258918
189849264839
189849271675
189849277900
189849284309
189849291328
189849297431
189849302497
189849310310
189849317573
189849325996
189849332832
189849340156
189849346564
189849353706
189849359504
189849364936
189849372749
189849378181
189849386237
189849393561
189849400886
189849406562
189849411506
189849419990
189849425727
189849432319
189849441413
189849448676
189849454902
189849461432
189849467963
189849476447
189849481940
189849487128
189849493720
189849500190
189849506476
189849512824
189849521125
189849527716
189849533148
189849538703
189849544989
189849552497
189849559516
189849567572
189849574103
189849581488
189849587531
189849593512
189849599982
189849606635
189849613410
189849621283
189849627814
189849635260
189849640631
189849648810
189849654059
189849660529
189849667303
189849675177
189849681830
189849687323
189849695318
189849700262
189849709051
189849715521
189849722418
189849727972
189849733343
189849741766
189849748053
189849754339
189849760199
189849767706
189849773321
189849781317
189849786810
189849794073
189849802069
189849809149
189849814642
189849823370
189849829412
189849835394
189849842840
189849849615
189849857550
189849864019
189849871465
189849878485
189849884527
189849889654
189849897405
189849902288
189849909551
189849916815
189849922552
189849930547
189849937872
189849945928
189849953191
189849959417
189849965215
189849971319
189849978887
189849985784
189849993780
189850000066
189850006414
189850013677
189850018865
189850026311
189850032293
189850039800
189850046209
189850054082
189850060308
189850066655
189850073797
189850080327
189850085454
189850092046
189850097722
189850105107
189850111821
189850118352
189850125554
189850132878
189850139470
189850144902
189850153386
189850161199
189850168218
189850174016
189850182805
189850189946
189850197392
189850203313
189850209538
189850215703
189850222356
189850230473
189850235844
189850243596
189850249211
189850256352
189850263798
189850269658
189850278264
189850283940
189850292363
189850298588
189850305363
189850313603
189850318730
189850326726
189850333500
189850338994
189850345097
189850352604
189850358891
189850367070
189850373173
189850380192
189850386296
189850391423
189850396916
189850402104
189850409977
189850416020
189850424443
189850431828
189850438481
189850446659
189850453678
189850461430
189850467594
189850474369
189850481815
189850487858
189850495060
189850501103
189850506352
189850513981
189850520329
189850527836
189850535282
189850541325
189850547611
189850553654
189850559513
189850568180
189850574650
189850581791
189850587711
189850593143
189850601444
189850608341
189850614750
189850619999
189850628299
189850634708
189850639652
189850648197
189850654484
189850660831
189850667850
189850673893
189850681888
189850687259
189850694034
189850701541
189850710392
189850716861
189850722721
189850729862
189850737674
189850743473
189850750492
189850756900
189850764408
189850770084
189850778629
189850785404
189850791446
189850797244
189850805972
189850813724
189850820499
189850826663
189850833133
189850839236
189850845889
189850855106
189850859439
189850866702
189850873111
189850878604
189850885318
189850892093
189850899844
189850906192
189850913638
189850921451
189850928103
189850935855
189850941348
189850949954
189850957827
189850962832
189850970401
189850978274
189850984195
189850989749
189850997134
189851003360
189851008792
189851015872
189851023745
189851030459
189851036868
189851045596
189851052066
189851059634
189851065127
189851072695
189851079348
189851086123
189851095095
189851101504
189851108462
189851114199
189851121340
189851127200
189851134951
189851141543
189851149233
189851155398
189851162539
189851168154
189851175295
189851181826
189851189394
189851197207
189851204226
189851210146
189851217104
189851223269
189851229860
189851236086
189851242128
189851249148
189851254397
189851262331
189851269716
189851276247
189851284243
189851289675
189851296816
189851303896
189851310671
189851316896
189851324526
189851331179
189851339052
189851345644
189851352297
189851359560
189851364992
189851372560
189851379152
189851386415
189851392336
189851399172
189851406740
189851413454
189851419008
189851425600
189851432680
189851439516
189851446291
189851452638
189851459901
189851466859
189851473207
189851481996
189851488100
189851494142
189851499513
189851505311
189851512330
189851517274
189851525270
189851531923
189851538698
189851545656
189851552430
189851557985
189851565919
189851572389
189851578431
189851585084
189851592469
189851599183
189851604859
189851611024
189851618043
189851625184
189851631532
189851637635
189851644166
189851649964
189851656739
189851664308
189851669984
189851677247
189851684815
189851690553
189851698304
189851704408
189851712891
189851718873
189851724793
189851732484
189851739075
189851744080
189851749635
189851758607
189851764771
189851770753
189851776917
189851783509
189851788636
189851797059
189851803773
189851810364
189851818604
189851824647
189851832093
189851840333
189851846802
189851853028
189851859864
189851865357
189851870728
189851878601
189851883728
189851889222
189851896485
189851902954
189851909424
189851915528
189851922608
189851928589
189851934571
189851943726
189851950867
189851955628
189851963562
189851969238
189851975342
189851981995
189851988220
189851994141
189852001526
189852007874
189852015869
189852022156
189852027588
189852036316
189852041748
189852049194
189852055481
189852063232
189852070007
189852076050
189852083008
189852089111
189852096313
189852102600
189852109253
189852115173
189852121826
189852129577
189852136718
189852141784
189852147766
189852155639
189852161621
189852168335
189852174621
189852181823
189852188415
189852195678
189852203674
189852209899
189852217346
189852224121
189852230163
189852238281
189852244689
189852251525
189852257202
189852263000
189852271423
189852277892
189852285217
189852291259
189852296935
189852303344
189852311218
189852318359
189852325317
189852332580
189852338561
189852343627
189852351867
189852358459
189852366820
189852373412
189852380004
189852387328
189852393310
189852399352
189852406432
189852412780
189852418883
189852425902
189852434142
189852439513
189852446959
189852453368
189852460204
189852464843
189852472350
189852480040
189852486937
189852492797
189852498961
189852506407
189852512755
189852520323
189852526854
189852533263
189852540892
189852546752
189852556212
189852562255
189852567748
189852574767
189852580138
189852587706
189852593932
189852600829
189852608458
189852614928
189852622008
189852627684
189852634886
189852640562
189852648558
189852654967
189852662047
189852667418
189852675658
189852683104
189852689390
189852696898
189852702940
189852709166
189852717711
189852721007
189852729857
189852735716
189852743406
189852749693
189852755064
189852762449
189852770262
189852776243
189852781492
189852790159
189852797544
189852805296
189852811521
189852817625
189852823240
189852830137
189852838194
189852845152
189852851133
189852858457
189852863828
189852869627
189852876463
189852883909
189852891111
189852898557
189852905088
189852910642
189852919309
189852926084
189852932554
189852938718
189852946104
189852953123
189852959104
189852965452
189852972837
189852979307
189852986814
189852994138
189852999448
189853006833
189853012815
189853020383
189853026914
189853033750
189853041135
189853047239
189853054380
189853060239
189853068052
189853072568
189853080930
189853088742
189853094052
189853100278
189853107297
189853114804
189853120725
189853129392
189853133481
189853141477
189853150144
189853155332
189853163205
189853169797
189853175290
189853183896
189853191281
189853197324
189853204709
189853212338
189853219052
189853225095
189853233090
189853238950
189853245724
189853250973
189853258786
189853265317
189853273251
189853280331
189853286008
189853293393
189853299069
189853307004
189853312924
189853321286
189853327145
189853333004
189853341610
189853346920
189853354489
189853360531
189853366940
189853372494
189853380185
189853387692
189853394345
189853401303
189853407772
189853416867
189853422238
189853429135
189853436215
189853443783
189853449764
189853456051
189853463375
189853468929
189853476742
189853483761
189853489010
189853494320
189853502255
189853508541
189853516232
189853522518
189853528561
189853536617
189853542538
189853550228
189853556759
189853563900
189853569576
189853577633
189853583187
189853590633
189853596371
189853603084
189853609005
189853616451
189853623165
189853629329
189853635799
189853643062
189853652157
189853657589
189853664608
189853671688
189853677242
189853684200
189853691219
189853699459
189853705684
189853713008
189853718990
189853725093
189853731258
189853737667
189853743953
189853751399
189853756954
189853763545
189853771114
189853777278
189853784419
189853793208
189853798946
189853807674
189853813716
189853820918
189853827205
189853833308
189853841548
189853847469
189853853755
189853859737
189853864802
189853872432
189853877620
189853899898
189853906795
189853914180
189853919795
189853927546
189853935664
189853942500
189853948481
189853955806
189853963069
189853969477
189853976741
189853983943
189853989436
189853995723
189854004451
189854011531
189854017573
189854025324
189854031489
189854037287
189854044673
189854052546
189854058039
189854065730
189854071894
189854078242
189854086665
189854092768
189854098750
189854105769
189854111384
189854116511
189854123408
189854130793
189854138422
189854145258
189854152216
189854157831
189854166010
189854172297
189854179438
189854185663
189854193781
189854199335
189854206721
189854213617
189854220453
189854226801
189854234247
189854240168
189854247614
189854252924
189854260920
189854268122
189854274469
189854282648
189854289423
189854295038
189854301142
189854310907
189854318048
189854325434
189854330805
189854336725
189854344415
189854349848
189854356073
189854364252
189854370355
189854377680
189854383722
189854389276
189854396722
189854403131
189854410333
189854417413
189854423517
189854429681
189854436700
189854443292
189854451715
189854457880
189854463129
189854470270
189854475213
189854483087
189854488763
189854496148
189854504938
189854510492
189854517450
189854524041
189854531427
189854537957
189854545221
189854554010
189854558831
189854566583
189854574395
189854579705
189854586663
189854592523
189854598626
189854605950
189854612908
189854619134
189854627008
189854633233
189854639947
189854649102
189854654901
189854662835
189854668816
189854675836
189854681817
189854687676
189854696038
189854702447
189854707818
189854715569
189854722588
189854728570
189854735101
189854742364
189854748772
189854756097
189854761529
189854768975
189854775506
189854782586
189854790581
189854795891
189854803338
189854809258
189854816887
189854823052
189854830254
189854836236
189854843071
189854849175
189854857476
189854864312
189854870781
189854876641
189854883416
189854890068
189854896477
189854903496
189854910820
189854917046
189854923332
189854931389
189854936699
189854943840
189854951103
189854956535
189854963432
189854969109
189854976921
189854982964
189854990227
189854997002
189855002861
189855010368
189855016411
189855024651
189855030388
189855037529
189855043877
189855050896
189855057426
189855062797
189855070732
189855076469
189855083488
189855090141
189855097587
189855105278
189855111625
189855117424
189855124870
189855130546
189855137748
189855144767
189855150688
189855156608
189855165031
189855171196
189855177909
189855183830
189855191032
189855196403
189855201530
189855207633
189855215324
189855223442
189855228691
189855235588
189855241020
189855248283
189855254386
189855261833
189855269828
189855276176
189855284110
189855289726
189855297111
189855303703
189855310294
189855315726
189855322501
189855329703
189855335685
189855341300
189855348197
189855356010
189855361625
189855368827
189855375541
189855383414
189855391166
189855398490
189855405692
189855411612
189855417716
189855425101
189855430594
189855437674
189855441642
189855449454
189855455741
189855463736
189855469779
189855476554
189855482779
189855488028
189855495719
189855501517
189855508963
189855517569
189855523490
189855530997
189855537222
189855543326
189855550955
189855557608
189855563101
189855568411
189855575491
189855581412
189855588309
189855593863
189855600821
189855605765
189855613150
189855619437
189855625052
189855632498
189855640799
189855647269
189855654776
189855660696
189855667593
189855673331
189855678580
189855686758
189855692312
189855699392
189855705618
189855712942
189855718374
189855725393
189855732351
189855738699
189855746756
189855753103
189855759085
189855766714
189855773245
189855779653
189855787954
189855793386
189855799185
189855804373
189855812796
189855819448
189855826101
189855832693
189855838796
189855845876
189855851064
189855856985
189855864675
189855873159
189855879263
189855886831
189855893545
189855899038
189855908315
189855914297
189855922659
189855928640
189855935476
189855943227
189855950368
189855956350
189855961843
189855970449
189855976247
189855983266
189855989553
189855996999
189856003896
189856010061
189856016774
189856023366
189856031423
189856038137
189856044790
189856050039
189856055959
189856064199
189856070058
189856076772
189856083364
189856090505
189856095815
189856102651
189856108754
189856116994
189856123342
189856130788
189856136891
189856142385
189856149892
189856156728
189856162526
189856170339
189856176991
189856182607
189856188222
189856194264
189856200734
189856208119
189856213979
189856220448
189856225636
189856232350
189856237538
189856244740
189856253590
189856260609
189856267323
189856274281
189856279835
189856287831
189856295277
189856302418
189856307850
189856314686
189856320607
189856328236
189856334034
189856340504
189856346669
189856352162
189856359486
189856365406
189856373524
189856379505
189856386402
189856394032
189856400868
189856408436
189856414601
189856419667
189856426686
189856432362
189856438648
189856445667
189856451466
189856458973
189856465626
189856471119
189856478260
189856485157
189856491505
189856499744
189856505726
189856512684
189856519764
189856524952
189856532825
189856539295
189856545154
189856553516
189856559254
189856566517
189856570789
189856579883
189856585804
189856592335
189856597400
189856604358
189856612110
189856619129
189856625965
189856633106
189856639148
189856647022
189856654102
189856659961
189856665760
189856672718
189856680652
189856687915
189856693042
189856700000
189856706165
189856712024
189856719715
189856726550
189856732532
189856738208
189856745715
189856751575
189856761279
189856768726
189856775745
189856781665
189856788379
189856794849
189856802173
189856808459
189856815417
189856820605
189856827563
189856833606
189856840564
189856846362
189856853686
189856860217
189856868091
189856875537
189856881030
189856888537
189856894458
189856901294
189856907519
189856915271
189856920764
189856929309
189856935717
189856942065
189856948962
189856955188
189856961169
189856967089
189856976428
189856979907
189856987902
189856994555
189857001574
189857010302
189857015917
189857022387
189857027697
189857034228
189857042407
189857049487
189857055468
189857062731
189857068224
189857075182
189857082079
189857088305
189857095629
189857102709
189857109423
189857116930
189857122973
189857128649
189857136462
189857142931
189857148424
189857155321
189857163073
189857169420
189857176989
189857183764
189857189501
189857197191
189857203051
189857207995
189857213732
189857221117
189857227221
189857235216
189857243578
189857248827
189857256884
189857262804
189857270922
189857276842
189857283739
189857290209
189857295763
189857303758
189857309252
189857315965
189857322679
189857329698
189857335985
189857342211
189857349718
189857356249
189857363878
189857369981
189857377489
189857383897
189857390733
189857396410
189857404649
189857410081
189857418077
189857424486
189857433092
189857438219
189857445604
189857451341
189857457078
189857462633
189857469957
189857476671
189857483079
189857491136
189857497178
189857505845
189857512010
189857518419
189857526780
189857534166
189857540574
189857546495
189857553392
189857558946
189857565293
189857572740
189857579209
189857586106
189857594163
189857600205
189857607835
189857614671
189857621751
189857629197
189857633714
189857642564
189857648545
189857654649
189857662095
189857669785
189857676438
189857684373
189857690049
189857697678
189857703294
189857708237
189857716538
189857722764
189857728440
189857736008
189857742783
189857752000
189857758286
189857765000
189857772935
189857778733
189857785386
189857791489
189857798569
189857806382
189857814927
189857820298
189857826645
189857833542
189857839829
189857846604
189857853989
189857863205
189857868943
189857876389
189857882248
189857888596
189857896042
189857902085
189857909409
189857915268
189857922531
189857929367
189857935349
189857942734
189857950424
189857956589
189857964096
189857971054
189857978439
189857986008
189857991928
189857998642
189858005295
189858013718
189858019699
189858025558
189858033127
189858038681
189858044235
189858052109
189858059189
189858066147
189858073349
189858079941
189858086105
189858093673
189858100204
189858106430
189858114364
189858120956
189858126510
189858133224
189858141525
189858148117
189858154342
189858160934
189858168808
189858174789
189858181991
189858187362
189858194015
189858203292
189858209457
189858215316
189858222091
189858229110
189858236190
189858243087
189858249862
189858258041
189858263656
189858271896
189858277572
189858285018
189858292831
189858298690
189858306441
189858312362
189858317794
189858323714
189858331283
189858339095
189858345626
189858353133
189858359176
189858366744
189858372603
189858381698
189858388167
189858395736
189858403182
189858408980
189858414534
189858421370
189858429549
189858436568
189858442183
189858449874
189858457015
189858464400
189858470565
189858478560
189858486678
189858491927
189858499251
189858506392
189858514205
189858520369
189858527754
189858534590
189858541853
189858549239
189858554732
189858561934
189858567427
189858574568
189858580977
189858587386
189858595625
189858601851
189858607527
189858615462
189858620894
189858627180
189858633833
189858641341
189858647200
189858653364
189858661909
189858668135
189858674055
189858683394
189858690046
189858695845
189858701460
189858706709
189858713850
189858719221
189858728926
189858736128
189858741499
189858749617
189858755964
189858762373
189858770124
189858777265
189858785322
189858792341
189858798506
189858803877
189858812422
189858819013
189858824873
189858830610
189858838667
189858846113
189858852155
189858858625
189858865339
189858872541
189858880781
189858887617
189858893598
189858901655
189858907880
189858915815
189858922712
189858928632
189858935346
189858941083
189858947187
189858952741
189858958478
189858967451
189858974409
189858981611
189858986799
189858993757
189858999799
189859008222
189859014936
189859021650
189859029401
189859037091
189859043927
189859050275
189859056317
189859063764
189859069196
189859076093
189859085187
189859090985
189859097516
189859104962
189859112287
189859118695
189859124921
189859133588
189859139874
189859145856
189859151349
189859159284
189859165570
189859172650
189859179059
189859185651
189859191205
189859198102
189859206219
189859213361
189859219525
189859225568
189859232403
189859239972
189859245770
189859254437
189859259747
189859267804
189859273907
189859281231
189859287152
189859293805
189859300946
189859306988
189859313519
189859319867
189859325909
189859333905
189859340680
189859346783
189859353131
189859359661
189859365643
189859373455
189859378704
189859386395
189859390545
189859398785
189859405621
189859411480
189859419598
189859424603
189859431439
189859436566
189859444439
189859450970
189859458477
189859464214
189859469341
189859476788
189859483318
189859489666
189859497784
189859503582
189859509930
189859515789
189859524334
189859529583
189859536236
189859542950
189859550457
189859556011
189859562542
189859567730
189859575908
189859584087
189859590496
189859605266
189859612041
189859619243
189859627361
189859633464
189859641277
189859647136
189859652690
189859661174
189859667034
189859672954
189859679119
189859686992
189859692851
189859700969
189859706767
189859714092
189859721355
189859726848
189859734599
189859740947
189859747722
189859753764
189859760844
189859769206
189859775127
189859782573
189859788188
189859794414
189859801433
189859807414
189859816692
189859822978
189859828227
189859836467
189859841899
189859847880
189859855388
189859863017
189859869060
189859876384
189859883098
189859890727
189859896708
189859903727
189859909709
189859915141
189859922404
189859928263
189859936076
189859943339
189859949626
189859957988
189859965068
189859971293
189859977824
189859985453
189859991435
189859998820
189860004801
189860011393
189860018839
189860026042
189860031168
189860037882
189860042765
189860050578
189860057353
189860064188
189860068827
189860075236
189860081583
189860088297
189860094828
189860102396
189860109476
189860116801
189860122904
189860129923
189860135721
189860144205
189860150675
189860156534
189860162882
189860169108
189860175272
189860183451
189860190287
189860196573
189860202189
189860208597
189860215067
189860223124
189860229227
189860237040
189860243204
189860249613
189860257547
189860264139
189860270059
189860277201
189860282450
189860295389
189860309610
189860319315
189860327371
189860334818
189860342020
189860348673
189860356119
189860364053
189860370523
189860376382
189860384683
189860390665
189860397378
189860404153
189860411600
189860418313
189860425760
189860433389
189860440469
189860446878
189860453897
189860459817
189860469217
189860475198
189860481180
189860488260
189860497232
189860502725
189860509744
189860515969
189860522622
189860529275
189860536416
189860543435
189860550637
189860558633
189860564614
189860571878
189860580361
189860586953
189860592629
189860599343
189860606973
189860614297
189860619363
189860626443
189860633279
189860640237
189860646829
189860654275
189860660867
189860668008
189860673562
189860679910
189860689736
189860695718
189860703164
189860710305
189860717263
189860723183
189860730202
189860738564
189860744973
189860751259
189860756875
189860762368
189860769753
189860776650
189860785073
189860791543
189860797402
189860804848
189860810402
189860818764
189860825600
189860832192
189860838478
189860846291
189860852883
189860860512
189860866555
189860872719
189860878884
189860886757
189860892861
189860900429
189860905861
189860913735
189860920876
189860929970
189860936867
189860943337
189860949684
189860955971
189860962013
189860969337
189860976540
189860983986
189860989357
189860995644
189861002479
189861009193
189861013893
189861021889
189861030617
189861035499
189861042518
189861048500
189861054603
189861062050
189861070350
189861076515
189861084022
189861091285
189861097328
189861103920
189861112159
189861119239
189861126258
189861131752
189861139198
189861145057
189861150733
189861158241
189861164833
189861172401
189861179786
189861185829
189861191993
189861198280
189861205787
189861211830
189861220069
189861225868
189861231910
189861240699
189861246192
189861251563
189861257911
189861265052
189861273841
189861279578
189861287635
189861293433
189861301124
189861306373
189861314918
189861320350
189861325843
189861334144
189861340735
189861347022
189861353675
189861361060
189861366431
189861373450
189861378699
189861385657
189861392920
189861398536
189861406897
189861412146
189861420264
189861426368
189861434546
189861440589
189861446326
189861454505
189861460364
189861468482
189861474585
189861480200
189861488318
189861494361
189861500586
189861506384
189861513892
189861520606
189861527747
189861533972
189861540808
189861548499
189861554297
189861562415
189861568152
189861577612
189861583716
189861590185
189861599158
189861604529
189861612158
189861617773
189861624609
189861630530
189861635962
189861644140
189861650488
189861658423
189861664587
189861669958
189861675757
189861683752
189861690283
189861697546
189861704260
189861710974
189861717016
189861722204
189861730261
189861736486
189861743689
189861749792
189861755896
189861763525
189861768774
189861776342
189861782629
189861790991
189861797033
189861803686
189861809728
189861816076
189861823400
189861831640
189861838842
189861845190
189861851720
189861857458
189861863622
189861869238
189861874914
189861882421
189861889440
189861895116
189861901220
189861908605
189861915136
189861922155
189861930028
189861936559
189861942113
189861951085
189861957860
189861966100
189861971654
189861978551
189861985936
189861992528
189861998693
189862005712
189862011815
189862018407
189862026769
189862032689
189862039342
189862045690
189862053075
189862059362
189862065831
189862074132
189862080907
189862088414
189862093602
189862100865
189862106542
189862113622
189862120274
189862127232
189862134618
189862141942
189862148961
189862155736
189862161839
189862168858
189862175206
189862183141
189862189183
189862195531
189862201329
189862208104
189862214574
189862222264
189862227757
189862234166
189862241002
189862247288
189862253880
189862261815
189862267735
189862273777
189862280369
189862285435
189862294285
189862300145
189862308445
189862314976
189862320958
189862327000
189862335362
189862341526
189862347264
189862355564
189862360569
189862368199
189862372898
189862380406
189862387242
189862393040
189862399510
189862407322
189862413487
189862419834
189862425816
189862432652
189862440830
189862446140
189862454807
189862460789
189862467991
189862473789
189862480747
189862486912
189862493198
189862499729
189862506138
189862513401
189862520237
189862526523
189862532078
189862537815
189862545994
189862553074
189862561558
189862567661
189862574924
189862580845
189862587375
189862593418
189862601169
189862607700
189862613254
189862619785
189862625888
189862632358
189862638401
189862644443
189862650852
189862655918
189862661411
189862670139
189862676303
189862683933
189862690830
189862697299
189862704257
189862710483
189862716525
189862723789
189862729831
189862735812
189862743137
189862751254
189862758884
189862764743
189862770114
189862775058
189862783176
189862790317
189862798068
189862804111
189862811313
189862817721
189862824435
189862831515
189862839633
189862846286
189862851779
189862857760
189862864779
189862869967
189862877963
189862883456
189862890597
189862896029
189862903354
189862909579
189862915927
189862922519
189862930209
189862938205
189862943881
189862949862
189862956271
189862962191
189862969821
189862976962
189862983248
189862989474
189862995272
189863002169
189863007052
189863015109
189863021883
189863028719
189863036349
189863042269
189863048983
189863056490
189863062533
189863070101
189863075899
189863083102
189863088595
189863093417
189863100680
189863107577
189863115450
189863121615
189863126742
189863133944
189863140413
189863146578
189863152987
189863159884
189863166231
189863175020
189863181185
189863187838
189863193331
189863200228
189863208834
189863215364
189863220980
189863228548
189863233492
189863240938
189863247408
189863254915
189863261080
189863267488
189863274324
189863280611
189863287691
189863293306
189863300691
189863308626
189863315035
189863321138
189863326936
189863333101
189863339021
189863345491
189863353426
189863359651
189863365388
189863371309
189863378206
189863384187
189863391023
189863398714
189863405672
189863411714
189863419038
189863426301
189863431550
189863438569
189863445527
189863451692
189863459016
189863465303
189863470430
189863477327
189863484224
189863489900
189863497102
189863502900
189863509675
189863516206
189863522126
189863529756
189863534822
189863544038
189863551850
189863559175
189863565095
189863570161
189863577058
189863583589
189863588655
189863595979
189863603242
189863609223
189863615571
189863622163
189863626923
189863634736
189863642793
189863649201
189863656159
189863663117
189863669221
189863676850
189863684052
189863690583
189863695222
189863702729
189863709199
189863716645
189863721589
189863729828
189863735016
189863742524
189863749299
189863754975
189863762787
189863769623
189863776520
189863782563
189863789643
189863794953
189863801850
189863808991
189863815400
189863822785
189863828400
189863835907
189863843415
189863849518
189863856903
189863862519
189863870453
189863877167
189863884491
189863890473
189863897125
189863903168
189863909882
189863917755
189863924530
189863931610
189863936981
189863944000
189863949554
189863954376
189863961884
189863969025
189863975372
189863981842
189863987518
189863993561
189864000091
189864006134
189864014191
189864021271
189864028229
189864034210
189864041778
189864048431
189864054107
189864064178
189864069977
189864076690
189864084320
189864089996
189864097381
189864103729
189864112152
189864117584
189864124664
189864130218
189864136810
189864145294
189864151763
189864157257
189864165679
189864171783
189864179901
189864185760
189864193023
189864198089
189864204681
189864214019
189864220001
189864226470
189864233428
189864239166
189864244598
189864252471
189864258331
189864266509
189864272613
189864279815
189864288238
189864292571
189864301299
189864309173
189864315520
189864321502
189864328704
189864334929
189864341582
189864349517
189864355803
189864362822
189864368621
189864373870
189864379424
189864387359
189864395598
189864401274
189864409880
189864415862
189864422332
189864428557
189864436064
189864443206
189864449248
189864458342
189864464873
189864472319
189864477263
189864485564
189864490691
189864498320
189864505400
189864511931
189864518157
189864523833
189864531401
189864538298
189864546111
189864553740
189864559965
189864566008
189864572050
189864579436
189864586394
189864591826
189864600554
189864606291
189864613371
189864618925
189864626127
189864630888
189864640165
189864645598
189864653227
189864660734
189864667448
189864673430
189864678556
189864686857
189864693754
189864701139
189864707426
189864714506
189864720427
189864726957
189864733244
189864739530
189864746549
189864752226
189864760282
189864766325
189864773527
189864781217
189864787016
189864794767
189864801054
189864807462
189864813810
189864820280
189864826994
189864835050
189864841459
189864847135
189864854337
189864860624
189864865934
189864872648
189864880643
189864887052
189864893461
189864900236
189864909391
189864915006
189864921659
189864930082
189864936674
189864943509
189864949552
189864955045
189864962430
189864968290
189864976590
189864982206
189864987577
189864993619
189865002225
189865008268
189865014493
189865022733
189865028226
189865036466
189865044156
189865051358
189865057523
189865063809
189865072110
189865078519
189865085416
189865091458
189865097318
189865105924
189865112027
189865117886
189865124722
189865131253
189865136502
189865144131
189865149380
189865157132
189865164395
189865172635
189865179166
189865185635
189865193509
189865198697
189865206204
189865212735
189865219327
189865226040
189865231412
189865237881
189865245389
189865251919
189865258816
189865265652
189865272122
189865280423
189865287259
189865292935
189865301236
189865308438
189865315152
189865321499
189865329617
189865335781
189865345120
189865350979
189865357754
189865364834
189865371060
189865376187
189865384243
189865390774
189865397244
189865403164
189865411770
189865418484
189865425686
189865432217
189865439053
189865445461
189865452724
189865459133
189865464931
189865472622
189865478420
189865483791
189865491421
189865498623
189865505337
189865511989
189865519741
189865525173
189865533230
189865539455
189865546413
189865555629
189865561916
189865569851
189865575771
189865582241
189865589260
189865595424
189865602932
189865608730
189865615566
189865621669
189865629482
189865635524
189865642055
189865650356
189865655483
189865663295
189865669826
189865677272
189865683620
189865690334
189865696987
189865704250
189865711879
189865717860
189865725673
189865731899
189865737880
189865744960
189865751247
189865757716
189865762721
189865770290
189865776332
189865783168
189865791102
189865796779
189865803554
189865808803
189865816615
189865823390
189865830165
189865836757
189865843959
189865851222
189865857081
189865863002
189865871791
189865878016
189865884425
189865890712
189865897914
189865902674
189865910426
189865916529
189865923060
189865929286
189865935877
189865942591
189865948756
189865956019
189865962062
189865969325
189865977076
189865983485
189865989405
189865997706
189866003809
189866010462
189866017725
189866024622
189866031458
189866039149
189866044459
189866052760
189866058985
189866066187
189866073633
189866078699
189866085413
189866090845
189866096583
189866106043
189866111902
189866120142
189866126978
189866132654
189866139673
189866148035
189866154444
189866160791
189866169764
189866176477
189866184107
189866190271
189866197657
189866204370
189866210718
189866218409
189866224024
189866229090
189866236841
189866243128
189866248987
189866255457
189866264002
189866269983
189866277429
189866282984
189866290552
189866296411
189866305383
189866312341
189866318628
189866326257
189866332544
189866340173
189866346216
189866353235
189866359521
189866366479
189866371545
189866377649
189866385889
189866391748
189866398340
189866406763
189866412256
189866419641
189866425256
189866431848
189866437951
189866444238
189866450830
189866458093
189866465173
189866473291
189866479516
189866486901
189866492761
189866500390
189866505883
189866513085
189866518273
189866525231
189866531457
189866538598
189866544885
189866552026
189866558190
189866563500
189866570641
189866577111
189866582910
189866589745
189866598534
189866605370
189866612389
189866618859
189866625695
189866632287
189866639001
189866646325
189866653588
189866659081
189866666344
189866672082
189866678490
189866684228
189866690880
189866699669
189866705712
189866710900
189866718773
189866724816
189866730675
189866736718
189866745263
189866753014
189866759484
189866765160
189866770836
189866779503
189866786400
189866793724
189866801232
189866807701
189866813927
189866820214
189866827660
189866834252
189866841881
189866847435
189866853966
189866859581
189866865807
189866874230
189866880760
189866888329
189866894432
189866900475
189866908104
189866914330
189866920921
189866928368
189866935265
189866942039
189866947716
189866956627
189866963463
189866969688
189866975304
189866982994
189866989158
189866994224
189867002159
189867007835
189867013817
189867021141
189867028953
189867034202
189867040977
189867047142
189867054710
189867060692
189867067222
189867076133
189867082420
189867089927
189867096275
189867103538
189867109397
189867115379
189867123313
189867130455
189867136009
189867143455
189867148887
189867155662
189867163230
189867169761
189867175926
189867182700
189867189658
189867196616
189867202903
189867209739
189867218589
189867224632
189867232261
189867239646
189867246177
189867254111
189867261436
189867269431
189867275840
189867282493
189867288840
189867294883
189867302512
189867307944
189867314231
189867321494
189867326560
189867334311
189867341086
189867347129
189867353965
189867361716
189867368430
189867373496
189867379599
189867385398
189867393882
189867401511
189867408225
189867415122
189867422446
189867429587
189867436179
189867443564
189867449240
189867457785
189867464072
189867469443
189867476889
189867483237
189867489279
189867494895
189867501425
189867507712
189867515219
189867520834
189867529196
189867535483
189867541952
189867548849
189867555380
189867562887
189867570578
189867576010
189867581686
189867590109
189867597616
189867603049
189867610983
189867616354
189867624350
189867629782
189867637411
189867644735
189867650900
189867656515
189867663778
189867670919
189867677145
189867683981
189867691244
189867699545
189867705099
189867712118
189867720358
189867726828
189867734152
189867740560
189867747763
189867755575
189867761862
189867767172
189867775900
189867782308
189867788351
189867794393
189867801351
189867807211
189867815145
189867822469
189867827962
189867835714
189867842001
189867847372
189867855794
189867862325
189867868612
189867875082
189867881673
189867889242
189867895711
189867902975
189867908590
189867915609
189867920980
189867926900
189867934469
189867940511
189867945699
189867953023
189867959066
189867966146
189867971639
189867978658
189867984151
189867991048
189867997396
189868004232
189868012410
189868017659
189868027913
189868034017
189868040547
189868048238
189868054524
189868060445
189868066548
189868073018
189868079305
189868084981
189868091390
189868099446
189868105428
189868110921
189868116902
189868123860
189868129781
189868136128
189868142171
189868149983
189868155781
189868163472
189868171162
189868177693
189868184773
189868191365
189868196492
189868203816
189868210530
189868219197
189868225606
189868232258
189868238423
189868245564
189868252400
189868257344
189868265095
189868271809
189868276997
189868283467
189868290974
189868297139
189868303303
189868311116
189868316853
189868324665
189868332600
189868338642
189868347187
189868353291
189868362446
189868367695
189868375385
189868380756
189868388752
189868395161
189868400532
189868407917
189868415180
189868420368
189868429096
189868434772
189868442341
189868447834
189868455585
189868462238
189868467182
189868475605
189868481769
189868487812
189868495319
189868502399
189868508381
189868514972
189868521991
189868527546
189868533710
189868540790
189868546039
189868553852
189868559772
189868566059
189868573688
189868578205
189868585346
189868591877
189868599323
189868605365
189868612934
189868619464
189868626056
189868633624
189868639301
189868648822
189868655353
189868662738
189868669208
189868674152
189868682330
189868687640
189868693622
189868700519
189868706683
189868713153
189868720111
189868725360
189868732318
189868737994
189868746234
189868752765
189868758807
189868766437
189868772601
189868778155
189868787738
189868793780
189868799945
189868806293
189868813800
189868819476
189868826983
189868834186
189868839984
189868847430
189868852862
189868858844
189868865985
189868871844
189868876971
189868885089
189868890155
189868898272
189868904803
189868912982
189868919329
189868927325
189868933734
189868941119
189868949603
189868955706
189868960467
189868968829
189868975359
189868982012
189868987505
189868995806
189869001299
189869010088
189869015765
189869021014
189869028399
189869035540
189869041827
189869047930
189869055010
189869061053
189869066241
189869074480
189869081194
189869088152
189869093523
189869101092
189869106585
189869114458
189869121782
189869127764
189869136065
189869142168
189869149614
189869154558
189869162493
189869168474
189869175676
189869182085
189869189287
189869196306
189869202349
189869209307
189869216143
189869222185
189869230669
189869238603
189869244646
189869251848
189869259783
189869265459
189869272905
189869279497
189869286211
189869291948
189869298235
189869305620
189869312456
189869317949
189869326494
189869332964
189869338884
189869344743
189869351945
189869356706
189869364519
189869370866
189869378679
189869385026
189869392106
189869398149
189869404374
189869413591
189869419755
189869427079
189869432329
189869437883
189869445817
189869451860
189869460099
189869467607
189869474382
189869480607
189869486467
189869492936
189869498246
189869505204
189869511186
189869518937
189869526383
189869533036
189869540238
189869546464
189869552140
189869561295
189869566972
189869575028
189869581437
189869588273
189869595780
189869602616
189869608476
189869616166
189869622269
189869629349
189869634660
189869642594
189869647477
189869656144
189869662858
189869670304
189869676346
189869682999
189869690812
189869695756
189869705033
189869711014
189869717484
189869724015
189869731156
189869738724
189869743546
189869750321
189869756974
189869764725
189869770401
189869774735
189869781510
189869788346
189869795914
189869802262
189869808121
189869816361
189869822098
189869828079
189869834122
189869840836
189869848648
189869854386
189869860306
189869867996
189869873856
189869882279
189869890762
