185783209940
185783215311
185783219584
185783224650
185783229410
185783233439
185783237650
185783243265
185783248209
185783251810
185783258036
185783262308
185783266764
185783271769
185783276224
185783280130
185783285074
185783289225
185783292704
185783297403
185783301615
185783306314
185783310648
185783314615
185783318888
185783323770
185783328287
185783332559
185783336038
185783342447
185783346720
185783350565
185783354837
185783359659
185783362955
185783368570
185783373575
185783378275
185783381632
185783386270
185783389871
185783394266
185783402506
185783405618
185783410257
185783414652
185783419351
185783424173
185783427591
185783430521
185783435709
185783440530
185783444986
185783447977
185783452249
185783456216
185783460123
185783463602
185783468301
185783472330
185783476968
185783480325
185783484842
185783489480
185783493326
185783497049
185783500162
185783506570
185783509683
185783514993
185783518350
185783522683
185783526590
185783530862
185783536722
185783541177
185783544656
185783549600
185783553079
185783557412
185783560342
185783564676
185783569558
185783573831
185783577798
185783581765
185783586465
185783589517
185783594278
185783598672
185783604165
185783607827
185783612161
185783615579
185783619912
185783623880
185783628335
185783631875
185783636636
185783641336
185783645181
185783648110
185783652444
185783656594
185783660928
185783666299
185783669473
185783674783
185783677712
185783682168
185783685037
185783690347
185783694070
185783698586
185783703042
185783707803
185783713174
185783716470
185783722085
185783727639
185783732400
185783735268
185783740762
185783745278
185783749001
185783751076
185783757668
185783764321
185783768960
185783775124
185783778359
185783783425
185783787697
185783791909
185783797585
185783802529
185783807717
185783811379
185783816506
185783820412
185783825234
185783828652
185783833230
185783839516
185783844094
185783847695
185783852028
185783856545
185783860756
185783865212
185783868630
185783873818
185783878456
185783882302
185783886574
185783891518
185783895790
185783900551
185783905678
185783911660
185783913979
185783919899
185783923073
185783927834
185783932778
185783936501
185783940163
185783945290
185783948952
185783954567
185783958290
185783962990
185783965187
185783971291
185783977089
185783982155
185783986427
185783990090
185783994545
185783999367
185784002907
185784007790
185784014198
185784018898
185784022133
185784026894
185784030678
185784035439
185784038795
185784043617
185784049110
185784053505
185784057594
185784062050
185784065834
185784069984
185784074440
185784079079
185784083534
185784087929
185784091835
185784096168
185784100685
185784104896
185784108681
185784113258
185784118812
185784122780
185784126442
185784131386
185784135109
185784139625
185784143348
185784148719
185784153602
185784157875
185784162574
185784166725
185784170570
185784175026
185784178810
185784183570
185784188636
185784193031
185784197914
185784201271
185784206275
185784210487
185784215248
185784220497
185784225502
185784229835
185784234046
185784238441
185784241798
185784246009
185784250831
185784256507
185784260108
185784265113
185784269325
185784272743
185784277076
185784281776
185784286231
185784290687
185784295875
185784299964
185784304237
185784308814
185784313087
185784317237
185784321815
185784326881
185784330787
185784336036
185784339332
185784343787
185784348243
185784352454
185784357276
185784362708
185784366614
185784371802
185784374915
185784381324
185784384437
185784389625
185784393958
185784400306
185784403968
185784409278
185784412818
185784417762
185784422400
185784426978
185784431678
185784436988
185784440955
185784445960
185784450599
185784455298
185784460059
185784463660
185784469031
185784476111
185784479956
185784484290
185784489478
185784494300
185784499121
185784502722
185784508582
185784513770
185784517554
185784522986
185784526526
185784531226
185784535864
185784539649
185784544776
185784550208
185784555518
185784558875
185784564246
185784567908
185784573096
185784577124
185784582373
185784587622
185784592688
185784596594
185784601782
185784606238
185784610693
185784615332
185784618872
185784624060
185784629553
185784632544
185784637854
185784642493
185784646704
185784651221
185784656348
185784661413
185784666479
185784671850
185784677405
185784683142
185784688513
185784693579
185784698584
185784703283
185784708349
185784714209
185784718176
185784722815
185784727453
185784732092
185784736548
185784743567
185784747595
185784754126
185784757910
185784763403
185784768713
185784773474
185784777624
185784783483
185784787024
185784791723
185784796179
185784800695
185784805029
185784808813
185784813940
185784818945
185784822851
185784828710
185784833227
185784838598
185784842871
185784848913
185784853002
185784859167
185784864111
185784868383
185784872656
185784878210
185784882055
185784886999
185784891821
185784897436
185784903112
185784907568
185784913915
185784919836
185784930395
185784934911
185784946935
185784953832
185784960668
185784965063
185784974279
185784982458
185784988988
185784995580
185785004491
185785013769
185785021093
185785027501
185785034643
185785045018
185785051610
185785061620
185785070897
185785078344
185785084569
185785089940
185785098363
185785106969
185785115514
185785123754
185785131444
185785137425
185785141515
185785146398
185785151158
185785156346
185785160436
185785164525
185785167577
185785172460
185785175816
185785180333
185785184422
185785188268
185785192174
185785196812
185785199803
185785205296
185785207677
185785214879
185785218968
185785222447
185785226292
185785230748
185785234227
185785238866
185785243748
185785247716
185785251378
185785255894
185785260228
185785264256
185785267796
185785272069
185785277012
185785281102
185785284703
185785288670
185785292821
185785296727
185785300755
185785304478
185785311070
185785313328
185785318638
185785321690
185785326024
185785330479
185785333836
185785339512
185785342686
185785347142
185785351658
185785355259
185785359776
185785363011
185785367588
185785372837
185785376927
185785380650
185785384739
185785389134
185785392247
185785396275
185785400425
185785405003
185785408421
185785413792
185785417210
185785421788
185785426121
185785430027
185785435520
185785441441
185785445835
185785449681
185785453098
185785459141
185785461460
185785467503
185785470066
185785475987
185785479527
185785485325
185785489292
185785493076
185785496372
185785502232
185785504978
185785512424
185785516453
185785521275
185785525242
185785528904
185785533665
185785537449
185785542576
185785547642
185785551914
185785555942
185785559849
185785564731
185785568455
185785573276
185785578342
185785582310
185785586765
185785590549
185785594211
185785599155
185785602756
185785607578
185785613071
185785617405
185785620762
185785625766
185785629734
185785634617
185785639438
185785643100
185785649021
185785653598
185785657871
185785662876
185785665989
185785670871
185785675449
185785679538
185785685703
185785691318
185785695102
185785700534
185785704319
185785709445
185785712009
185785717746
185785722995
185785728610
185785733127
185785737216
185785741489
185785746616
185785748996
185785755588
185785759128
185785766635
185785769260
185785774997
185785778598
185785784274
185785787753
185785793247
185785797092
185785803439
185785807407
185785812228
185785816989
185785820651
185785825839
185785830356
185785835422
185785840366
185785844272
185785849765
185785854404
185785859286
185785862887
185785867831
185785872958
185785879794
185785883578
185785889071
185785892673
185785897861
185785901584
185785906650
185785910922
185785917941
185785920566
185785926730
185785930514
185785935946
185785939731
185785945102
185785949984
185785955966
185785960971
185785964816
185785969394
185785974032
185785979037
185785983004
185785988314
185785993380
185785998202
185786001132
185786006564
185786011752
185786015414
185786019625
185786025302
185786030551
185786035494
185786039279
185786043917
185786048983
185786053683
185786058138
185786062350
185786066439
185786073397
185786076815
185786082125
185786087130
185786090792
185786095431
185786100558
185786106722
185786110629
185786115572
185786119784
185786124789
185786129000
185786133578
185786137728
185786142550
185786148165
185786152499
185786156649
185786160311
185786165804
185786169222
185786175692
185786178377
185786185335
185786189852
185786194002
185786197603
185786203402
185786207125
185786211947
185786216097
185786222567
185786226595
185786232149
185786235994
185786241549
185786245272
185786250338
185786254244
185786259859
185786265169
185786269747
185786273287
185786278414
185786283235
185786287813
185786291414
185786298555
185786303682
185786306856
185786313082
185786317781
185786322420
185786326082
185786331514
185786336885
185786340853
185786344881
185786350252
185786353792
185786358858
185786361421
185786368440
185786373811
185786378816
185786382845
185786387300
185786391451
185786396761
185786399141
185786404451
185786410616
185786414888
185786419344
185786423494
185786427034
185786433565
185786435823
185786442659
185786448335
185786452608
185786455110
185786462312
185786464815
185786470918
185786474458
185786480501
185786483491
185786490938
185786493501
185786499299
185786502900
185786509309
185786513337
185786519136
185786521821
185786528901
185786534028
185786538362
185786542268
185786548433
185786550752
185786556489
185786561555
185786568147
185786570710
185786577241
185786580659
185786586335
185786590058
185786595857
185786598664
185786605317
185786608003
185786615632
185786618074
185786625398
185786630403
185786635713
185786640717
185786646638
185786651399
185786655122
185786658906
185786663789
185786667939
185786673310
185786678742
185786683808
185786687348
185786692719
185786696442
185786700898
185786703034
185786709870
185786715607
185786721101
185786725922
185786730622
185786735444
185786740266
185786743378
185786748627
185786754548
185786760224
185786765412
185786770295
185786773591
185786779023
185786782868
185786788422
185786793671
185786798676
185786802521
185786807831
185786812592
185786816315
185786820771
185786825959
185786832550
185786837555
185786841401
185786846650
185786851715
185786856537
185786859406
185786864777
185786870758
185786875946
185786879120
185786884369
185786888153
185786893463
185786898102
185786903107
185786908234
185786914032
185786919342
185786923065
185786927765
185786932587
185786936371
185786941742
185786946259
185786952118
185786955902
185786961212
185786964813
185786971832
185786980499
185786989899
185786997284
185787005768
185787016327
185787024689
185787032257
185787041901
185787049225
185787059173
185787065277
185787071991
185787079803
185787086761
185787093170
185787102020
185787110321
185787116546
185787120636
185787125518
185787129120
185787133697
185787137481
185787142852
185787148040
185787151092
185787156097
185787159271
185787163848
185787167938
185787171783
185787175872
185787180877
185787184539
185787189239
185787193511
185787197174
185787200897
185787205169
185787210296
185787213470
185787217803
185787222259
185787225860
185787230010
185787234893
185787238250
185787243072
185787247772
185787251922
185787255340
185787260528
185787264312
185787270294
185787275115
185787278472
185787283599
185787286590
185787292327
185787295806
185787299712
185787305999
185787309905
185787314727
185787320342
185787324676
185787328826
185787333892
185787339019
185787344390
185787348846
185787353667
185787359527
185787363677
185787370147
185787375579
185787380279
185787385222
185787390349
185787394744
185787398406
185787402617
185787408355
185787412261
185787417327
185787421477
185787425383
185787429412
185787433562
185787437713
185787442717
185787449004
185787453765
185787457732
185787462737
185787466460
185787471709
185787475615
185787481780
185787486235
185787491240
185787495452
185787501067
185787506133
185787511260
185787515776
185787520598
185787526457
185787530913
185787536711
185787541045
185787547026
185787552458
185787556426
185787559111
185787565581
185787569487
185787575591
185787581084
185787585844
185787589751
185787595793
185787600188
185787605864
185787611174
185787615324
185787620818
185787625761
185787631010
185787636076
185787640776
185787647124
185787652373
185787656157
185787660734
185787666289
185787670683
185787675322
185787680144
185787686186
185787690947
185787694487
185787700102
185787706694
185787711271
185787715117
185787720793
185787725981
185787732451
185787737333
185787742460
185787748808
185787752836
185787758146
185787763090
185787769011
185787773222
185787779570
185787784391
185787790007
185787794035
185787799467
185787804228
185787808683
185787814909
185787819670
185787824980
185787829557
185787835783
185787839933
185787845487
185787849760
185787855436
185787859770
185787866361
185787870573
185787874479
185787877409
185787883329
185787887785
185787893461
185787898222
185787903654
185787908720
185787913297
185787915983
185787922208
185787925748
185787931242
185787935026
185787939909
185787943571
185787949674
185787953886
185787959562
185787965055
185787969999
185787975919
185787980070
185787987150
185787992154
185787996183
185788000150
185788007291
185788012662
185788016691
185788023038
185788028409
185788032560
185788037626
185788042142
185788049222
185788053250
185788058805
185788062772
185788067716
185788071256
185788076261
185788081205
185788086759
185788091642
185788096891
185788101773
185788106229
185788111905
185788118558
185788123319
185788127652
185788132840
185788138150
185788143155
185788147977
185788153287
185788158902
185788164517
185788167630
185788174344
185788179471
185788184049
185788189298
185788194791
185788199368
185788204129
185788208463
185788213162
185788220303
185788224454
185788229642
185788235379
185788239224
185788245694
185788250088
185788255765
185788259671
185788264310
185788268460
185788274258
185788279324
185788284451
185788289456
185788295376
185788300808
185788305752
185788309964
185788316311
185788320157
185788327847
185788333584
185788338528
185788343167
185788347989
185788352566
185788356961
185788361782
185788366055
185788369656
185788376980
185788381985
185788386318
185788391323
185788396084
185788400540
185788405850
185788409390
185788414761
185788420193
185788424160
185788428738
185788432217
185788434475
185788442227
185788446255
185788450832
185788457852
185788462063
185788466091
185788471462
185788475491
185788480618
185788485317
185788490994
185788496609
185788501064
185788506924
185788511745
185788517055
185788523098
185788528164
185788532802
185788539211
185788544033
185788549526
185788554470
185788559048
185788563930
185788570461
185788575039
185788580471
185788584621
185788591213
185788595913
185788601528
185788607692
185788612331
185788617580
185788621853
185788626796
185788631435
185788636257
185788640346
185788645351
185788651210
185788655361
185788661342
185788665126
185788670192
185788674160
185788680263
185788684780
185788690151
185788694240
185788700527
185788705104
185788711025
185788715053
185788720241
185788725002
185788729946
185788733974
185788741603
185788745021
185788750087
185788755275
185788760036
185788763698
185788767970
185788774318
185788779201
185788783839
185788787624
185788792567
185788796291
185788801906
185788807338
185788812770
185788818751
185788822841
185788827907
185788832912
185788837184
185788841823
185788848231
185788851710
185788856471
185788860194
185788866481
185788871242
185788875941
185788881434
185788886256
185788890834
185788896571
185788900721
185788906215
185788910548
185788914943
185788921656
185788926295
185788931361
185788936793
185788941371
185788946193
185788951381
185788955104
185788965052
185788972621
185788978602
185788987208
185788994105
185789004359
185789013331
185789022303
185789030787
185789036952
185789045985
185789053126
185789059535
185789065211
185789077418
185789082423
185789093409
185789099268
185789103968
185789107935
185789113306
185789118800
185789123499
185789128321
185789132899
185789137354
185789141871
185789146265
185789149805
185789155848
185789158472
185789164515
185789167872
185789172877
185789176172
185789181116
185789186609
185789191675
185789195948
185789199915
185789202112
185789209009
185789213587
185789217432
185789221766
185789226954
185789232019
185789235376
185789239893
185789244165
185789247644
185789252832
185789257105
185789262720
185789267298
185789271936
185789276270
185789280970
185789285059
185789290125
185789296533
185789300318
185789305384
185789310938
185789316065
185789319788
185789325464
185789331201
185789335901
185789340357
185789346033
185789348779
185789356226
185789358667
185789365442
185789371973
185789376428
185789381555
185789385706
185789388696
185789396448
185789401636
185789405664
185789410730
185789416406
185789419580
185789424707
185789429407
185789434717
185789438318
185789443750
185789450403
185789455347
185789459192
185789463525
185789468042
185789471521
185789477685
185789482873
185789488489
185789492212
185789497217
185789501550
185789505822
185789511194
185789515161
185789519922
185789525720
185789529748
185789534204
185789539392
185789544091
185789549340
185789553979
185789559716
185789563745
185789568078
185789573144
185789577661
185789581506
185789587854
185789592919
185789597375
185789602014
185789606286
185789609704
185789615136
185789621057
185789626306
185789631310
185789635888
185789639794
185789644372
185789648705
185789653649
185789659020
185789664269
185789669152
185789672265
185789676904
185789680871
185789685693
185789690026
185789695580
185789700951
185789704430
185789710290
185789713769
185789719201
185789724755
185789730492
185789734460
185789738976
185789743798
185789748437
185789752465
185789759789
185789763939
185789769188
185789774376
185789779564
185789782921
185789787926
185789792992
185789798180
185789803734
185789807763
185789811730
185789816918
185789821129
185789825707
185789833397
185789836815
185789842308
185789847252
185789851281
185789856408
185789860436
185789866661
185789873497
185789878502
185789883446
185789888390
185789891869
185789897484
185789902428
185789907311
185789911156
185789916649
185789920494
185789926842
185789930748
185789935265
185789940270
185789946556
185789950768
185789955956
185789959435
185789965111
185789968712
185789974449
185789978294
185789983971
185789987877
185789993431
185789997032
185790002403
185790006126
185790010948
185790016380
185790021995
185790026024
185790030540
185790035301
185790039513
185790044395
185790048973
185790054344
185790059471
185790064476
185790068687
185790073509
185790078087
185790082603
185790087364
185790091575
185790097740
185790103538
185790107872
185790112144
185790116783
185790121421
185790126365
185790130516
185790137352
185790141441
185790147422
185790151390
185790156578
185790161827
185790166832
185790170982
185790177513
185790181114
185790186485
185790189903
185790196189
185790199729
185790204978
185790209068
185790215171
185790219139
185790224998
185790228782
185790234397
185790238365
185790243491
185790249229
185790253440
185790258750
185790263206
185790266868
185790273277
185790277305
185790282554
185790285423
185790292747
185790297874
185790303123
185790307212
185790311362
185790315757
185790321128
185790326560
185790332114
185790336387
185790340415
185790344565
185790349875
185790354819
185790359031
185790363791
185790369224
185790374351
185790378989
185790382590
185790387534
185790391196
185790396872
185790403769
185790407798
185790413779
185790417868
185790421836
185790425986
185790431235
185790436179
185790440818
185790446738
185790450217
185790454856
185790459189
185790463828
185790467612
185790473288
185790477927
185790483298
185790488059
185790492758
185790497702
185790501547
185790507224
185790512595
185790517600
185790522360
185790526938
185790530783
185790534995
185790542563
185790546042
185790551657
185790555136
185790560629
185790563864
185790570334
185790576071
185790580588
185790585043
185790589377
185790594138
185790598776
185790603049
185790608908
185790613974
185790618613
185790622946
185790626730
185790632040
185790636191
185790641012
185790646139
185790650046
185790656759
185790660116
185790665182
185790669699
185790675009
185790678488
185790684347
185790688925
185790692160
185790698019
185790702597
185790706564
185790711813
185790716696
185790722067
185790726461
185790730551
185790735189
185790739584
185790743429
185790749472
185790754293
185790759603
185790763937
185790768881
185790773458
185790779257
185790783163
185790786886
185790793905
185790798666
185790803182
185790808859
185790814413
185790820944
185790826376
185790830831
185790836569
185790840658
185790846456
185790852560
185790859090
185790864217
185790869894
185790876119
185790880270
185790886251
185790889974
185790896871
185790899984
185790909261
185790914388
185790921346
185790927938
185790938070
185790946187
185790952474
185790961202
185790970113
185790982503
185790990072
185790996297
185791004232
185791013265
185791019979
185791028646
185791036946
185791047872
185791056783
185791063436
185791073201
185791079427
185791083028
185791089009
185791093709
185791097737
185791102010
185791106893
185791113912
185791117879
185791123494
185791128865
185791132893
185791137105
185791142110
185791148030
185791152791
185791157674
185791161092
185791166707
185791170247
185791175191
185791182332
185791187032
185791192036
185791196553
185791201131
185791204854
185791209798
185791213582
185791219624
185791224629
185791230061
185791234944
185791239522
185791243489
185791248433
185791253438
185791257283
185791264424
185791269307
185791273518
185791278035
185791282856
185791288105
185791294331
185791299580
185791304280
185791308308
185791313740
185791318013
185791323811
185791330342
185791337056
185791341511
185791346028
185791351521
185791355000
185791360127
185791367634
185791373310
185791378865
185791382527
185791387043
185791391865
185791396748
185791400898
185791407124
185791411823
185791418781
185791423054
185791428730
185791433735
185791438435
185791445454
185791451252
185791456928
185791460651
185791466511
185791470661
185791476704
185791481892
185791486408
185791491657
185791497456
185791503071
185791508015
185791511921
185791517414
185791523151
185791527668
185791534626
185791537433
185791544452
185791549457
185791553913
185791559223
185791565754
185791571674
185791575947
185791581867
185791585834
185791591572
185791597248
185791604755
185791608844
185791617389
185791622089
185791628742
185791633991
185791640827
185791646930
185791652179
185791659503
185791665363
185791670612
185791675251
185791680683
185791687091
185791692218
185791696796
185791704120
185791708270
185791714252
185791719135
185791725482
185791732196
185791737506
185791743305
185791747150
185791752704
185791756305
185791762286
185791767352
185791772662
185791777057
185791782550
185791786639
185791792804
185791798541
185791802936
185791809344
185791814349
185791820026
185791825091
185791828692
185791834613
185791841083
185791845477
185791849627
185791856891
185791861468
185791866839
185791872149
185791878497
185791885394
185791889361
185791895587
185791899310
185791904986
185791908831
185791914447
185791920855
185791927447
185791931659
185791937701
185791942034
185791948077
185791952471
185791958880
185791963885
185791969683
185791976031
185791980059
185791985430
185791989154
185791995135
185792001177
185792007830
185792013506
185792018939
185792022906
185792028216
185792032305
185792038226
185792042925
185792047991
185792053301
185792057024
185792063677
185792068194
185792072649
185792078753
185792085039
185792089373
185792094378
185792098528
185792103838
185792107989
185792113299
185792118731
185792124712
185792129961
185792135760
185792140459
185792145342
185792150164
185792157183
185792163225
185792168780
185792174334
185792178789
185792184099
185792189959
185792194719
185792199968
185792205217
185792211443
185792215227
185792221819
185792224688
185792231646
185792238115
185792244585
185792249407
185792254656
185792258928
185792264238
185792268816
185792274370
185792279741
185792284197
185792290605
185792295976
185792300798
185792305986
185792310320
185792315508
185792321855
185792327776
185792333452
185792339861
185792343279
185792350786
185792354326
185792364092
185792367387
185792374467
185792378984
185792385881
185792392046
185792397844
185792402483
185792410844
185792414995
185792420244
185792424943
185792429521
185792434770
185792439714
185792443681
185792451372
185792455766
185792461931
185792467241
185792471208
185792476213
185792480974
185792486589
185792492570
185792497209
185792503740
185792507463
185792512773
185792516374
185792521928
185792526567
185792532914
185792538163
185792542985
185792546830
185792553117
185792556657
185792562089
185792566178
185792572404
185792576310
185792581925
185792585588
185792591081
185792594682
185792599809
185792604203
185792609696
185792615922
185792620805
185792624833
185792630631
185792632829
185792639359
185792642411
185792649857
185792652787
185792660722
185792663224
185792669389
185792673112
185792678971
185792683427
185792690140
185792695389
185792699906
185792703751
185792709000
185792714066
185792719132
185792723710
185792730179
185792736222
185792741776
185792745499
185792751359
185792755326
185792759598
185792765763
185792771927
185792777482
185792781144
185792786820
185792791337
185792795914
185792800858
185792806778
185792811966
185792818436
185792822709
185792829850
185792834366
185792839310
185792843216
185792850724
185792856583
185792862931
185792867630
185792874344
185792878433
185792885025
185792889054
185792894913
185792899307
185792905350
185792910599
185792917008
185792922623
185792929520
185792935684
185792941300
185792947952
185792954422
185792959671
185792964798
185792971756
185792976028
185792980789
185792985001
185792992020
185792996353
185793004043
185793007339
185793013931
185793020584
185793025589
185793030289
185793037857
185793042068
185793048599
185793053299
185793060196
185793064956
185793069900
185793078994
185793085220
185793093094
185793099380
185793106643
185793117752
185793128921
185793138809
185793145950
185793153701
185793162673
185793169631
185793176223
185793184341
185793190811
185793203628
185793209426
185793217910
185793224075
185793229080
185793233779
185793237808
185793243606
185793248550
185793253310
185793256973
185793262405
185793266067
185793271865
185793274551
185793280898
185793286086
185793291518
185793296340
185793300552
185793306350
185793311660
185793317580
185793321609
185793326858
185793331069
185793336623
185793339980
185793345839
185793352492
185793357802
185793361831
185793366408
185793371840
185793377211
185793382522
185793390273
185793395522
185793399672
185793404738
185793409011
185793412856
185793418349
185793425429
185793430068
185793434645
185793438430
185793444960
185793450209
185793455153
185793460158
185793465834
185793470900
185793474745
185793479933
185793484572
185793489455
185793494826
185793500075
185793503798
185793509169
185793514296
185793519484
185793523329
185793528822
185793534255
185793540602
185793545790
185793550490
185793556288
185793560988
185793565016
185793574843
185793578810
185793585158
185793589491
185793594374
185793598463
185793604994
185793611342
185793617201
185793620436
185793626234
185793631666
185793636244
185793641005
185793647108
185793652235
185793656935
185793664076
185793668715
185793673292
185793677870
185793683790
185793691664
185793697706
185793701796
185793707106
185793712111
185793716200
185793722914
185793726576
185793733717
185793738722
185793743421
185793748487
185793754225
185793758619
185793764418
185793770033
185793774732
185793781263
185793784986
185793791761
185793796400
185793801039
185793805372
185793811170
185793816480
185793820692
185793825819
185793830335
185793836256
185793841993
185793846326
185793851759
185793857618
185793861219
185793867567
185793870924
185793877637
185793883314
185793889295
185793893873
185793899610
185793903516
185793909437
185793913160
185793919080
185793923536
185793928968
185793933301
185793939771
185793944288
185793950391
185793954419
185793960706
185793966199
185793970838
185793975904
185793980848
185793986463
185793991468
185793996900
185794003003
185794007947
185794013684
185794018384
185794023877
185794029248
185794033460
185794039380
185794045056
185794052747
185794058484
185794063550
185794067823
185794073987
185794078259
185794083692
185794089490
185794094983
185794100842
185794105298
185794111035
185794115064
185794121228
185794125684
185794131177
185794139844
185794145337
185794148145
185794154858
185794159375
185794165662
185794171338
185794176648
185794181714
185794188000
185794192639
185794198193
185794203931
185794207776
185794214062
185794218030
185794224377
185794231213
185794236706
185794239453
185794247998
185794252698
185794257702
185794262463
185794268689
185794273877
185794280346
185794285046
185794291272
185794295483
185794301098
185794307080
185794312634
185794316906
185794323498
185794328076
185794334668
185794339001
185794344250
185794349377
185794354321
185794360852
185794366772
185794372082
185794378185
185794383312
185794387524
185794393627
185794398327
185794403820
185794410168
185794416638
185794421398
185794426403
185794432079
185794437939
185794442272
185794448681
185794453136
185794459911
185794465893
185794470226
185794476696
185794481213
185794486339
185794490551
185794497448
185794502575
185794507946
185794512401
185794518688
185794522899
185794529247
185794534862
185794539440
185794545299
185794550792
185794557079
185794561168
185794566845
185794571483
185794577770
185794582409
185794587230
185794593029
185794599437
185794602306
185794609569
185794614025
185794620006
185794624584
185794630870
185794635509
185794641613
185794647777
185794652904
185794657482
185794663463
185794667919
185794674144
185794678661
185794687328
185794692272
185794697643
185794703258
185794707164
185794713695
185794719127
185794724376
185794730052
185794735301
185794739940
185794746227
185794750682
185794756541
185794762645
185794768016
185794772655
185794779124
185794785899
185794790782
185794794871
185794800609
185794804759
185794811412
185794814525
185794822398
185794827647
185794832347
185794837474
185794843394
185794847972
185794852733
185794858592
185794864512
185794868846
185794874827
185794880687
185794884715
185794889781
185794895030
185794900218
185794904979
185794911692
185794915782
185794921580
185794925425
185794930979
185794935862
185794942820
185794948863
185794954600
185794957957
185794963328
185794968760
185794974619
185794979746
185794986033
185794991282
185794995005
185795001902
185795004832
185795011546
185795016428
185795022715
185795029063
185795034068
185795037974
185795043284
185795048411
185795052378
185795060252
185795065134
185795072337
185795076121
185795081797
185795086436
185795091074
185795095835
185795103037
185795108652
185795114207
185795118113
185795123850
185795128245
185795133738
185795139475
185795144785
185795150339
185795154612
185795161203
185795165415
185795171030
185795175608
185795182383
185795186777
185795192392
185795197580
185795202402
185795207224
185795213816
185795220896
185795226572
185795231638
185795235483
185795242563
185795246591
185795252268
185795256662
185795263132
185795268320
185795273996
185795280222
185795290598
185795299509
185795308603
185795318491
185795323862
185795337412
