121911408853
121911417398
121911426248
121911433816
121911443032
121911450601
121911462014
121911470193
121911479836
121911487771
121911494729
121911504312
121911509744
121911520730
121911529580
121911537820
121911545510
121911554238
121911563027
121911569192
121911579812
121911585793
121911594887
121911601906
121911613076
121911620705
121911631753
121911637551
121911648903
121911658730
121911668068
121911677407
121911686501
121911695412
121911702492
121911712380
121911721718
121911731606
121911739174
121911751564
121911759072
121911769325
121911776650
121911788185
121911795815
121911806008
121911815895
121911824501
121911834389
121911842567
121911850685
121911859962
121911867836
121911878822
121911886696
121911897499
121911902931
121911915932
121911921669
121911933388
121911941932
121911951088
121911960304
121911967140
121911976417
121911985572
121911995216
121912004493
121912013343
121912023353
121912031349
121912038124
121912048622
121912059852
121912069312
121912077491
121912089393
121912097511
121912108802
121912119605
121912129371
121912138160
121912148231
121912155982
121912168250
121912176856
121912185035
121912196143
121912204932
121912216102
121912223731
121912234717
121912243995
121912252601
121912262122
121912272864
121912280494
121912291419
121912301001
121912309607
121912320838
121912329383
121912338660
121912347266
121912359351
121912368018
121912379309
121912385291
121912398352
121912404151
121912417761
121912423743
121912436377
121912445105
121912456824
121912462683
121912475928
121912481665
121912494421
121912504675
121912514624
121912521399
121912534643
121912540564
121912551550
121912562780
121912570410
121912580664
121912590796
121912597082
121912609228
121912615087
121912628759
121912638830
121912646765
121912657263
121912667455
121912674475
121912686559
121912697668
121912707861
121912715551
121912725561
121912731237
121912746191
121912754186
121912764257
121912774511
121912784704
121912794225
121912802038
121912813390
121912821081
121912830602
121912840856
121912851720
121912859472
121912869481
121912879491
121912887670
121912897985
121912910497
121912918248
121912929174
121912936864
121912948888
121912957128
121912966710
121912979039
121912988805
121912996861
121913005956
121913014195
121913024693
121913036046
121913046605
121913055516
121913063878
121913071629
121913082371
121913090306
121913099888
121913107640
121913116490
121913125157
121913136326
121913144017
121913153660
121913161473
121913170933
121913178807
121913188084
121913201756
121913209385
121913219456
121913228794
121913234288
121913246617
121913253819
121913263340
121913268955
121913280796
121913290562
121913299778
121913308811
121913318760
121913327793
121913335545
121913346592
121913354465
121913365513
121913375828
121913383518
121913394321
121913398411
121913412815
121913423679
121913430759
121913439792
121913449009
121913457309
121913466221
121913476413
121913484470
121913497531
121913505283
121913514560
121913521884
121913531833
121913541233
121913550510
121913561435
121913570529
121913579135
121913588291
121913595432
121913607089
121913614963
121913624179
121913632419
121913642490
121913650851
121913659946
121913667575
121913677829
121913685519
121913695834
121913705050
121913715610
121913724704
121913733981
121913743503
121913750644
121913758456
121913771029
121913779513
121913789157
121913794528
121913806674
121913812045
121913824740
121913832370
121913842135
121913853366
121913862399
121913871371
121913878817
121913889803
121913899630
121913907809
121913917635
121913928133
121913937899
121913946261
121913954562
121913964815
121913972079
121913980196
121913989779
121914003084
121914008578
121914020174
121914025545
121914039278
121914045260
121914056856
121914068087
121914075289
121914084017
121914093233
121914102999
121914113069
121914121126
121914131868
121914143465
121914151888
121914161470
121914170503
121914181368
121914190218
121914201204
121914208711
121914218843
121914227083
121914237825
121914248262
121914256319
121914263032
121914274385
121914282258
121914293672
121914301301
121914312166
121914320161
121914331392
121914341523
121914349153
121914359712
121914369111
121914377107
121914389619
121914396333
121914407502
121914416291
121914429780
121914436616
121914448091
121914456513
121914465913
121914474336
121914484895
121914495942
121914505341
121914514985
121914523591
121914534760
121914544221
121914552644
121914562043
121914571931
121914580109
121914588837
121914597993
121914604828
121914614960
121914625153
121914634308
121914641999
121914651703
121914660492
121914670807
121914678803
121914689850
121914699799
121914709748
121914718415
121914727753
121914740875
121914750336
121914758576
121914767731
121914777435
121914786713
121914794464
121914804108
121914814179
121914822601
121914834198
121914842499
121914852325
121914862213
121914870819
121914878570
121914891632
121914899139
121914909149
121914917206
121914927154
121914934723
121914944671
121914954864
121914964752
121914974090
121914987213
121914999298
121915009124
121915023529
121915039337
121915050933
121915061736
121915077484
121915087615
121915101287
121915111114
121915127166
121915141082
121915155608
121915168120
121915180511
121915195403
121915204680
121915217437
121915234710
121915246428
121915259612
121915271087
121915283232
121915295073
121915307341
121915320159
121915334685
121915343962
121915356169
121915361785
121915373137
121915382414
121915391692
121915401640
121915410796
121915419707
121915429350
121915438628
121915445952
121915457304
121915467802
121915476347
121915485747
121915495207
121915504423
121915511564
121915522123
121915531279
121915542265
121915549162
121915558073
121915569365
121915578764
121915586699
121915594511
121915606413
121915615019
121915623991
121915633818
121915642912
121915652128
121915661344
121915669218
121915678068
121915688993
121915696989
121915708830
121915714628
121915726957
121915738370
121915748258
121915757658
121915767423
121915776334
121915786283
121915794279
121915804960
121915815824
121915825712
121915834989
121915843900
121915853544
121915860990
121915872037
121915879850
121915893399
121915901029
121915910611
121915920987
121915930936
121915938931
121915950650
121915958768
121915972257
121915979825
121915990445
121915998380
121916009366
121916020230
121916029324
121916040677
121916049771
121916059170
121916066434
121916075650
121916084927
121916094144
121916101346
121916111600
121916121853
121916131253
121916139004
121916148221
121916156887
121916166043
121916173062
121916182766
121916191800
121916201382
121916211148
121916221157
121916229275
121916239529
121916249233
121916258206
121916270107
121916276028
121916288845
121916294399
121916305996
121916311306
121916323452
121916329372
121916342922
121916348232
121916360439
121916369778
121916378872
121916384182
121916396023
121916408047
121916417873
121916425380
121916434597
121916442775
121916451625
121916461635
121916468776
121916479335
121916489528
121916498806
121916508205
121916516262
121916525356
121916534145
121916541469
121916553310
121916563869
121916572963
121916580592
121916589443
121916597743
121916609401
121916618129
121916628383
121916634303
121916647426
121916652858
121916663966
121916673183
121916682765
121916688991
121916701625
121916713344
121916720790
121916730372
121916740504
121916748683
121916761256
121916771327
121916781276
121916793055
121916802211
121916814601
121916821009
121916835353
121916841761
121916855311
121916861170
121916875330
121916884242
121916894801
121916904322
121916914942
121916919154
121916934534
121916941126
121916954493
121916960169
121916971155
121916980372
121916993311
121917000452
121917011133
121917019861
121917031946
121917040430
121917050074
121917058619
121917067835
121917081079
121917091150
121917096826
121917107569
121917117029
121917124048
121917131677
121917142664
121917149317
121917160974
121917170007
121917179346
121917188867
121917197961
121917203210
121917214136
121917226038
121917233484
121917243738
121917253198
121917260644
121917269983
121917279504
121917289880
121917300073
121917307580
121917318567
121917325586
121917336145
121917343042
121917352807
121917360254
121917370507
121917379785
121917388696
121917397729
121917406823
121917413720
121917424218
121917431726
121917442285
121917451501
121917459680
121917468896
121917478784
121917485803
121917494958
121917505944
121917514794
121917524743
121917533898
121917541405
121917551598
121917561303
121917570336
121917579125
121917588708
121917597741
121917606713
121917616051
121917625329
121917635827
121917643883
121917655358
121917660912
121917674401
121917680565
121917693077
121917703392
121917714012
121917722740
121917734703
121917743370
121917751793
121917763695
121917769798
121917782433
121917794579
121917805138
121917811241
121917823326
121917834068
121917841637
121917851768
121917861717
121917868736
121917880455
121917891441
121917901024
121917907493
121917922020
121917931785
121917940269
121917951805
121917961937
121917972068
121917979698
121917991661
121917999168
121918009971
121918020103
121918029136
121918037010
121918048606
121918055137
121918068015
121918074729
121918087974
121918095847
121918105369
121918115073
121918125693
121918136314
121918144492
121918150657
121918165061
121918174521
121918185447
121918189109
121918204490
121918210410
121918222800
121918229331
121918243552
121918250571
121918263633
121918272849
121918283347
121918291831
121918303305
121918311667
121918321738
121918330222
121918343283
121918349082
121918360983
121918366965
121918379111
121918387473
121918397421
121918406210
121918417929
121918423910
121918436606
121918442709
121918456198
121918466086
121918476706
121918482870
121918496542
121918502524
121918516134
121918522116
121918534750
121918545309
121918552755
121918562460
121918572470
121918582785
121918592977
121918602743
121918612814
121918622579
121918630148
121918641378
121918651510
121918659384
121918670553
121918680685
121918691732
121918700704
121918710714
121918720235
121918730367
121918736105
121918750570
121918759115
121918766744
121918772603
121918786092
121918792501
121918805257
121918815938
121918825887
121918834493
121918844808
121918848470
121918862508
121918873372
121918883382
121918893209
121918901326
121918912435
121918922994
121918931966
121918943196
121918949666
121918963033
121918971272
121918981465
121918991597
121918999471
121919011128
121919022359
121919031880
121919039876
121919045430
121919061055
121919073994
121919086690
121919099751
121919112813
121919127217
121919140156
121919153401
121919164143
121919182698
121919195576
121919208699
121919223042
121919236469
121919247822
121919258930
121919270710
121919283527
121919291279
121919302021
121919309711
121919318684
121919326374
121919335834
121919343403
121919354755
121919360981
121919372333
121919380024
121919391254
121919400104
121919409076
121919414448
121919425861
121919434406
121919443561
121919453083
121919462299
121919470295
121919479633
121919487445
121919496601
121919506916
121919514545
121919525836
121919533527
121919543475
121919553424
121919563434
121919573810
121919582477
121919592914
121919603839
121919611530
121919621173
121919631244
121919641559
121919649005
121919659747
121919667254
121919678912
121919686603
121919698810
121919707110
121919718951
121919726947
121919737994
121919745807
121919758258
121919765887
121919776812
121919784320
121919796038
121919803729
121919813800
121919824908
121919834796
121919843585
121919856219
121919864336
121919875628
121919884051
121919896380
121919907671
121919917681
121919926043
121919937762
121919946062
121919955279
121919967852
121919974444
121919989580
121919996050
121920008867
121920018755
121920028765
121920038775
121920046160
121920055681
121920067583
121920077715
121920085405
121920094011
121920106035
121920112261
121920124834
121920131059
121920144792
121920155412
121920165727
121920171465
121920183366
121920192888
121920205400
121920213762
121920224199
121920234575
121920242204
121920253923
121920261430
121920272783
121920282731
121920291948
121920302141
121920311845
121920323259
121920332536
121920342729
121920352616
121920360490
121920370927
121920381059
121920390885
121920398820
121920409074
121920418229
121920428056
121920439042
121920448075
121920457963
121920466508
121920477738
121920487138
121920497147
121920506791
121920517716
121920527055
121920534684
121920545914
121920553361
121920565690
121920574235
121920585160
121920592972
121920603287
121920614029
121920623185
121920630936
121920641129
121920650833
121920659623
121920670121
121920678788
121920688980
121920699478
121920706986
121920716446
121920726334
121920734635
121920744827
121920754410
121920764542
121920773026
121920783279
121920793045
121920802994
121920810196
121920820450
121920833328
121920841019
121920854019
121920862503
121920872879
121920883804
121920892227
121920903030
121920914688
121920922989
121920933670
121920944412
121920953811
121920964737
121920971389
121920984207
121920991104
121921004836
121921011367
121921025283
121921031936
121921046829
121921053176
121921066726
121921078140
121921089309
121921095901
121921109695
121921116470
121921128860
121921137893
121921147964
121921157851
121921170730
121921180190
121921189101
121921198440
121921210158
121921219313
121921230544
121921239760
121921249221
121921261183
121921269728
121921278578
121921291274
121921299452
121921310622
121921321547
121921330275
121921340346
121921349196
121921358839
121921368483
121921378004
121921387465
121921395460
121921406142
121921416273
121921426039
121921436049
121921444472
121921454664
121921465895
121921474196
121921484450
121921496290
121921506361
121921514113
121921524305
121921532118
121921544325
121921552748
121921564222
121921572645
121921582350
121921590101
121921602491
121921609999
121921621290
121921629591
121921642774
121921650770
121921661024
121921671461
121921679273
121921689527
121921700025
121921708021
121921720228
121921728284
121921739088
121921746778
121921757764
121921768079
121921774061
121921785596
121921796521
121921806897
121921813062
121921824964
121921835401
121921846631
121921857434
121921865003
121921877149
121921885449
121921891370
121921905652
121921911756
121921924390
121921935193
121921945874
121921956311
121921964429
121921974072
121921984265
121921994702
121922002393
121922013257
121922020947
121922032910
121922043469
121922052014
121922062268
121922070141
121922080212
121922090710
121922098767
121922111340
121922119519
121922129223
121922140942
121922148510
121922159008
121922165234
121922177624
121922189221
121922197582
121922208080
121922218517
121922224499
121922236584
121922242748
121922255566
121922264843
121922278515
121922284313
121922297131
121922303112
121922315502
121922325878
121922333813
121922342785
121922353161
121922362011
121922373363
121922384716
121922395885
121922407177
121922423595
121922437999
121922447399
121922461925
121922471569
121922488780
121922500133
121922513866
121922524059
121922536022
121922542796
121922559215
121922568187
121922577953
121922589244
121922601695
121922616222
121922623057
121922638743
121922647716
121922656810
121922665233
121922674693
121922682383
121922691295
121922698985
121922707652
121922714976
121922723399
121922734080
121922742137
121922750804
121922759043
121922766551
121922771434
121922781321
121922790171
121922798655
121922808665
121922815806
121922825999
121922835948
121922844615
121922853281
121922863230
121922870249
121922879832
121922887400
121922894358
121922903513
121922916331
121922927073
121922936838
121922944590
121922955271
121922965586
121922975413
121922982798
121922993174
121923002512
121923011362
121923018015
121923027353
121923036325
121923044931
121923052988
121923063608
121923070505
121923079843
121923088571
121923097177
121923107797
121923121103
121923135141
121923144724
121923159494
121923174753
121923186594
121923198068
121923210825
121923224985
121923231454
121923246042
121923259286
121923270883
121923287179
121923297555
121923313852
121923324350
121923333261
121923344369
121923351449
121923361520
121923369577
121923379647
121923387277
121923396005
121923403817
121923414132
121923423470
121923432870
121923443124
121923452279
121923460946
121923470834
121923478219
121923488168
121923497384
121923504403
121923513985
121923523934
121923532235
121923542061
121923551156
121923558785
121923568245
121923576790
121923587166
121923594857
121923604195
121923611885
121923622750
121923630379
121923641915
121923647347
121923659432
121923664803
121923676644
121923685372
121923694405
121923703621
121923710396
121923721504
121923728279
121923733528
121923746529
121923755135
121923764046
121923774055
121923781441
121923791817
121923802010
121923809700
121923820015
121923830330
121923837654
121923847847
121923857857
121923868171
121923875801
121923886665
121923894417
121923902961
121923914253
121923924080
121923934150
121923940559
121923952583
121923962837
121923970588
121923978828
121923991279
121923997077
121924008308
121924017341
121924034370
121924044257
121924052375
121924062080
121924072883
121924082893
121924092963
121924102729
121924113227
121924122260
121924132331
121924142463
121924150275
121924156013
121924169867
121924180121
121924187568
121924198493
121924208991
121924217963
121924228339
121924234565
121924246649
121924253852
121924268195
121924279547
121924287482
121924297980
121924307929
121924317328
121924327338
121924335150
121924345099
121924356146
121924363593
121924374335
121924381903
121924387701
121924401861
121924412543
121924420233
121924431341
121924439154
121924445074
121924458319
121924468207
121924478338
121924485907
121924495672
121924506903
121924514349
121924524420
121924534124
121924544866
121924554998
121924558660
121924572332
121924581732
121924591802
121924601812
121924611822
121924620123
121924630071
121924639471
121924649297
121924658514
121924668645
121924677557
121924687322
121924695806
121924705816
121924715093
121924725286
121924734502
121924744329
121924753057
121924762884
121924771245
121924781377
121924790899
121924801030
121924808477
121924819097
121924825444
121924839299
121924850225
121924861028
121924867864
121924882634
121924892400
121924902165
121924911076
121924921086
121924930608
121924940740
121924951176
121924958989
121924969853
121924977544
121924987797
121924997746
121925006352
121925016728
121925024968
121925035222
121925040959
121925054020
121925064335
121925072026
121925080571
121925092411
121925098759
121925111271
121925121098
121925128544
121925136967
121925148625
121925154667
121925167240
121925176579
121925187504
121925193485
121925204289
121925212589
121925222965
121925231937
121925242436
121925254643
121925263981
121925272892
121925284306
121925292606
121925304996
121925310795
121925322819
121925331425
121925343204
121925352848
121925360355
121925368900
121925380802
121925388981
121925402713
121925412296
121925422367
121925431461
121925442264
121925452457
121925460514
121925472721
121925483585
121925492923
121925501285
121925512393
121925520816
121925529544
121925540164
121925549442
121925558170
121925567386
121925578189
121925587833
121925596133
121925605716
121925617557
121925627505
121925636050
121925648135
121925655703
121925664920
121925676944
121925685672
121925696780
121925706118
121925713870
121925723880
121925731570
121925743472
121925750979
121925762515
121925769900
121925780764
121925791934
121925800723
121925808474
121925819949
121925827456
121925837344
121925847292
121925857668
121925865420
121925875368
121925885500
121925895327
121925905459
121925913637
121925923525
121925932009
121925941958
121925951479
121925961550
121925969362
121925979433
121925989809
121925999636
121926007631
121926018007
121926028444
121926035891
121926046938
121926056826
121926064638
121926075441
121926082033
121926095888
121926107790
121926115663
121926125490
121926135683
121926141481
121926154482
121926160341
121926172975
121926184145
121926192140
121926202516
121926213441
121926220094
121926232118
121926241212
121926251710
121926261903
121926274232
121926283510
121926292176
121926304200
121926312440
121926324281
121926333070
121926344789
121926354432
121926362672
121926373658
121926384522
121926395875
121926404420
121926415101
121926426637
121926436829
121926447572
121926451478
121926466004
121926477723
121926485352
121926494752
121926504822
121926514161
121926523987
121926535218
121926543580
121926555420
121926563416
121926573670
121926585206
121926596741
121926605103
121926616211
121926627198
121926635071
121926645081
121926655579
121926666687
121926676331
121926684265
121926696594
121926705017
121926713928
121926724854
121926732605
121926744568
121926753418
121926764465
121926774109
121926782593
121926792236
121926803161
121926811951
121926820923
121926832092
121926840820
121926851013
121926859619
121926870788
121926879516
121926889404
121926898681
121926909423
121926918029
121926928222
121926936645
121926948852
121926957275
121926966857
121926975402
121926986877
121926995605
121927005615
121927014159
121927026550
121927035339
121927045409
121927053893
121927066222
121927072204
121927084228
121927092834
121927104369
121927110045
121927122985
121927133605
121927141051
121927149840
121927160766
121927171569
121927185790
121927196715
121927212584
121927220397
121927240233
121927252745
121927265441
121927282225
121927292784
121927307555
121927319823
121927331358
121927347289
121927359251
121927373656
121927380003
121927393919
121927404722
121927411619
121927421751
121927428648
121927439085
121927449095
121927458372
121927466063
121927477171
121927485045
121927495420
121927500853
121927512938
121927518431
121927533689
121927542112
121927551329
121927559080
121927568296
121927578245
121927585264
121927595701
121927602781
121927612791
121927621824
121927630796
121927640623
121927649900
121927657713
121927668577
121927676267
121927686948
121927695859
121927705381
121927715879
121927724851
121927733823
121927741208
121927751951
121927762143
121927773008
121927780698
121927790769
121927801572
121927810910
121927818479
121927831296
121927839780
121927849668
121927858151
121927870420
121927877194
121927888730
121927901242
121927911313
121927920468
121927929990
121927938535
121927948178
121927956784
121927966672
121927976498
121927987302
121927996579
121928007382
121928016110
121928023617
121928034787
121928042416
121928053036
121928063778
121928073544
121928082028
121928092160
121928100460
121928110531
121928118954
121928128659
121928139645
121928149899
121928158688
121928167416
121928178341
121928185848
121928196957
121928205868
121928216915
121928226315
121928235043
121928245419
121928254024
121928264706
121928273128
121928283749
121928292538
121928302730
121928311275
121928321407
121928330074
121928339962
121928350826
121928359798
121928368465
121928379390
121928387874
121928399776
121928408321
121928417049
121928425960
121928439754
121928445735
121928457820
121928466548
121928478023
121928484249
121928496272
121928505367
121928515437
121928523921
121928536800
121928543147
121928555110
121928564754
121928574580
121928584590
121928592097
121928600581
121928612483
121928622249
121928632441
121928642268
121928649959
121928661433
121928671321
121928677546
121928689326
121928695308
121928708308
121928718562
121928726069
121928735224
121928747065
121928757380
121928765071
121928773432
121928784236
121928792780
121928804804
121928816645
121928826533
121928835932
121928845942
121928856867
121928866572
121928877497
121928885920
121928897455
121928908442
121928916376
121928927363
121928936274
121928944941
121928955134
121928963923
121928976007
121928984674
121928993708
121929004755
121929013788
121929023127
121929034662
121929044489
121929053522
121929065912
121929074701
121929083063
121929094965
121929105890
121929116388
121929125116
121929136774
121929145441
121929156183
121929167230
121929177301
121929185785
121929197809
121929206354
121929218377
121929226800
121929236200
121929249505
121929256036
121929269586
121929280694
121929289544
121929303338
121929311334
121929323602
121929334405
121929343133
121929353936
121929360650
121929376031
121929386285
121929397332
121929408440
121929420342
121929431145
121929439019
121929450188
121929458550
121929469720
121929481682
121929492180
121929500664
121929513115
121929521233
121929533928
121929542046
121929551995
121929563042
121929573174
121929584282
121929592827
121929603752
121929613518
121929624626
121929637810
121929645256
121929656853
121929664482
121929674248
121929685112
121929694267
121929705193
121929715569
121929723137
121929734062
121929744255
121929753044
121929763542
121929772819
121929783012
121929793388
121929800834
121929806816
121929821220
121929831291
121929839409
121929851433
121929859794
121929870475
121929880241
121929889885
121929899711
121929907646
121929917594
121929927543
121929938468
121929946342
121929959403
121929971427
121929979118
121929989311
121929999015
121930009391
121930017081
121930026786
121930036918
121930046500
121930056632
121930062797
121930074760
121930085013
121930092643
121930100516
121930112784
121930123771
121930133902
121930142936
121930152884
121930161429
121930172477
121930182120
121930193045
121930199637
121930213919
121930223807
121930234610
121930242789
121930252493
121930263785
121930271292
121930276969
121930291373
121930297965
121930311148
121930319632
121930330801
121930337637
121930350699
121930356558
121930369620
121930380423
121930388418
121930400137
121930410330
121930416495
121930429068
121930434744
121930446646
121930456167
121930466116
121930472158
121930483694
121930492483
121930503958
121930515737
121930524099
121930534536
121930544668
121930555044
121930562734
121930571340
121930581106
121930589590
121930599905
121930608267
121930619802
121930629140
121930641592
121930647207
121930658620
121930666921
121930678396
121930686941
121930695974
121930704397
121930715993
121930724965
121930734487
121930745534
121930754506
121930763112
121930772268
121930783071
121930791005
121930802175
121930811940
121930821096
121930830800
121930842641
121930851918
121930863698
121930873036
121930884389
121930894399
121930902699
121930912221
121930920522
121930932179
121930940602
121930948720
121930959767
121930970265
121930978871
121930989552
121930998585
121931008351
121931019032
121931028126
121931036366
121931047902
121931055958
121931067616
121931074025
121931087025
121931095692
121931107472
121931114003
121931126820
121931136891
121931146961
121931156727
121931166493
121931174244
121931183949
121931196217
121931206348
121931215321
121931225330
121931234058
121931244312
121931253895
121931266834
121931279835
121931289539
121931303455
121931317676
121931331592
121931341785
121931357532
121931370472
121931386524
121931399341
121931411609
121931423389
121931437549
121931451709
121931461414
121931478809
121931488147
121931499133
121931506885
121931516101
121931524524
121931533740
121931544849
121931552600
121931560779
121931570788
121931578723
121931585742
121931595874
121931605884
121931614490
121931622363
121931631946
121931639819
121931649279
121931660327
121931668017
121931679004
121931688403
121931696887
121931705798
121931717028
121931726489
121931734912
121931745715
121931754321
121931764391
121931772265
121931783190
121931790942
121931801440
121931812304
121931820788
121931828478
121931839892
121931847582
121931859789
121931867541
121931879442
121931886950
121931897265
121931908556
121931917956
121931926561
121931936327
121931947496
121931955004
121931966112
121931975756
121931983995
121931996202
121932004381
121932015550
121932026171
121932036241
121932045824
121932056200
121932068529
121932076402
121932087694
121932097826
121932106737
121932115160
121932128404
121932138475
121932151170
121932157213
121932170091
121932179552
121932189805
121932201219
121932209092
121932222032
121932229173
121932240159
121932248033
121932260728
121932269822
121932281480
121932292771
121932301866
121932311936
121932320848
121932329637
121932340318
121932350816
121932359117
121932371201
121932378709
121932388963
121932394700
121932408738
121932418748
121932428452
121932438401
121932448594
121932458909
121932466721
121932475815
121932486619
121932496628
121932502427
121932515061
121932525986
121932532883
121932543015
121932553208
121932560959
121932571457
121932578537
121932590256
121932602463
121932610581
121932621628
121932630539
121932638840
121932649582
121932660935
121932672165
121932681564
121932690109
121932701218
121932709274
121932718735
121932727280
121932740158
121932746262
121932759384
121932765915
121932778488
121932790451
121932798996
121932812790
121932824203
121932833175
121932841354
121932848251
121932862838
121932872055
121932883163
121932893539
121932904464
121932915084
121932922714
121932934738
121932942367
121932954330
121932962753
121932973251
121932984298
121932995712
121933003524
121933015182
121933022872
121933033858
121933045333
121933054183
121933066024
121933075606
121933083785
121933094161
121933105941
121933115462
121933123641
121933136153
121933144637
121933155440
121933166610
121933176131
121933183760
121933195479
121933204695
121933214156
121933225020
121933233138
121933244002
121933254256
121933262618
121933271895
121933280440
121933293440
121933305220
121933315169
121933324324
121933335371
121933347151
121933354719
121933368147
121933376814
121933389204
121933398482
121933409224
121933418501
121933427534
121933438704
121933449202
121933457380
121933466658
121933477949
121933487715
121933496687
121933508528
121933517805
121933529402
121933535322
121933547529
121933553449
121933566206
121933576765
121933586591
121933592573
121933606306
121933616376
121933624006
121933634809
121933644819
121933652570
121933662885
121933672590
121933682660
121933692243
121933702192
121933709760
121933719465
121933729902
121933737287
121933749372
121933757062
121933767743
121933778608
121933787336
121933798261
121933806684
121933818646
121933827374
121933838910
121933849042
121933857465
121933868207
121933876691
121933885907
121933894269
121933905743
121933914349
121933925153
121933933636
121933943524
121933951947
121933963727
121933970196
121933983502
121933994793
121934002484
121934012188
121934022564
121934033795
121934041607
121934052227
121934062420
121934072979
121934080792
121934091717
121934099346
121934110150
121934120342
121934129986
121934140179
121934148235
121934158489
121934164471
121934177776
121934187664
121934198040
121934206524
121934216656
121934222515
121934236370
121934246258
121934256389
121934266338
121934273968
121934286358
121934296489
121934304912
121934314983
121934322979
121934333355
121934343303
121934353618
121934362407
121934372478
121934383770
121934391277
121934402385
121934410137
121934416362
121934431072
121934443218
121934453410
121934461040
121934471233
121934481487
121934491863
121934500468
121934510783
121934520488
121934530803
121934539348
121934549357
121934557780
121934567729
121934576030
121934586467
121934598613
121934606303
121934616862
121934627910
121934635539
121934645854
121934656901
121934664653
121934676310
121934683879
121934694499
121934702189
121934714457
121934721903
121934732401
121934743754
121934752726
121934760539
121934772318
121934779948
121934791544
121934798930
121934810038
121934817545
121934830180
121934838541
121934847636
121934855265
121934867228
121934874796
121934885416
121934896036
121934905985
121934914469
121934925089
121934933451
121934946451
121934952860
121934966471
121934977640
121934986917
121934995523
121935005350
121935015116
121935025858
121935036478
121935047342
121935055582
121935065530
121935075723
121935082925
121935092752
121935102457
121935113077
121935123941
121935133340
121935140970
121935152139
121935163064
121935171182
121935183145
121935191934
121935203225
121935213052
121935221536
121935231973
121935240579
121935250283
121935261270
121935271463
121935280374
121935290505
121935298989
121935311868
121935321816
121935336587
121935350442
121935363259
121935377663
