157311136772
157311145134
157311152275
157311160575
157311167045
157311175041
157311181938
157311190788
157311198417
157311205436
157311215324
157311220146
157311231193
157311234794
157311246879
157311255119
157311262504
157311269706
157311279288
157311289725
157311294974
157311304496
157311311881
157311321464
157311327689
157311338553
157311347403
157311353202
157311361747
157311370109
157311377250
157311384086
157311392752
157311398856
157311408683
157311415335
157311423331
157311431632
157311442557
157311450919
157311458731
157311470389
157311478507
157311486075
157311493338
157311504202
157311510367
157311520926
157311529471
157311538443
157311547415
157311555167
157311563589
157311571463
157311579153
157311589590
157311596365
157311608023
157311614676
157311625235
157311633169
157311640860
157311648611
157311659353
157311667715
157311676260
157311685354
157311693106
157311701956
157311709646
157311718924
157311726675
157311733938
157311746389
157311755422
157311763235
157311772085
157311782034
157311788687
157311798513
157311807302
157311817983
157311825063
157311835561
157311846670
157311854971
157311864004
157311871755
157311881582
157311890249
157311898855
157311907949
157311916250
157311924184
157311932729
157311939443
157311949453
157311960134
157311967275
157311977041
157311986623
157311994008
157312004140
157312011769
157312020620
157312032949
157312042104
157312051564
157312061269
157312068959
157312080678
157312087880
157312096608
157312107594
157312117787
157312125661
157312136708
157312144643
157312153371
157312164479
157312172353
157312184560
157312191701
157312202321
157312209706
157312218495
157312229359
157312237782
157312247365
157312256764
157312266713
157312279286
157312287159
157312298329
157312306507
157312315174
157312324940
157312333973
157312342640
157312353260
157312360462
157312371144
157312377674
157312389515
157312397633
157312410694
157312418324
157312429554
157312437550
157312445789
157312453785
157312463123
157312471302
157312483143
157312493763
157312501636
157312510486
157312521717
157312533558
157312540455
157312554310
157312562488
157312572254
157312583728
157312593494
157312599048
157312612354
157312620166
157312630725
157312638660
157312650928
157312663318
157312671680
157312680469
157312692127
157312701038
157312709949
157312718372
157312730212
157312740833
157312749194
157312761401
157312770007
157312783069
157312788745
157312802295
157312810596
157312821033
157312826221
157312839465
157312850940
157312861560
157312871692
157312879321
157312890735
157312900866
157312908862
157312919726
157312927600
157312937854
157312948352
157312957934
157312965747
157312974536
157312986376
157312994799
157313003954
157313015307
157313025256
157313033190
157313043261
157313052294
157313062548
157313071215
157313081469
157313089464
157313102709
157313108141
157313121081
157313129259
157313140490
157313148241
157313156908
157313168688
157313176745
157313185961
157313197191
157313206469
157313213671
157313226305
157313232897
157313245592
157313255174
157313264696
157313273790
157313283739
157313292406
157313302538
157313313646
157313321031
157313331895
157313342088
157313351244
157313361314
157313369310
157313380113
157313388170
157313399400
157313407579
157313419786
157313427781
157313436204
157313447923
157313456773
157313466111
157313475633
157313484971
157313496995
157313506272
157313513719
157313523606
157313532273
157313545091
157313553819
157313563706
157313572923
157313583543
157313591966
157313604295
157313612412
157313622483
157313633530
157313643357
157313652207
157313662095
157313671250
157313680894
157313688645
157313700791
157313708726
157313720078
157313728135
157313740830
157313748765
157313758042
157313768479
157313776474
157313788315
157313798020
157313808457
157313816208
157313827927
157313835678
157313845200
157313854172
157313865952
157313872849
157313885239
157313894516
157313905808
157313915695
157313924606
157313933579
157313944809
157313952744
157313962143
157313970993
157313983444
157313992782
157314003769
157314011520
157314022262
157314030380
157314039413
157314051620
157314061569
157314068527
157314079757
157314090438
157314098495
157314109787
157314117904
157314127426
157314139511
157314150314
157314158187
157314168929
157314179244
157314186080
157314197982
157314208846
157314216964
157314226669
157314238387
157314248336
157314256271
157314265975
157314277206
157314287643
157314298080
157314308944
157314317183
157314326217
157314337691
157314348006
157314356063
157314369857
157314377791
157314387374
157314397933
157314409713
157314417525
157314428817
157314436263
157314449141
157314457381
157314467269
157314475325
157314487349
157314498702
157314508650
157314516646
157314527693
157314536055
157314547713
157314555830
157314569563
157314577620
157314588118
157314596419
157314607405
157314618208
157314626143
157314637983
157314645674
157314657332
157314665815
157314674910
157314685408
157314697187
157314708113
157314716230
157314725996
157314735029
157314745710
157314754804
157314765119
157314775129
157314787092
157314796308
157314806074
157314820905
157314831403
157314845991
157314860822
157314874799
157314885175
157314899946
157314915265
157314924848
157314939557
157314955182
157314966291
157314978437
157314992414
157315002729
157315016645
157315030377
157315039167
157315054120
157315064130
157315075482
157315085309
157315098859
157315108075
157315123090
157315134381
157315146710
157315163068
157315172528
157315180768
157315188885
157315199566
157315208111
157315216290
157315225934
157315235760
157315243939
157315251751
157315259442
157315269452
157315279950
157315286908
157315296612
157315305340
157315311749
157315321698
157315332318
157315338970
157315351605
157315360333
157315368817
157315378582
157315386150
157315395123
157315405010
157315413616
157315423443
157315432110
157315440899
157315448589
157315457317
157315465008
157315473919
157315484966
157315489849
157315500835
157315511455
157315519939
157315528667
157315537151
157315545330
157315555828
157315564312
157315574077
157315583721
157315592693
157315601238
157315608013
157315619182
157315625835
157315635723
157315645854
157315654216
157315662212
157315670513
157315680522
157315690532
157315697551
157315706767
157315713603
157315723125
157315733134
157315739726
157315752910
157315761088
157315771220
157315779155
157315790019
157315800639
157315811381
157315818828
157315829204
157315837016
157315848796
157315856913
157315869243
157315877299
157315885539
157315897441
157315905497
157315918254
157315928080
157315937235
157315940043
157315956523
157315963358
157315973551
157315982890
157315993266
157316001688
157316013956
157316021891
157316031718
157316039774
157316051859
157316060038
157316071207
157316081949
157316089640
157316101603
157316108805
157316120768
157316129679
157316138895
157316147867
157316160746
157316170450
157316179667
157316186686
157316199076
157316207254
157316216593
157316225321
157316237284
157316244303
157316255960
157316263040
157316274698
157316284219
157316292581
157316301981
157316314066
157316322122
157316333841
157316342630
157316351785
157316362527
157316371438
157316381937
157316391092
157316400735
157316412454
157316421487
157316430276
157316439065
157316449685
157316457925
157316468362
157316477822
157316488992
157316497293
157316507730
157316515786
157316527383
157316534707
157316545571
157316554849
157316565591
157316571999
157316582498
157316591409
157316601296
157316612099
157316620034
157316631203
157316638284
157316648171
157316655740
157316667458
157316674782
157316685158
157316692910
157316702065
157316712746
157316721657
157316731423
157316738015
157316748452
157316756020
157316766823
157316774880
157316785195
157316796242
157316803994
157316813454
157316820595
157316834450
157316844399
157316853737
157316863442
157316872170
157316881996
157316890114
157316900917
157316910133
157316920143
157316931557
157316941444
157316952187
157316958900
157316970802
157316980690
157316991066
157317001747
157317011329
157317018654
157317028114
157317037697
157317044716
157317057716
157317066993
157317077369
157317087501
157317097389
157317102455
157317116310
157317124732
157317138526
157317147315
157317156715
157317166114
157317175453
157317184852
157317194068
157317199134
157317212196
157317221717
157317231422
157317240882
157317250342
157317258948
157317268043
157317275367
157317287635
157317295447
157317304419
157317314124
157317323340
157317332923
157317342078
157317349952
157317359046
157317370337
157317379493
157317387427
157317398658
157317408301
157317414710
157317425513
157317433081
157317444739
157317455908
157317463416
157317473364
157317483130
157317494116
157317502417
157317512915
157317521094
157317531653
157317539099
157317547949
157317556311
157317564612
157317575354
157317584692
157317593664
157317604529
157317613135
157317623144
157317631750
157317641211
157317649572
157317659216
157317669836
157317678076
157317687658
157317698522
157317707006
157317714331
157317723913
157317731481
157317745214
157317753515
157317763098
157317773535
157317783056
157317791906
157317801061
157317809850
157317820104
157317828954
157317838476
157317846288
157317856054
157317863622
157317872655
157317883398
157317890355
157317901769
157317909948
157317920507
157317927892
157317939306
157317949254
157317957006
157317969701
157317977208
157317987584
157317995519
157318006322
157318013280
157318024938
157318036351
157318045995
157318056432
157318064977
157318069981
157318084203
157318092076
157318101109
157318109044
157318122166
157318129552
157318141515
157318150426
157318159459
157318164220
157318178746
157318185765
157318198887
157318206944
157318216465
157318225255
157318234410
157318242955
157318252232
157318260044
157318270787
157318282872
157318292576
157318301426
157318311375
157318316258
157318327671
157318335057
157318347141
157318355015
157318365635
157318372654
157318383457
157318393955
157318402805
157318409885
157318420322
157318430393
157318437351
157318445591
157318457004
157318464756
157318474644
157318482273
157318493809
157318502537
157318511753
157318522861
157318529880
157318540805
157318547580
157318558567
157318569065
157318578342
157318587558
157318596286
157318605381
157318616428
157318623752
157318634921
157318641696
157318652316
157318662509
157318672031
157318680759
157318691074
157318700229
157318710300
157318719516
157318732272
157318738437
157318750095
157318757480
157318766757
157318777804
157318787082
157318795199
157318805270
157318815890
157318825473
157318834750
157318841586
157318848910
157318860202
157318867648
157318879611
157318890963
157318901217
157318913485
157318927096
157318940280
157318952242
157318965792
157318982821
157318995943
157319006747
157319022433
157319032931
157319047152
157319060213
157319072420
157319084139
157319098665
157319109957
157319119539
157319137240
157319145968
157319155001
157319165071
157319172640
157319182894
157319190340
157319200594
157319207918
157319219148
157319226961
157319234529
157319245088
157319251741
157319261507
157319269991
157319279512
157319289339
157319295625
157319308443
157319317537
157319325655
157319332490
157319343599
157319351900
157319361848
157319371248
157319377962
157319388582
157319395295
157319403779
157319414949
157319426057
157319433259
157319442598
157319451570
157319457734
157319467744
157319476899
157319486055
157319491853
157319503266
157319511079
157319521394
157319529084
157319539582
157319548921
157319556245
157319564668
157319575349
157319586579
157319599030
157319606843
157319617097
157319626984
157319636689
157319644501
157319655732
157319665192
157319670441
157319682953
157319691681
157319701508
157319712677
157319722748
157319734162
157319742951
157319751069
157319762726
157319771515
157319780670
157319790924
157319800446
157319810578
157319819672
157319826935
157319839508
157319847016
157319857330
157319866913
157319879913
157319886505
157319896210
157319906830
157319915314
157319920441
157319932403
157319942169
157319953094
157319958221
157319970062
157319977569
157319989837
157319994903
157320007660
157320015228
157320027313
157320038116
157320044769
157320051544
157320062042
157320072662
157320081939
157320089202
157320101409
157320107940
157320118743
157320129424
157320139739
157320146392
157320156646
157320166412
157320176482
157320185210
157320195342
157320204070
157320216216
157320223479
157320235747
157320247893
157320258636
157320265838
157320276519
157320284209
157320294097
157320302825
157320311858
157320321380
157320329314
157320337066
157320347747
157320355010
157320367095
157320375396
157320384062
157320393218
157320402556
157320410430
157320423247
157320430632
157320441618
157320451384
157320459990
157320468352
157320479094
157320490446
157320499785
157320509367
157320517790
157320526823
157320537443
157320546232
157320556914
157320566191
157320574309
157320584868
157320594999
157320604826
157320612944
157320619963
157320632292
157320642424
157320651884
157320658354
157320669401
157320677092
157320688139
157320695524
157320707060
157320714140
157320724943
157320734525
157320746000
157320752958
157320764005
157320771024
157320784147
157320791471
157320802946
157320811735
157320820280
157320829008
157320837553
157320845487
157320858182
157320867826
157320877836
157320887479
157320897916
157320904935
157320915311
157320920560
157320936307
157320943814
157320954374
157320966092
157320974820
157320979947
157320992581
157321000699
157321012723
157321020902
157321032559
157321040616
157321052274
157321060391
157321072965
157321080655
157321090360
157321097928
157321108731
157321118619
157321127103
157321137051
157321143948
157321154935
157321165921
157321173733
157321185086
157321192654
157321203518
157321213467
157321221768
157321231717
157321241421
157321248989
157321259915
157321267239
157321277066
157321287747
157321294338
157321305569
157321312161
157321323391
157321332424
157321343594
157321352200
157321360622
157321369534
157321377895
157321388149
157321400112
157321407742
157321419704
157321428921
157321440090
157321448330
157321456753
157321466579
157321475796
157321486171
157321495571
157321504848
157321514797
157321524440
157321534572
157321540065
157321553798
157321563503
157321573696
157321581691
157321593227
157321601100
157321612453
157321620632
157321635280
157321644069
157321654384
157321662502
157321674342
157321682399
157321693629
157321701869
157321713100
157321721583
157321732204
157321740321
157321749049
157321760890
157321771083
157321780543
157321790553
157321799891
157321810389
157321820216
157321827479
157321840419
157321847255
157321857753
157321865687
157321878016
157321886073
157321897608
157321905726
157321917445
157321925196
157321936732
157321944727
157321954432
157321966456
157321974879
157321987025
157321994715
157322004176
157322014918
157322024378
157322033411
157322045496
157322055262
157322064356
157322075342
157322084559
157322092127
157322104334
157322113489
157322124476
157322134546
157322144373
157322155054
157322162195
157322173426
157322184656
157322194300
157322203821
157322213892
157322223047
157322233423
157322244165
157322254297
157322259363
157322274439
157322281519
157322293359
157322302393
157322311731
157322321252
157322333642
157322341150
157322353906
157322363977
157322373254
157322383813
157322392968
157322402551
157322414026
157322422998
157322434716
157322442895
157322454553
157322463098
157322474633
157322482385
157322493554
157322500939
157322512841
157322521325
157322532494
157322540917
157322552148
157322560571
157322572167
157322581628
157322593529
157322600304
157322611352
157322618798
157322630089
157322640587
157322647912
157322657921
157322667260
157322677086
157322688622
157322695702
157322706383
157322713768
157322724999
157322735863
157322746239
157322755516
157322763573
157322775353
157322782799
157322790917
157322801110
157322812462
157322820336
157322830467
157322839806
157322848961
157322858971
157322868614
157322875877
157322887291
157322895348
157322906273
157322914452
157322926170
157322933555
157322944237
157322952171
157322967674
157322981285
157322993248
157323002830
157323017906
157323029930
157323047142
157323060386
157323074668
157323087181
157323100730
157323112571
157323121177
157323135703
157323147483
157323162376
157323174400
157323186485
157323191795
157323202476
157323208884
157323218833
157323227439
157323237327
157323245688
157323250205
157323263877
157323268393
157323281272
157323287986
157323297202
157323307151
157323315635
157323324912
157323332663
157323341513
157323351645
157323362387
157323369895
157323380515
157323387412
157323397177
157323404074
157323415610
157323422507
157323431784
157323441977
157323450766
157323459128
157323468466
157323478781
157323487936
157323496970
157323507040
157323515707
157323525046
157323534384
157323543722
157323552695
157323562033
157323569418
157323581869
157323589987
157323600363
157323608236
157323620382
157323628500
157323638815
157323649557
157323659811
157323667501
157323679220
157323687338
157323695822
157323707662
157323716329
157323727560
157323736105
157323747640
157323754110
157323765340
157323774068
157323784933
157323791158
157323802633
157323814779
157323822591
157323833394
157323843404
157323852437
157323862874
157323870443
157323882711
157323889913
157323901998
157323909749
157323921651
157323929464
157323941426
157323950765
157323959981
157323969625
157323981587
157323989949
157323999288
157324008565
157324018758
157324030171
157324038960
157324049580
157324058797
157324066121
157324078206
157324087117
157324095540
157324104329
157324114033
157324122761
157324132649
157324143574
157324153340
157324162617
157324172627
157324182637
157324192646
157324200581
157324211140
157324222004
157324228413
157324240437
157324250874
157324261250
157324268269
157324280110
157324292195
157324300617
157324311970
157324320088
157324329670
157324341938
157324348103
157324360127
157324369892
157324379658
157324387775
157324400227
157324407123
157324417194
157324426227
157324438740
157324446918
157324456867
157324468586
157324476093
157324484516
157324496235
157324506611
157324516620
157324524616
157324536151
157324547260
157324553730
157324565326
157324573017
157324584674
157324594684
157324604083
157324612872
157324622394
157324631122
157324643939
157324652179
157324662189
157324670734
157324683429
157324690326
157324703143
157324711261
157324721454
157324730792
157324740802
157324751422
157324761371
157324772479
157324780291
157324791888
157324799212
157324809588
157324819964
157324828021
157324838885
157324849200
157324860064
157324868243
157324879107
157324889544
157324899615
157324910174
157324919940
157324930132
157324942339
157324952105
157324962298
157324970904
157324980914
157324989153
157325001726
157325009966
157325020403
157325028582
157325038836
157325049029
157325058245
157325068804
157325076433
157325087969
157325097124
157325109209
157325116228
157325127459
157325134478
157325145952
157325154131
157325165972
157325175005
157325186601
157325196611
157325205827
157325214617
157325226396
157325238237
157325246477
157325259172
157325267229
157325278520
157325288896
157325298479
157325308732
157325316362
157325327775
157325341020
157325349321
157325361101
157325369096
157325378862
157325388810
157325398820
157325406450
157325416948
157325427385
157325437516
157325445146
157325458268
157325466020
157325477922
157325485795
157325496598
157325504533
157325516496
157325524613
157325536393
157325547135
157325556840
157325567643
157325577470
157325587479
157325597428
157325607011
157325617020
157325624955
157325636674
157325644852
157325657670
157325666581
157325676529
157325684464
157325697098
157325702469
157325715653
157325723526
157325735916
157325744034
157325751480
157325763748
157325774735
157325782608
157325791336
157325803238
157325812943
157325822342
157325829971
157325842606
157325852188
157325861282
157325870560
157325880814
157325890579
157325901077
157325910232
157325920364
157325930374
157325940567
157325950210
157325960586
157325968399
157325980789
157325989151
157325999466
157326007400
157326018570
157326029312
157326039138
157326047378
157326060012
157326068191
157326081252
157326089309
157326098220
157326110061
157326119949
157326128188
157326138747
157326148330
157326157790
157326167190
157326177505
157326186721
157326196731
157326206985
157326212234
157326228530
157326236037
157326246047
157326255996
157326266189
157326276687
157326286879
157326292189
157326304519
157326312514
157326325637
157326336745
157326344191
157326355361
157326365248
157326372817
157326382765
157326390212
157326401564
157326408827
157326420485
157326427809
157326440138
157326447890
157326460463
157326467055
157326478163
157326488234
157326497694
157326506300
157326515455
157326525343
157326535109
157326544996
157326554945
157326566298
157326574782
157326579786
157326593702
157326604078
157326613783
157326623060
157326634962
157326644178
157326652479
157326662916
157326671278
157326679701
157326690565
157326698560
157326709730
157326719618
157326728895
157326739210
157326748609
157326761976
157326770338
157326778394
157326790174
157326798963
157326810926
157326817396
157326830335
157326836866
157326849561
157326859571
157326868604
157326879285
157326888562
157326896985
157326907117
157326916761
157326927198
157326937146
157326946851
157326955884
157326966077
157326977368
157326987500
157326997449
157327008557
157327018262
157327028211
157327035962
157327045850
157327057141
157327067151
157327076367
157327086194
157327094006
157327105481
157327119275
157327132275
157327145337
157327158154
157327170788
157327184704
157327201916
157327212902
157327229687
157327239697
157327254040
157327263500
157327283825
157327295422
157327310742
157327320812
157327335156
157327346874
157327356701
157327367809
157327374523
157327385509
157327394176
157327402965
157327412731
157327421764
157327426098
157327439831
157327448498
157327456188
157327464184
157327474865
157327481029
157327491954
157327500133
157327509044
157327516735
157327526683
157327534130
157327544200
157327551403
157327561534
157327569530
157327579418
157327587474
157327596629
157327603526
157327613353
157327621349
157327630199
157327640758
157327647899
157327659984
157327669505
157327679698
157327691356
157327700877
157327709483
157327721934
157327729991
157327740184
157327745799
157327761363
157327768443
157327780284
157327789256
157327800486
157327807750
157327818736
157327825999
157327836924
157327846324
157327854869
157327864939
157327874339
157327883860
157327892527
157327902842
157327911570
157327919016
157327930552
157327939463
157327947886
157327958872
157327967234
157327977061
157327985483
157327995554
157328006418
157328013743
157328024973
157328031626
157328042612
157328051584
157328062510
157328069040
157328079905
157328090708
157328097971
157328106638
157328117502
157328126841
157328136484
157328146921
157328154367
157328167124
157328174387
157328186289
157328198740
157328207163
157328217844
157328229013
157328237802
157328248605
157328255563
157328266916
157328280466
157328288339
157328299631
157328311410
157328321481
157328329111
157328341073
157328348703
157328358712
157328370187
157328380136
157328390329
157328400888
157328410653
157328420602
157328426034
157328438363
157328446298
157328457528
157328465951
157328478219
157328486459
157328498177
157328506356
157328515389
157328527169
157328537911
157328546151
157328557442
157328568246
157328574959
157328586983
157328595650
157328607552
157328614998
157328626778
157328635750
157328644967
157328655159
157328664498
157328673470
157328686226
157328693550
157328703865
157328713204
157328726998
157328735115
157328745430
157328754769
157328765084
157328775032
157328785042
157328794380
157328804878
157328813240
157328825264
157328833443
157328843758
157328851875
157328863045
157328873726
157328881416
157328890938
157328900703
157328910286
157328920662
157328929939
157328941536
157328950813
157328959358
157328969673
157328979683
157328989936
157328995369
157329007942
157329015937
157329027473
157329035530
157329052436
157329059394
157329069526
157329080390
157329090644
157329099860
157329110175
157329120307
157329128059
157329139594
157329149970
157329158759
157329169074
157329177009
157329185248
157329197455
157329205268
157329217292
157329224921
157329236945
157329244941
157329254218
157329265021
157329274360
157329283210
157329294318
157329303229
157329313666
157329322699
157329332892
157329343695
157329351142
157329359137
157329373480
157329382697
157329392828
157329400885
157329411566
157329420111
157329432074
157329440253
157329451361
157329462103
157329469000
157329480963
157329492010
157329500006
157329510260
157329519598
157329529425
157329540838
157329547735
157329558783
157329566290
157329578131
157329587713
157329597113
157329606268
157329615667
157329625189
157329635382
157329645025
157329655157
157329665289
157329675360
157329684637
157329694708
157329703924
157329716619
157329724004
157329733953
157329743291
157329753301
157329764898
157329775396
157329786626
157329795904
157329805669
157329815801
157329825200
157329835271
157329844121
157329854436
157329862432
157329874212
157329885259
157329892583
157329903936
157329913945
157329922002
157329932805
157329943486
157329952764
157329963506
157329972905
157329983769
157329994573
157330002629
157330013860
157330025151
157330034184
157330044682
157330051945
157330063725
157330072331
157330083562
157330093938
157330101445
157330112309
157330122624
157330131535
157330142094
157330148869
157330160099
157330171147
157330178532
157330189396
157330197209
157330208683
157330216801
157330226506
157330238774
157330250065
157330258305
157330269230
157330277226
157330286747
157330299076
157330306767
157330318974
157330327641
157330337772
157330348331
157330357792
157330368107
157330377323
157330386051
157330396305
157330405155
157330415714
157330423710
157330436222
157330444278
157330454471
157330462833
157330472110
157330483951
157330491764
157330503849
157330510501
157330522403
157330530704
157330539981
157330549503
157330562198
157330568363
157330580448
157330590335
157330599185
157330610111
157330619388
157330628238
157330640933
157330647952
157330660831
157330670840
157330680179
157330688602
157330701053
157330711246
157330720157
157330728091
157330740420
157330749637
157330760867
157330768802
157330778140
157330787356
157330800296
157330807437
157330818057
157330829775
157330839358
157330844912
157330856814
157330864810
157330876772
157330885012
157330896853
157330905154
157330916323
157330927798
157330935122
157330946108
157330956972
157330964968
157330976565
157330984865
157330993838
157331005617
157331014162
157331026064
157331033815
157331045900
157331054262
157331063967
157331073183
157331085939
157331092775
157331105776
157331112551
157331122805
157331133058
157331143801
157331153810
157331163698
157331173036
157331182619
157331191469
157331204286
157331209779
157331225221
157331230653
157331243227
157331254762
157331264833
157331273073
157331283327
157331296632
157331309022
157331320558
157331332704
157331345094
157331362733
157331372743
157331391481
157331406922
157331416322
157331429139
157331437562
157331452088
157331462281
157331476991
157331482667
157331500794
157331512086
157331521790
157331528260
157331537659
157331547974
157331554566
157331569886
157331577210
157331586609
157331593751
157331602784
157331612305
157331622498
157331632203
157331639954
157331647217
157331656311
157331664734
157331670960
157331681458
157331690613
157331697327
157331708130
157331717285
157331725769
157331736572
157331744690
157331754212
157331762390
157331773255
157331780640
157331790283
157331799805
157331809814
157331821411
157331829407
157331843018
157331852112
157331859863
157331869141
157331876282
157331883545
157331891357
157331900696
157331912353
157331922241
157331929138
157331939636
157331948669
157331957397
157331964050
157331972168
157331983764
157331993530
157332000732
157332011047
157332020507
157332030212
157332037780
157332046508
157332058471
157332065673
157332076904
157332084655
157332095763
157332102844
157332113403
157332120361
157332132568
157332139953
157332150329
157332157409
157332167724
157332174438
157332184508
157332190978
157332203795
157332212829
157332221557
157332233519
157332241881
157332250609
157332262450
157332273253
157332281066
157332289183
157332301329
157332311339
157332319518
157332332335
157332341124
157332352660
157332360777
157332373045
157332381163
157332391600
157332402159
157332409666
157332421446
157332429442
157332441893
157332451292
157332458678
157332468199
157332476805
157332485228
157332494139
157332498900
157332515440
157332524229
157332532774
157332540709
157332549925
157332560423
157332569883
157332578733
157332586424
157332594908
157332606810
157332614866
157332625913
157332633299
157332643003
157332652769
157332659544
157332671507
157332681150
157332688657
157332701170
157332710386
157332719602
157332727110
157332737791
157332745908
157332757017
157332764585
157332774534
157332781980
157332792478
157332802549
157332810361
157332822507
157332829404
157332840451
157332847348
157332858518
157332866147
157332875608
157332885739
157332895017
157332905088
157332913571
157332922238
157332931760
157332940793
157332950314
157332959043
157332972470
157332979306
157332991452
157332999142
157333008603
157333016660
157333026364
157333033749
157333045895
157333053708
157333065365
157333074155
157333084347
157333091794
157333102902
157333110348
157333119870
157333129513
157333139035
157333150204
157333156918
157333167965
157333175717
157333186093
157333194088
157333206295
157333213558
157333225155
157333231930
157333243221
157333252499
157333261654
157333270748
157333279965
157333289974
157333298580
157333307064
157333316647
157333325253
157333334896
157333345150
157333353451
157333361446
157333372738
157333383541
157333390987
157333400875
157333409786
157333419674
157333430660
157333438900
157333447445
157333457149
157333469661
157333478206
157333486019
157333497554
157333506404
157333516841
157333525814
157333538326
157333546443
157333555415
157333563960
157333572810
157333583797
157333593379
157333603328
157333611995
157333620296
157333630061
157333638423
157333648921
157333658870
157333669551
157333678584
157333688228
157333697749
157333707148
157333715083
157333724605
157333732051
157333744990
157333753108
157333764338
157333772151
157333783076
157333792781
157333800044
157333811213
157333822016
157333829890
157333841425
157333849238
157333859980
157333867671
157333876399
157333885066
157333894160
157333907099
157333916132
157333924555
157333934260
157333945063
157333953242
157333964289
157333973261
157333982599
157333991694
157334000300
157334008722
157334019709
157334028681
157334038996
157334049494
157334059320
157334068842
157334078852
157334087824
157334099848
157334108515
157334118219
157334127924
157334137201
157334145380
157334157343
157334166559
157334174921
157334184503
157334193170
157334201654
157334212640
157334221490
157334231012
157334241205
157334251825
157334257013
157334268426
157334275873
157334288934
157334296869
157334306268
157334315240
157334327325
157334335748
157334346978
157334355035
157334367303
157334375665
157334387323
157334394952
157334405633
157334413140
157334423883
157334431329
157334439141
157334449944
157334460870
157334470086
157334480035
157334488580
157334498650
157334507134
157334516717
157334528741
157334537591
157334546441
157334556084
157334564690
157334574883
157334583611
157334592949
157334602959
157334613762
157334622857
157334631524
157334641594
157334649651
157334659294
157334668572
157334680230
157334689141
157334697624
157334705681
157334718865
157334728325
157334735527
157334743340
157334755486
157334764641
157334777031
157334785820
157334796989
157334804924
157334816460
157334827080
157334837700
157334846001
157334855522
157334864799
157334874809
157334882927
157334893791
157334901420
157334911918
157334921074
157334933464
157334942253
157334952018
157334961723
157334971489
157334978508
157334989067
157334999382
157335008110
157335016349
157335027824
157335036186
157335048515
157335058769
157335068595
157335079765
157335089103
157335099418
157335108634
157335119132
157335128287
157335137321
157335149039
157335161490
157335169547
157335180900
157335189017
157335199881
157335207755
157335219718
157335227836
157335239615
157335250357
157335257499
157335267447
157335277335
157335286063
157335297110
157335306998
157335318595
157335328543
157335340079
157335355093
157335364127
157335379935
157335396780
