191076513650
191076518106
191076523232
191076527200
191076532632
191076536904
191076540872
191076545632
191076549478
191076553567
191076557412
191076561318
191076565102
191076568643
191076572244
191076575784
191076579812
191076583596
191076587624
191076591348
191076594827
191076598428
191076603005
191076606728
191076611672
191076615212
191076618935
191076624551
191076628152
191076632302
191076636452
191076641579
191076645913
191076650185
191076655129
191076658791
191076663369
191076667519
191076672829
191076676308
191076680459
191076686440
191076691201
191076695901
191076700905
191076703713
191076709694
191076713479
191076717995
191076722817
191076726723
191076730690
191076734169
191076740090
191076743447
191076749001
191076752236
191076756142
191076761208
191076764931
191076771523
191076776039
191076780556
191076785378
191076789894
191076795571
191076798134
191076804726
191076809304
191076814003
191076819924
191076823952
191076828224
191076832985
191076837563
191076842446
191076847328
191076851113
191076856300
191076860085
191076864357
191076868202
191076873451
191076878151
191076882240
191076887306
191076891274
191076895424
191076900185
191076905128
191076908180
191076915260
191076918617
191076922707
191076927956
191076934120
191076938637
191076943642
191076948280
191076952553
191076956764
191076960914
191076966896
191076971412
191076976784
191076981422
191076986305
191076992409
191076996559
191077001747
191077006019
191077011146
191077015846
191077022377
191077026466
191077031349
191077037635
191077042579
191077047523
191077052589
191077057106
191077062477
191077067848
191077072914
191077076881
191077082069
191077086525
191077091651
191077096961
191077101783
191077106971
191077111610
191077117469
191077123878
191077129371
191077134071
191077139076
191077144019
191077150001
191077155250
191077159644
191077164832
191077170692
191077176795
191077181800
191077188697
191077193946
191077199744
191077203834
191077209876
191077216773
191077222083
191077227759
191077232947
191077238135
191077242652
191077247962
191077250770
191077256873
191077261329
191077266639
191077272315
191077277381
191077281898
191077286841
191077291480
191077297034
191077301185
191077306189
191077310828
191077316871
191077321082
191077324683
191077330542
191077333838
191077339209
191077342933
191077347693
191077351661
191077357215
191077361548
191077366004
191077370764
191077375525
191077380530
191077385657
191077389929
191077394751
191077399329
191077404334
191077409156
191077414282
191077418860
191077423682
191077429358
191077434607
191077439124
191077445410
191077450476
191077455359
191077459509
191077464575
191077469641
191077474646
191077480322
191077485266
191077489783
191077494666
191077499243
191077504187
191077510413
191077516638
191077520605
191077525549
191077531653
191077536719
191077541724
191077546484
191077549963
191077556860
191077561499
191077566443
191077571264
191077576086
191077580115
191077586462
191077591894
191077596655
191077601782
191077608008
191077612341
191077616858
191077621740
191077627173
191077633154
191077637854
191077643042
191077647375
191077651709
191077658789
191077663549
191077670202
191077675085
191077679785
191077684668
191077689062
191077693823
191077698950
191077703710
191077708959
191077715185
191077719518
191077724340
191077728857
191077733862
191077738317
191077743627
191077749609
191077754492
191077757971
191077764318
191077769689
191077774145
191077778661
191077783971
191077789587
191077796667
191077801916
191077804845
191077810461
191077816869
191077821508
191077823888
191077830663
191077837377
191077841161
191077846776
191077851903
191077857091
191077862279
191077867773
191077872899
191077877965
191077883153
191077888097
191077894384
191077897985
191077903783
191077910131
191077914708
191077919652
191077923864
191077928746
191077935643
191077940953
191077945653
191077951146
191077957555
191077962560
191077967443
191077972692
191077977086
191077983739
191077988927
191077993444
191077998571
191078003270
191078007604
191078013585
191078018102
191078022862
191078027562
191078032140
191078037999
191078042760
191078047154
191078051488
191078056859
191078062474
191078068272
191078072667
191078077489
191078082066
191078086583
191078090306
191078095006
191078100316
191078104893
191078110204
191078116490
191078120885
191078124669
191078129002
191078135594
191078140538
191078145299
191078150670
191078154881
191078158604
191078162816
191078167882
191078173680
191078177891
191078183446
191078187291
191078191502
191078196141
191078200902
191078208226
191078213170
191078217808
191078222935
191078227391
191078232335
191078235936
191078240879
191078246800
191078252598
191078256871
191078261631
191078265904
191078271092
191078277684
191078282566
191078288121
191078293064
191078297886
191078303135
191078310887
191078319248
191078329197
191078336399
191078343846
191078351231
191078361790
191078368748
191078376072
191078384373
191078392796
191078399754
191078406223
191078414524
191078421116
191078430149
191078437595
191078447544
191078454014
191078461094
191078467747
191078476291
191078483005
191078489414
191078496250
191078504612
191078511814
191078518284
191078526340
191078532749
191078541538
191078549167
191078555942
191078562046
191078570163
191078576816
191078582920
191078590061
191078598361
191078604099
191078612277
191078618442
191078625278
191078631564
191078639255
191078645419
191078652744
191078658542
191078666599
191078673129
191078678867
191078687961
191078694125
191078701633
191078707858
191078714633
191078720859
191078727695
191078733615
191078742465
191078749240
191078756930
191078763827
191078773288
191078781955
191078789279
191078798983
191078806491
191078814669
191078822238
191078829257
191078836825
191078844333
191078853488
191078862887
191078872409
191078881503
191078888644
191078896884
191078904818
191078911776
191078921725
191078929476
191078938571
191078944369
191078954012
191078961459
191078967928
191078975985
191078984347
191078996554
191079003451
191079011568
191079020480
191079027621
191079035799
191079043185
191079051668
191079062716
191079071016
191079079439
191079089449
191079097628
191079108309
191079115023
191079124910
191079132845
191079137301
191079142366
191079146639
191079151949
191079155977
191079159700
191079164522
191079168245
191079172762
191079178255
191079182039
191079186617
191079191744
191079196138
191079200350
191079206148
191079212374
191079216402
191079220979
191079225801
191079230989
191079234590
191079238680
191079242708
191079247774
191079251497
191079255769
191079261141
191079266267
191079270113
191079274202
191079278474
191079282564
191079287141
191079291780
191079298372
191079303804
191079307344
191079313509
191079318513
191079322420
191079327425
191079332490
191079336336
191079340120
191079345613
191079349519
191079353548
191079359102
191079363252
191079368928
191079373079
191079377412
191079381441
191079386140
191079390169
191079394075
191079398347
191079404817
191079410676
191079415010
191079419465
191079423677
191079428804
191079432466
191079436799
191079442353
191079446626
191079450227
191079455598
191079459260
191079464448
191079468110
191079473847
191079477082
191079482270
191079486970
191079490815
191079496491
191079502351
191079506745
191079512788
191079516267
191079520112
191079525483
191079530305
191079534577
191079538361
191079542451
191079547517
191079551667
191079555940
191079560029
191079564607
191079568635
191079573762
191079582490
191079590119
191079596894
191079603608
191079612641
191079618745
191079627412
191079633698
191079640534
191079649811
191079654206
191079658478
191079662751
191079666840
191079671662
191079675934
191079680390
191079685456
191079688630
191079693757
191079698517
191079702179
191079705597
191079712311
191079715973
191079721100
191079725068
191079729340
191079733246
191079737519
191079741608
191079746674
191079750824
191079754914
191079760590
191079764923
191079770539
191079774872
191079780182
191079784333
191079790009
191079794342
191079799225
191079803436
191079807404
191079812775
191079818024
191079822663
191079826996
191079831757
191079837311
191079841889
191079846039
191079850678
191079855866
191079860504
191079864349
191079870270
191079874115
191079879730
191079884064
191079888947
191079893646
191079899506
191079904266
191079908539
191079913422
191079918976
191079923736
191079928924
191079933319
191079938324
191079943085
191079948028
191079952667
191079957123
191079961944
191079966766
191079972442
191079975067
191079981964
191079985443
191079991241
191079994964
191080000091
191080005157
191080010711
191080014679
191080018829
191080023590
191080028961
191080033661
191080039764
191080044281
191080049530
191080054168
191080059295
191080063995
191080068634
191080073516
191080078399
191080083160
191080087249
191080093048
191080097686
191080102020
191080107635
191080112945
191080116973
191080121185
191080125640
191080131683
191080136382
191080140472
191080144805
191080149871
191080154632
191080159210
191080164031
191080168426
191080174102
191080178497
191080183379
191080187103
191080192962
191080197417
191080202056
191080207305
191080211455
191080216155
191080220672
191080225677
191080231170
191080235442
191080240813
191080246184
191080250762
191080255401
191080262420
191080267119
191080273040
191080277434
191080282195
191080286712
191080291655
191080296782
191080302581
191080306792
191080310637
191080316558
191080321563
191080325652
191080329863
191080334624
191080341521
191080344085
191080349395
191080355620
191080360198
191080364531
191080369231
191080375823
191080380400
191080385100
191080389800
191080394988
191080399443
191080403777
191080408599
191080414580
191080418852
191080423003
191080428862
191080432890
191080437346
191080441741
191080447356
191080452178
191080457610
191080462126
191080466948
191080471526
191080475798
191080480620
191080486296
191080491057
191080495390
191080500090
191080505766
191080510222
191080514311
191080519316
191080525786
191080529997
191080534148
191080539824
191080544890
191080548979
191080553313
191080558928
191080563811
191080568205
191080574003
191080578520
191080583281
191080587736
191080592863
191080598539
191080602934
191080607634
191080612089
191080617460
191080621489
191080626188
191080633329
191080639067
191080643583
191080649809
191080654936
191080660124
191080663969
191080669035
191080674650
191080679533
191080684233
191080689115
191080694670
191080699369
191080703520
191080708341
191080714140
191080719023
191080723234
191080728300
191080733244
191080737760
191080743253
191080746183
191080751981
191080756132
191080761442
191080765470
191080769376
191080774015
191080779325
191080782987
191080787260
191080791898
191080795927
191080800199
191080805509
191080809598
191080812833
191080816617
191080821989
191080825773
191080831266
191080835355
191080839811
191080843900
191080848051
191080852140
191080856779
191080861112
191080865812
191080870023
191080874296
191080878324
191080882596
191080886625
191080892179
191080896756
191080900907
191080904996
191080909391
191080913724
191080917752
191080922208
191080926114
191080930814
191080936429
191080940763
191080944303
191080948392
191080952481
191080958402
191080964749
191080969083
191080972318
191080977811
191080986661
191080993924
191081002957
191081009793
191081016690
191081027432
191081034940
191081044827
191081052274
191081058560
191081065335
191081073392
191081080533
191081087125
191081094144
191081101407
191081107754
191081113553
191081120389
191081128934
191081135586
191081141507
191081149930
191081156216
191081162747
191081170559
191081178372
191081185208
191081192776
191081199429
191081205227
191081211758
191081219571
191081224942
191081232449
191081240872
191081245571
191081253750
191081259426
191081267178
191081274441
191081282315
191081288723
191081297878
191081304714
191081312039
191081318936
191081327114
191081334133
191081342007
191081348476
191081355557
191081361721
191081368984
191081374905
191081383022
191081391079
191081397976
191081403591
191081409939
191081416653
191081423122
191081430263
191081437404
191081446194
191081455044
191081462368
191081470119
191081477688
191081483425
191081493374
191081501308
191081508815
191081518093
191081524990
191081531643
191081541896
191081549709
191081559047
191081567653
191081575344
191081581691
191081588283
191081598049
191081605556
191081613490
191081621974
191081627223
191081637355
191081645168
191081653774
191081661220
191081669582
191081679530
191081686366
191081694301
191081700954
191081706020
191081710658
191081715907
191081720058
191081724208
191081729152
191081734096
191081738795
191081745448
191081750819
191081755824
191081761073
191081765651
191081769557
191081776088
191081779139
191081785182
191081789637
191081795619
191081800319
191081804286
191081809901
191081815455
191081820216
191081825587
191081830348
191081835231
191081839686
191081844691
191081849025
191081854335
191081860804
191081865748
191081870082
191081875880
191081880885
191081885279
191081890650
191081898036
191081901270
191081906519
191081910975
191081915186
191081921656
191081926783
191081931788
191081937525
191081941981
191081946375
191081950831
191081957118
191081960780
191081964075
191081970423
191081976282
191081979884
191081985438
191081990198
191081994105
191081998377
191082004603
191082008936
191082014490
191082018397
191082022181
191082026392
191082032007
191082036158
191082040919
191082046656
191082051172
191082055750
191082059961
191082064295
191082069117
191082073084
191082077967
191082082361
191082087732
191082091700
191082095606
191082100245
191082107752
191082112757
191082117701
191082122278
191082127344
191082131372
191082136011
191082140223
191082146204
191082150843
191082155359
191082159815
191082164148
191082168665
191082173487
191082178430
191082182520
191082188257
191082193811
191082197717
191082201990
191082207056
191082212366
191082217493
191082222193
191082225977
191082230676
191082237085
191082239954
191082246240
191082252039
191082257593
191082261987
191082267175
191082271021
191082275781
191082281152
191082285974
191082292871
191082297143
191082301904
191082306421
191082310144
191082315942
191082319726
191082326013
191082330774
191082336511
191082341211
191082345788
191082350488
191082357568
191082361963
191082366418
191082372339
191082376611
191082380822
191082385705
191082390405
191082397241
191082401086
191082406823
191082410791
191082415429
191082419702
191082424829
191082432153
191082436547
191082441247
191082447595
191082452172
191082456262
191082460290
191082467431
191082472741
191082478051
191082482507
191082486779
191082491357
191082495324
191082502221
191082507592
191082513329
191082517846
191082522057
191082526452
191082530541
191082535180
191082541222
191082547753
191082551171
191082556725
191082561486
191082565820
191082570885
191082575768
191082580773
191082587914
191082592919
191082596703
191082601220
191082606164
191082610802
191082617333
191082623070
191082628136
191082632592
191082637108
191082642480
191082646752
191082651635
191082658410
191082663720
191082668480
191082673180
191082677331
191082681481
191082687951
191082693383
191082698510
191082702904
191082707360
191082712792
191082718041
191082722313
191082727501
191082733544
191082737267
191082743309
191082747277
191082752770
191082756859
191082762657
191082767418
191082773461
191082778343
191082782860
191082787560
191082793419
191082799156
191082802879
191082809532
191082813439
191082819054
191082823143
191082828819
191082833519
191082838463
191082844444
191082849449
191082854332
191082858299
191082863853
191082867516
191082872520
191082879234
191082884117
191082890282
191082892601
191082898521
191082904259
191082908836
191082914329
191082919212
191082924034
191082928978
191082933555
191082939110
191082943016
191082948509
191082954429
191082960533
191082965294
191082970115
191082974815
191082979454
191082984153
191082990318
191082994774
191083000023
191083004417
191083009910
191083013939
191083017662
191083023887
191083028343
191083034446
191083039085
191083043724
191083048606
191083053916
191083057273
191083063011
191083068992
191083072776
191083078819
191083083457
191083087669
191083093101
191083098533
191083102805
191083108665
191083113548
191083118553
191083123374
191083128318
191083132957
191083138145
191083145103
191083149253
191083153281
191083158286
191083162559
191083168662
191083175071
191083181785
191083185752
191083190635
191083195884
191083200523
191083205039
191083210593
191083215964
191083222861
191083227683
191083232871
191083235984
191083243369
191083248130
191083252891
191083258811
191083263205
191083268821
191083273398
191083277549
191083283103
191083286704
191083293235
191083298972
191083303916
191083308371
191083313071
191083317771
191083322348
191083328025
191083334861
191083339438
191083343466
191083348166
191083354026
191083357932
191083362631
191083367209
191083373984
191083378989
191083384055
191083388693
191083392844
191083398032
191083403342
191083408530
191083414206
191083418662
191083423239
191083428000
191083431784
191083437521
191083441733
191083448508
191083453085
191083457236
191083462057
191083467429
191083472372
191083478232
191083482809
191083488364
191083493185
191083498495
191083502951
191083508139
191083512839
191083519003
191083523825
191083528403
191083533285
191083538046
191083545553
191083553610
191083563620
191083570944
191083576559
191083586264
191083594320
191083604513
191083613607
191083621359
191083628378
191083636068
191083643209
191083649740
191083656332
191083662924
191083671591
191083680441
191083687521
191083694418
191083701132
191083708517
191083714987
191083721212
191083727926
191083735067
191083741903
191083747884
191083756307
191083762472
191083769125
191083775350
191083784139
191083790670
191083799276
191083805501
191083811788
191083818563
191083827657
191083834859
191083841817
191083850545
191083857686
191083865194
191083871846
191083877462
191083886556
191083892537
191083902059
191083910176
191083916951
191083922200
191083930806
191083936727
191083945882
191083952108
191083959798
191083968709
191083975606
191083982015
191083989217
191083997457
191084004842
191084011678
191084019368
191084027120
191084034688
191084040974
191084048360
191084056233
191084063435
191084070149
191084077412
191084087361
191084094990
191084102071
191084109334
191084116841
191084124043
191084131001
191084138264
191084147664
191084153279
191084161152
191084168904
191084175679
191084183125
191084190937
191084198262
191084208699
191084216267
191084222920
191084230122
191084238423
191084247212
191084254780
191084262654
191084271443
191084279682
191084292072
191084300190
191084310261
191084315632
191084320271
191084326069
191084331257
191084335346
191084339497
191084344440
191084347370
191084353230
191084356831
191084360676
191084367512
191084371723
191084376179
191084381489
191084385700
191084390644
191084395405
191084400043
191084404743
191084408832
191084413044
191084417377
191084423542
191084429279
191084433552
191084437580
191084442219
191084446491
191084451984
191084457355
191084461811
191084466633
191084471821
191084476642
191084480549
191084485065
191084489521
191084496296
191084500995
191084505634
191084510517
191084514850
191084519550
191084524494
191084529193
191084535541
191084540790
191084545368
191084551166
191084555316
191084559833
191084565875
191084572345
191084577838
191084581684
191084585773
191084590839
191084594623
191084600726
191084605487
191084610492
191084615985
191084620441
191084624347
191084628742
191084633258
191084638385
191084645099
191084649982
191084655231
191084659442
191084663165
191084668719
191084673297
191084679217
191084684100
191084688129
191084692523
191084698077
191084702533
191084707233
191084713336
191084718646
191084721942
191084727008
191084731036
191084735553
191084742145
191084747333
191084752398
191084757159
191084761798
191084766009
191084771075
191084776324
191084782184
191084786822
191084793048
191084797320
191084801715
191084805926
191084809954
191084817706
191084823077
191084828326
191084832354
191084836627
191084842120
191084846575
191084852496
191084858782
191084864092
191084868609
191084872698
191084878192
191084882159
191084886614
191084892596
191084897601
191084902789
191084907855
191084912127
191084916277
191084920672
191084926409
191084932452
191084937151
191084942950
191084947161
191084952044
191084956499
191084961565
191084967364
191084973040
191084976946
191084980730
191084984515
191084989458
191084996355
191085002581
191085006365
191085011797
191085015581
191085019976
191085024187
191085030108
191085034502
191085039202
191085045611
191085049517
191085053911
191085058245
191085062578
191085068499
191085074663
191085079180
191085083147
191085087664
191085093279
191085097429
191085103289
191085108049
191085112688
191085118303
191085122515
191085126421
191085131060
191085135393
191085142229
191085147356
191085151750
191085155168
191085160295
191085165239
191085170854
191085175005
191085182268
191085187090
191085191057
191085195513
191085200334
191085204790
191085209001
191085214616
191085219560
191085224626
191085228899
191085233476
191085237627
191085242876
191085248857
191085254350
191085258134
191085262651
191085266618
191085271318
191085277422
191085281816
191085287370
191085291337
191085294450
191085300554
191085305314
191085309587
191085314409
191085320329
191085324968
191085329851
191085334978
191085340654
191085345353
191085349748
191085355974
191085360917
191085365556
191085371537
191085375932
191085380937
191085387468
191085392900
191085399003
191085404069
191085409013
191085414079
191085418840
191085424394
191085429277
191085435258
191085441178
191085445817
191085451310
191085456071
191085461076
191085466447
191085472123
191085479875
191085485246
191085489640
191085494279
191085498734
191085503434
191085510941
191085516740
191085521195
191085526261
191085530961
191085536088
191085540910
191085545976
191085552811
191085557877
191085562455
191085567033
191085572587
191085577225
191085583207
191085587479
191085593644
191085601700
191085606766
191085611161
191085616349
191085622025
191085627091
191085632279
191085638993
191085643815
191085648697
191085653153
191085658036
191085661637
191085668107
191085672501
191085678238
191085684220
191085689042
191085695877
191085701859
191085706559
191085711930
191085718033
191085723770
191085728897
191085733841
191085738602
191085743729
191085748612
191085756241
191085761795
191085767105
191085772232
191085776627
191085781815
191085787857
191085793961
191085800369
191085807266
191085812515
191085819290
191085824600
191085831741
191085838333
191085846024
191085855057
191085863968
191085873123
191085878372
191085885879
191085892227
191085899673
191085905350
191085913956
191085924698
191085930862
191085939712
191085945999
191085952713
191085959366
191085967300
191085972915
191085981704
191085988784
191085997940
191086003616
191086011612
191086018997
191086024612
191086033645
191086040969
191086048782
191086057571
191086064041
191086073135
191086080886
191086089492
191086097183
191086101943
191086110427
191086117812
191086124648
191086132827
191086141006
191086149245
191086157241
191086162917
191086171645
191086176894
191086184707
191086192031
191086201369
191086207900
191086217055
191086224074
191086229873
191086237563
191086245803
191086254104
191086262404
191086268142
191086276320
191086283767
191086292922
191086300002
191086304946
191086313063
191086321730
191086328078
191086335341
191086343642
191086348708
191086358229
191086366530
191086372511
191086380995
191086388381
191086395278
191086403395
191086408034
191086417860
191086426527
191086433119
191086441664
191086447951
191086455031
191086460890
191086469496
191086479689
191086489210
191086501295
191086514052
191086524733
191086534071
191086548781
191086558424
191086572523
191086581923
191086594496
191086608961
191086618238
191086630018
191086637403
191086648512
191086661573
191086669386
191086675489
191086691419
191086698499
191086712415
191086723158
191086732679
191086744520
191086753431
191086760938
191086771741
191086781690
191086793409
191086805250
191086814100
191086819959
191086834791
191086844678
191086854627
191086862867
191086872327
191086883741
191086895520
191086904554
191086916211
191086923291
191086936475
191086946363
191086956250
191086965466
191086973645
191086985181
191086997205
191087006665
191087013196
191087022168
191087030042
191087041455
191087048962
191087057996
191087066113
191087074536
191087081860
191087089795
191087098340
191087106213
191087114575
191087120556
191087130383
191087138806
191087147351
191087153515
191087162610
191087167675
191087175061
191087183789
191087192150
191087203930
191087212170
191087217236
191087223950
191087232128
191087238781
191087247387
191087254406
191087263561
191087270580
191087278454
191087285229
191087292309
191087299267
191087306591
191087314648
191087323376
191087332592
191087339184
191087345959
191087352306
191087361767
191087369701
191087377270
191087385143
191087392589
191087405590
191087410595
191087421215
191087431652
191087437389
191087443859
191087448497
191087454113
191087458996
191087463756
191087469371
191087473278
191087478771
191087484630
191087489696
191087494396
191087500133
191087504955
191087510570
191087515880
191087521739
191087526805
191087531261
191087537609
191087541759
191087546886
191087551769
191087557262
191087563182
191087568004
191087572215
191087577342
191087582897
191087588023
191087592723
191087597972
191087603954
191087609142
191087613902
191087618968
191087623912
191087629100
191087633739
191087639110
191087644969
191087650401
191087654796
191087659495
191087662303
191087668712
191087674632
191087678416
191087683543
191087689036
191087693797
191087699962
191087704234
191087708995
191087713328
191087718150
191087725047
191087729991
191087734507
191087739329
191087743663
191087748546
191087754283
191087759410
191087762584
191087768687
191087774424
191087778880
191087783641
191087788157
191087793895
191087799205
191087804881
191087811656
191087816539
191087821727
191087826670
191087832713
191087837535
191087842478
191087847788
191087852732
191087858164
191087863902
191087869883
191087875071
191087879038
191087884287
191087889048
191087895152
191087899241
191087906260
191087910166
191087916697
191087921702
191087927317
191087931773
191087937876
191087942576
191087947031
191087953135
191087956309
191087962168
191087968455
191087973887
191087978586
191087983103
191087988108
191087993357
191087998362
191088007029
191088011545
191088016916
191088022837
191088027414
191088031565
191088036326
191088042856
191088047190
191088053354
191088059580
191088066355
191088071726
191088077280
191088083078
191088087534
191088094309
191088100168
191088105417
191088110910
191088115671
191088121347
191088126963
191088133554
191088138193
191088145273
191088150278
191088155283
191088160715
191088166452
191088171579
191088177377
191088182382
191088192575
191088198496
191088204294
191088207895
191088218088
191088224985
191088229013
191088234079
191088238535
191088243478
191088248117
191088253122
191088258981
191088264291
191088269723
191088274606
191088277231
191088282358
191088286813
191088292367
191088297861
191088303720
191088308481
191088313913
191088318490
191088323190
191088327707
191088332223
191088337594
191088342416
191088347787
191088352243
191088358651
191088363168
191088368051
191088372750
191088378000
191088385141
191088390512
191088395700
191088399423
191088404794
191088409677
191088412240
191088417733
191088425057
191088430490
191088435739
191088440621
191088445260
191088450143
191088454171
191088458566
191088464181
191088470223
191088476937
191088482552
191088487435
191088492745
191088497140
191088501168
191088506966
191088513558
191088520394
191088524422
191088529366
191088534249
191088539132
191088543893
191088548775
191088554452
191088559579
191088564400
191088569161
191088573800
191088578744
191088583932
191088587105
191088593514
191088598824
191088604317
191088609261
191088613595
191088617989
191088625557
191088630135
191088636910
191088642220
191088647103
191088650216
191088656075
191088660714
191088665352
191088670906
191088676400
191088681221
191088686226
191088691658
191088696175
191088701607
191088706185
191088709969
191088715401
191088720772
191088726082
191088732186
191088736824
191088740669
191088745552
191088750740
191088755745
191088763558
191088768929
191088774422
191088778206
191088783882
191088787605
191088792854
191088797737
191088806587
191088812141
191088816475
191088821480
191088826607
191088830147
191088834541
191088839668
191088844612
191088850716
191088855904
191088861824
191088866463
191088872078
191088877693
191088881599
191088887276
191088893257
191088900154
191088904915
191088909492
191088913582
191088918586
191088923774
191088928901
191088933845
191088940376
191088945076
191088950081
191088955452
191088960334
191088962837
191088968269
191088973457
191088978096
191088984687
191088989753
191088996528
191089000373
191089009407
191089013801
191089019660
191089025459
191089030830
191089036506
191089042304
191089048164
191089053291
191089059272
191089065742
191089070991
191089076057
191089082221
191089087287
191089092109
191089097297
191089104011
191089108283
191089115791
191089121711
191089127509
191089132880
191089138435
191089143684
191089149116
191089154853
191089159125
191089164741
191089169990
191089175605
191089180427
191089186042
191089189338
191089195502
191089203742
191089207587
191089212470
191089218329
191089222907
191089227607
191089232367
191089238105
191089243781
191089249030
191089254035
191089257819
191089262824
191089268073
191089273627
191089278083
191089284186
191089290412
191089294562
191089300482
191089304389
191089309943
191089313544
191089318549
191089324103
191089329169
191089334662
191089340216
191089346076
191089350775
191089354437
191089360480
191089364813
191089370245
191089376471
191089382391
191089386603
191089391791
191089396307
191089401984
191089406805
191089410223
191089416632
191089420355
191089425116
191089431403
191089436041
191089441290
191089446051
191089450262
191089456061
191089461676
191089467169
191089472662
191089478216
191089483038
191089488287
191089493536
191089498175
191089504400
191089510443
191089515509
191089518927
191089524969
191089528753
191089533636
191089540167
191089547064
191089557318
191089564886
191089575079
191089581060
191089596991
191089607000
191089616522
191089627203
191089633978
191089642340
191089649908
191089656194
191089665533
191089673712
191089681219
191089691229
191089698064
191089706182
191089713262
191089722723
191089730108
191089738287
191089746099
191089755498
191089762884
191089771856
191089781438
191089787298
191089796697
191089804571
191089811162
191089818059
191089826604
191089834661
191089841314
191089849187
191089855840
191089863286
191089872258
191089879033
191089888189
191089895146
191089904729
191089911626
191089918462
191089928594
191089936467
191089944158
191089952275
191089960271
191089968144
191089976384
191089983342
191089990605
191089999211
191090006657
191090016545
191090023930
191090030400
191090038152
191090044682
191090052067
191090061833
191090068730
191090075749
191090082341
191090090336
191090098027
191090104313
191090113957
191090121586
191090130375
191090137578
191090144230
191090153752
191090159733
191090167668
191090175846
191090183110
191090190495
191090199467
191090206913
191090215519
191090223393
191090232609
191090239689
191090248112
191090255070
191090263371
191090270573
191090279423
191090287235
191090298344
191090308842
191090316776
191090324039
191090332890
191090337406
191090343388
191090348514
191090353458
191090359745
191090365299
191090370487
191090375675
191090381962
191090386478
191090392643
191090397404
191090402714
191090407108
191090411503
191090419437
191090424503
191090428592
191090434330
191090438907
191090443973
191090450138
191090455509
191090460697
191090465091
191090469913
191090475406
191090480289
191090485416
191090491581
191090497562
191090503665
191090507694
191090511966
191090517948
191090523868
191090529117
191090534244
191090538089
191090543826
191090547855
191090553836
191090557620
191090563114
191090567020
191090574649
191090579044
191090583560
191090587894
191090591617
191090596317
191090600711
191090606631
191090613834
191090617068
191090623965
191090628116
191090632877
191090635806
191090641605
191090649173
191090655093
191090660525
191090666568
191090672183
191090678165
191090684146
191090688174
191090696231
191090701602
191090706729
191090712283
191090717959
191090722354
191090727908
191090733096
191090738223
191090743594
191090749148
191090753177
191090758303
191090763430
191090768435
191090774295
191090781008
191090786685
191090791140
191090797732
191090802737
191090807925
191090812564
191090820498
191090826480
191090832095
191090837344
191090843203
191090847964
191090852908
191090861453
191090866702
191090872561
191090877871
191090883303
191090888857
191090894656
191090900820
191090906435
191090911623
191090917910
191090922488
191090927737
191090933108
191090937624
191090945559
191090951113
191090957400
191090963625
191090969546
191090973818
191090980715
191090986513
191090992800
191090999270
191091004580
191091009096
191091015017
191091020510
191091026064
191091031679
191091037783
191091043154
191091048830
191091054384
191091058474
191091063784
191091069338
191091076784
191091082277
191091087587
191091092348
191091096743
191091102602
191091108461
191091113710
191091119081
191091124086
191091129396
191091133608
191091140260
191091144350
191091151979
191091156984
191091162966
191091168703
191091173219
191091178163
191091183962
191091188844
191091195192
191091200380
191091206178
191091209962
191091215273
191091225221
191091229799
191091235292
191091242494
191091248292
191091252992
191091258546
191091263368
191091268373
191091273622
191091278505
191091284852
191091289979
191091294862
191091298402
191091305665
191091311891
191091316346
191091320802
191091325807
191091329591
191091335511
191091341554
191091348207
191091352418
191091356691
191091361634
191091368287
191091372316
191091379090
191091384156
191091390382
191091395326
191091400697
191091405152
191091409425
191091414979
191091419923
191091426332
191091432496
191091438478
191091443360
191091446961
191091451844
191091457398
191091462647
191091467652
191091472535
191091478089
191091484010
191091489503
191091495057
191091501405
191091506898
191091512330
191091517152
191091521851
191091527406
191091532471
191091539368
191091543824
191091548646
191091554261
191091559266
191091564332
191091569459
191091575989
191091582947
191091587220
191091593445
191091597901
191091602906
191091607911
191091613465
191091617920
191091625367
191091629700
191091633973
191091638916
191091643250
191091648194
191091654725
191091658997
191091665894
191091671082
191091677063
191091682068
191091687012
191091690674
191091696961
191091702149
191091706970
191091713379
191091717468
191091722534
191091727356
191091732849
191091739197
191091744507
191091749695
191091754212
191091758972
191091765259
191091769837
191091777100
191091783020
191091788513
191091793579
191091799255
191091804382
191091808167
191091813538
191091819031
191091824524
191091830200
191091835754
191091840210
191091844726
191091849609
191091857117
191091862671
191091868408
191091873474
191091878662
191091883850
191091888733
191091893860
191091899963
191091905334
191091910156
191091914917
191091919311
191091924072
191091929931
191091935486
191091942321
191091945922
191091951416
191091957580
191091962158
191091966796
191091973083
191091978271
191091985534
191091989685
191091994506
191091999816
191092004516
191092009033
191092014160
191092019470
191092025878
191092031738
191092036437
191092040710
191092046996
191092051025
191092056335
191092061523
191092068847
191092073974
191092079040
191092084899
191092087707
191092093932
191092099853
191092106567
191092111266
191092116088
191092120055
191092124816
191092129333
191092134399
191092140014
191092145141
191092151549
191092156310
191092161010
191092165587
191092170959
191092176208
191092183532
191092188903
191092192321
191092197631
191092202453
191092207763
191092212645
191092217406
191092223998
191092228759
191092233519
191092238280
191092243346
191092248595
191092254515
191092260497
191092265685
191092271422
191092276061
191092282469
191092285033
191092290587
191092299010
191092304320
191092309020
191092313658
191092317748
191092322631
191092330260
191092339598
191092349181
191092357420
191092365843
191092379576
