131199540471
131199550602
131199561528
131199570439
131199579960
131199588383
131199594670
131199604557
131199612858
131199625187
131199630497
131199640751
131199651493
131199659855
131199667668
131199674687
131199684818
131199692814
131199700016
131199709782
131199716984
131199726078
131199735050
131199742130
131199751835
131199760075
131199769352
131199778202
131199788151
131199797489
131199807133
131199816044
131199824833
131199833439
131199842655
131199851383
131199859928
131199868717
131199879581
131199887699
131199895999
131199904789
131199913517
131199922245
131199932865
131199940921
131199949893
131199960330
131199968204
131199978702
131199986514
131199996219
131200004031
131200014713
131200024661
131200035464
131200045169
131200054263
131200063724
131200073550
131200082339
131200090945
131200100039
131200109134
131200118716
131200126834
131200136477
131200146609
131200156131
131200166323
131200176089
131200185611
131200195376
131200202883
131200212527
131200222537
131200232180
131200242800
131200251772
131200260439
131200269290
131200279116
131200288821
131200298159
131200307925
131200319094
131200327029
131200334658
131200346499
131200353579
131200364687
131200373598
131200382082
131200393496
131200402834
131200414187
131200423769
131200434877
131200443911
131200451723
131200461672
131200473330
131200485720
131200495058
131200504702
131200517092
131200523439
131200536012
131200542360
131200554140
131200562868
131200573549
131200584963
131200593385
131200602052
131200612795
131200621278
131200630312
131200642213
131200650575
131200659364
131200669252
131200681459
131200691347
131200700685
131200710817
131200720094
131200729554
131200740114
131200749879
131200760255
131200766359
131200777162
131200789674
131200797914
131200807557
131200815919
131200825440
131200836427
131200846070
131200853761
131200863221
131200873475
131200883119
131200893189
131200903016
131200912049
131200921571
131200930115
131200940308
131200950501
131200960206
131200969727
131200979310
131200990479
131201000001
131201010071
131201019715
131201027344
131201036683
131201047486
131201056763
131201066956
131201076661
131201085450
131201095887
131201105652
131201115418
131201123780
131201133423
131201145264
131201152344
131201163269
131201174744
131201182617
131201194092
131201203980
131201212402
131201222534
131201230591
131201239868
131201252258
131201261536
131201271240
131201280884
131201291565
131201301086
131201310180
131201320190
131201331115
131201340637
131201348999
131201358703
131201368225
131201377929
131201389099
131201396423
131201408142
131201417968
131201426452
131201436096
131201445068
131201454650
131201466003
131201475829
131201484679
131201494384
131201502807
131201512572
131201521606
131201531310
131201541381
131201550902
131201561706
131201569335
131201580199
131201589782
131201598815
131201608519
131201617492
131201627257
131201638121
131201647704
131201655333
131201665038
131201674315
131201683898
131201696593
131201705809
131201714171
131201726317
131201735594
131201744567
131201755736
131201764464
131201774107
131201782896
131201794066
131201802977
131201810851
131201822874
131201829832
131201839842
131201852659
131201861571
131201871519
131201880308
131201890989
131201899840
131201909117
131201917967
131201929075
131201937864
131201946104
131201955809
131201967833
131201976377
131201985960
131201994810
131202005491
131202014463
131202024595
131202036314
131202044981
131202053709
131202063474
131202075376
131202087278
131202096250
131202105772
131202114194
131202123838
131202133359
131202142942
131202154050
131202163755
131202173337
131202182920
131202191831
131202201658
131202211789
131202221433
131202231199
131202240598
131202251950
131202261472
131202269162
131202278745
131202288022
131202297544
131202307065
131202317624
131202328488
131202338193
131202347531
131202357175
131202366086
131202375913
131202385800
131202395627
131202403928
131202413571
131202423703
131202433408
131202441403
131202451169
131202463132
131202473202
131202482602
131202492184
131202501645
131202511288
131202520077
131202529416
131202538327
131202547909
131202558895
131202568356
131202577694
131202587338
131202596798
131202606442
131202617489
131202627072
131202635800
131202645565
131202654659
131202664364
131202675167
131202682308
131202694088
131202703854
131202711971
131202721737
131202732113
131202741939
131202751278
131202761104
131202771541
131202781368
131202789913
131202799618
131202809993
131202819698
131202827938
131202837398
131202847896
131202857357
131202867000
131202876522
131202885128
131202896968
131202904109
131202916316
131202927852
131202936519
131202948360
131202957881
131202966304
131202975154
131202986079
131202994746
131203007625
131203016658
131203025142
131203035030
131203043391
131203053279
131203061946
131203070735
131203082637
131203092402
131203101008
131203112849
131203122615
131203131892
131203141658
131203146785
131203158992
131203170893
131203180537
131203189326
131203197932
131203207820
131203216609
131203230525
131203242549
131203254328
131203265803
131203281001
131203292963
131203305109
131203317133
131203332148
131203342707
131203357172
131203367548
131203383051
131203395807
131203408991
131203420771
131203434870
131203450251
131203461908
131203475641
131203490290
131203502741
131203514093
131203525263
131203539118
131203551813
131203563287
131203578058
131203588312
131203601007
131203611444
131203620416
131203630853
131203639825
131203646966
131203658258
131203664911
131203676141
131203683160
131203694085
131203702874
131203710931
131203720392
131203728448
131203738885
131203746881
131203755609
131203763726
131203774163
131203781854
131203792779
131203800836
131203809075
131203818780
131203827569
131203835748
131203844537
131203855035
131203863946
131203871697
131203880608
131203889825
131203898675
131203906853
131203917779
131203924859
131203933831
131203944085
131203952996
131203963189
131203971306
131203978936
131203990105
131203997918
131204005852
131204018059
131204023613
131204033501
131204044976
131204052849
131204063774
131204069939
131204081963
131204091179
131204102471
131204110954
131204120476
131204129021
131204141655
131204151482
131204160332
131204170219
131204181267
131204191216
131204196403
131204208977
131204217461
131204226005
131204237907
131204247673
131204257866
131204263847
131204275383
131204283806
131204296074
131204302055
131204314506
131204324333
131204333244
131204341728
131204352043
131204360466
131204370231
131204378898
131204391227
131204401542
131204410331
131204418754
131204429069
131204437553
131204447257
131204455863
131204468436
131204478690
131204487174
131204496513
131204506278
131204516532
131204528861
131204537955
131204547721
131204559440
131204568168
131204580924
131204590506
131204600516
131204613028
131204622428
131204632315
131204644095
131204653678
131204663199
131204673697
131204683463
131204693839
131204705802
131204714774
131204722525
131204732413
131204744925
131204754447
131204762747
131204773611
131204784598
131204794730
131204804190
131204816458
131204826041
131204834708
131204844595
131204853506
131204862295
131204871939
131204881643
131204891531
131204900686
131204912588
131204921682
131204930410
131204940664
131204950247
131204959463
131204972647
131204980581
131204990957
131205000173
131205013357
131205022756
131205033376
131205043569
131205054250
131205063528
131205076772
131205086477
131205097036
131205106679
131205117300
131205126516
131205137197
131205146596
131205157216
131205168386
131205178884
131205188100
131205197927
131205206838
131205216909
131205226308
131205236013
131205245656
131205255544
131205265370
131205275930
131205287953
131205298451
131205308766
131205315541
131205327016
131205336720
131205347096
131205356923
131205368459
131205378041
131205386464
131205396291
131205406972
131205416737
131205425893
131205435719
131205444752
131205455495
131205466420
131205476979
131205485402
131205495289
131205505360
131205515065
131205524281
131205533986
131205542775
131205552540
131205562428
131205572010
131205583119
131205589772
131205603565
131205614613
131205623707
131205633656
131205642262
131205651844
131205662342
131205672352
131205681995
131205692371
131205703419
131205713856
131205723011
131205732654
131205741749
131205751514
131205763172
131205772877
131205782032
131205791858
131205802417
131205812305
131205822742
131205832813
131205842151
131205852893
131205864246
131205871753
131205882495
131205892688
131205903736
131205914234
131205924548
131205935657
131205945361
131205955798
131205961414
131205975269
131205985156
131205996143
131206005908
131206016833
131206026660
131206035937
131206040881
131206054248
131206062610
131206071277
131206080188
131206094775
131206103930
131206113330
131206122546
131206132495
131206137805
131206149035
131206160205
131206170397
131206180102
131206190600
131206198596
131206209094
131206219958
131206225939
131206238513
131206249926
131206258654
131206268603
131206279223
131206289111
131206298876
131206304919
131206313341
131206329150
131206337084
131206346117
131206357409
131206365282
131206377184
131206388170
131206396532
131206407702
131206416307
131206426073
131206435228
131206441576
131206452867
131206463854
131206474169
131206481371
131206493151
131206504442
131206510607
131206523119
131206533312
131206543260
131206551439
131206563585
131206568651
131206581468
131206592516
131206598497
131206607713
131206621446
131206633531
131206640977
131206651048
131206659593
131206671861
131206681077
131206688707
131206699327
131206709459
131206719407
131206728624
131206739305
131206749192
131206758958
131206768907
131206775743
131206789231
131206799058
131206807298
131206817674
131206827928
131206837327
131206845017
131206856065
131206865464
131206877915
131206888230
131206897629
131206905686
131206917039
131206924241
131206933396
131206944016
131206952195
131206962021
131206972703
131206983628
131206992905
131207002182
131207011033
131207018174
131207028244
131207037888
131207047043
131207056870
131207066880
131207075485
131207087570
131207099350
131207105637
131207119248
131207127670
131207137985
131207147812
131207157578
131207167526
131207177414
131207182419
131207198654
131207208115
131207217636
131207226059
131207236008
131207246506
131207256820
131207265610
131207275497
131207285751
131207295517
131207304794
131207314621
131207325668
131207332687
131207342147
131207351791
131207362777
131207372421
131207380599
131207390365
131207400009
131207409713
131207420150
131207429855
131207440780
131207450607
131207458297
131207467879
131207480636
131207491317
131207503402
131207515670
131207525374
131207537643
131207552901
131207565597
131207579635
131207591109
131207604415
131207615706
131207634139
131207646468
131207659041
131207672896
131207687056
131207702559
131207714949
131207726973
131207733931
131207744856
131207752608
131207763167
131207771346
131207779768
131207789778
131207795576
131207808028
131207816878
131207825850
131207834883
131207843611
131207853010
131207861982
131207872603
131207880659
131207892622
131207901777
131207908979
131207920637
131207930159
131207940412
131207948652
131207960371
131207967695
131207976728
131207984480
131207993147
131208003156
131208011396
131208021650
131208030927
131208038801
131208049177
131208058759
131208066938
131208078413
131208084638
131208098920
131208106184
131208117719
131208126081
131208135969
131208146894
131208155927
131208165204
131208177411
131208188337
131208196332
131208205793
131208214277
131208224897
131208237897
131208246747
131208256879
131208265973
131208276288
131208285016
131208294843
131208303449
131208316571
131208326886
131208336835
131208345013
131208353375
131208364362
131208372540
131208380719
131208392133
131208401166
131208409833
131208421124
131208431256
131208439435
131208450970
131208461957
131208470685
131208480633
131208491131
131208500897
131208512921
131208519390
131208532391
131208540264
131208549969
131208558758
131208569073
131208577740
131208589276
131208597698
131208608502
131208617840
131208626690
131208635418
131208647137
131208655926
131208664165
131208672771
131208685284
131208691265
131208703472
131208712322
131208720318
131208730083
131208741680
131208751018
131208762798
131208772258
131208781353
131208791729
131208802044
131208812542
131208821148
131208832866
131208841106
131208850749
131208859783
131208869304
131208879985
131208889568
131208897930
131208907512
131208916850
131208926921
131208936015
131208945537
131208956462
131208965923
131208974040
131208983806
131208994731
131209004497
131209012858
131209022502
131209033000
131209042460
131209051372
131209061259
131209071879
131209082377
131209091288
131209101054
131209110575
131209120036
131209129985
131209139506
131209148844
131209158610
131209168986
131209178507
131209186686
131209196330
131209205790
131209215373
131209226176
131209235941
131209244242
131209253886
131209263407
131209272868
131209280558
131209290263
131209301249
131209311564
131209316813
131209330118
131209341105
131209351298
131209361490
131209371683
131209381937
131209392496
131209404154
131209410868
131209421488
131209430460
131209439615
131209451456
131209461038
131209471842
131209481546
131209493326
131209502054
131209509927
131209518045
131209526834
131209534952
131209546060
131209555765
131209566263
131209577249
131209586771
131209595804
131209605447
131209616128
131209626016
131209634317
131209644021
131209653909
131209663369
131209672342
131209681924
131209692910
131209703225
131209710733
131209721536
131209729837
131209738687
131209746621
131209755593
131209764627
131209776101
131209786111
131209795022
131209801431
131209812905
131209821755
131209829995
131209837930
131209847939
131209861245
131209869607
131209879250
131209887673
131209897866
131209906228
131209917885
131209927590
131209936989
131209946511
131209956337
131209965798
131209975625
131209980996
131209994545
131210007668
131210017983
131210026955
131210036782
131210047463
131210057961
131210068154
131210078102
131210087502
131210093971
131210103981
131210114235
131210126564
131210135963
131210144386
131210160866
131210179359
131210192726
131210201271
131210212379
131210222694
131210233375
131210242164
131210254677
131210263160
131210275001
131210282203
131210291664
131210303260
131210311744
131210324134
131210333656
131210342140
131210350746
131210359718
131210368812
131210381690
131210391273
131210401161
131210410682
131210419532
131210432044
131210439124
131210451759
131210458900
131210471656
131210482520
131210492103
131210501197
131210511817
131210520240
131210530066
131210538489
131210548316
131210558997
131210569739
131210577918
131210586585
131210596778
131210605567
131210612830
131210621558
131210631385
131210640723
131210648963
131210661536
131210668921
131210681311
131210689368
131210699439
131210708045
131210720191
131210729895
131210738745
131210748999
131210758093
131210766882
131210775671
131210785864
131210794775
131210805762
131210815039
131210828833
131210838476
131210848486
131210857947
131210871008
131210879553
131210889196
131210897985
131210907751
131210916357
131210927893
131210935278
131210947058
131210954138
131210965673
131210971594
131210983251
131210989965
131211001440
131211010168
131211018652
131211026708
131211038061
131211046911
131211055090
131211064123
131211072118
131211082372
131211091222
131211102819
131211112340
131211122045
131211131566
131211142370
131211151769
131211160253
131211170873
131211180150
131211193273
131211203099
131211215306
131211225011
131211233678
131211243993
131211253026
131211262731
131211273168
131211283238
131211294713
131211304784
131211314244
131211324254
131211334081
131211341649
131211352025
131211365758
131211376683
131211387486
131211396763
131211408177
131211416051
131211426304
131211432530
131211448155
131211453404
131211468174
131211477330
131211484837
131211496434
131211509007
131211520542
131211532627
131211548435
131211559300
131211572666
131211584568
131211601353
131211616673
131211632420
131211642857
131211660130
131211673313
131211686436
131211697483
131211707371
131211721165
131211735080
131211740085
131211750583
131211761203
131211770176
131211778721
131211787387
131211798435
131211807285
131211814487
131211823398
131211833408
131211842136
131211850498
131211859226
131211869724
131211878757
131211886997
131211895908
131211905063
131211914096
131211923129
131211931857
131211943210
131211951205
131211958713
131211967685
131211978915
131211986911
131211995639
131212006930
131212015719
131212027133
131212036105
131212045566
131212055392
131212064914
131212074801
131212085543
131212095431
131212104037
131212113925
131212123507
131212133212
131212141574
131212149996
131212159030
131212170077
131212179415
131212187960
131212199496
131212207736
131212219759
131212229525
131212238314
131212247469
131212256991
131212266024
131212277865
131212286532
131212292574
131212303499
131212312777
131212326632
131212336519
131212345125
131212354220
131212365694
131212375216
131212386446
131212395662
131212406893
131212412996
131212428072
131212436800
131212446016
131212456331
131212466463
131212475374
131212485689
131212497652
131212507478
131212515657
131212525240
131212534151
131212543611
131212555330
131212565095
131212572786
131212585115
131212594758
131212605318
131212615449
131212626375
131212635713
131212647493
131212658662
131212669465
131212679048
131212689851
131212698640
131212709321
131212719209
131212732087
131212741181
131212750764
131212758698
131212768708
131212777436
131212786958
131212798798
131212808137
131212816804
131212826752
131212835969
131212845673
131212858063
131212868012
131212877289
131212887849
131212897309
131212906952
131212917084
131212926728
131212937226
131212946991
131212959504
131212968354
131212978974
131212988190
131212998871
131213007721
131213016022
131213028168
131213038727
131213047333
131213055390
131213065033
131213074677
131213087433
131213096893
131213106659
131213115875
131213128937
131213138763
131213148529
131213157501
131213168121
131213179047
131213188934
131213198273
131213208099
131213217926
131213227813
131213236541
131213248932
131213256500
131213265960
131213276703
131213289215
131213297882
131213306793
131213316741
131213325469
131213334381
131213346649
131213356109
131213364837
131213374847
131213384002
131213395599
131213404998
131213416290
131213425445
131213434844
131213443633
131213454925
131213463897
131213473907
131213482757
131213493682
131213502349
131213512481
131213521880
131213530425
131213541228
131213553985
131213563750
131213572234
131213582854
131213594939
131213605437
131213613921
131213624846
131213636870
131213647368
131213656645
131213667265
131213678801
131213689238
131213698332
131213709197
131213718779
131213729704
131213739836
131213750517
131213762724
131213773955
131213783171
131213793913
131213803557
131213814177
131213826079
131213832426
131213844877
131213855681
131213864714
131213874174
131213887175
131213897917
131213907255
131213916532
131213926237
131213936613
131213949125
131213958708
131213968473
131213978605
131213988249
131213999479
131214009000
131214022245
131214031278
131214041166
131214050138
131214060514
131214069852
131214081571
131214091398
131214104520
131214115568
131214124967
131214134549
131214145658
131214155240
131214165738
131214175626
131214185453
131214196195
131214208829
131214218289
131214228360
131214241544
131214250577
131214263822
131214274686
131214286405
131214296475
131214306363
131214316495
131214325955
131214338406
131214351956
131214361783
131214373624
131214383267
131214397427
131214408352
131214415127
131214424283
131214440762
131214449795
131214461270
131214469571
131214482266
131214490445
131214501004
131214511380
131214521511
131214531704
131214542263
131214552639
131214563198
131214571743
131214584133
131214595242
131214604885
131214612637
131214622707
131214633755
131214644070
131214652553
131214662746
131214673366
131214683620
131214694423
131214705044
131214716579
131214724392
131214735256
131214745876
131214755886
131214766628
131214776760
131214786586
131214795620
131214805446
131214815700
131214826381
131214837367
131214847133
131214855800
131214865566
131214874233
131214884670
131214895839
131214906581
131214914882
131214925502
131214936732
131214946071
131214955592
131214966945
131214976466
131214986659
131214995936
131215008693
131215021449
131215031093
131215039760
131215051783
131215063197
131215072413
131215081935
131215094569
131215104090
131215114039
131215123866
131215134852
131215143946
131215154627
131215163539
131215171351
131215183802
131215192896
131215201868
131215210902
131215220606
131215229945
131215239466
131215248316
131215260340
131215268519
131215278223
131215287195
131215296900
131215304957
131215317286
131215326075
131215335657
131215343958
131215353663
131215362452
131215371973
131215382898
131215392542
131215402918
131215412744
131215420374
131215430078
131215439417
131215448999
131215459986
131215467371
131215480188
131215489710
131215497949
131215510095
131215516504
131215528406
131215536951
131215546594
131215555017
131215564844
131215575525
131215585168
131215594079
131215603723
131215612878
131215622583
131215630945
131215641076
131215652246
131215661828
131215669580
131215679223
131215689233
131215699365
131215707727
131215717431
131215730310
131215742517
131215756310
131215768578
131215778649
131215796655
131215809594
131215821984
131215840966
131215852624
131215864709
131215875146
131215885644
131215898827
131215911828
131215924950
131215935692
131215949303
131215958702
131215966576
131215978417
131215986779
131215996788
131216005394
131216016136
131216025109
131216033287
131216044457
131216053246
131216061791
131216069969
131216078575
131216088585
131216096336
131216106590
131216114281
131216123924
131216131248
131216139305
131216146446
131216156944
131216165428
131216173302
131216181358
131216191368
131216199486
131216211204
131216215965
131216226707
131216238182
131216246910
131216254783
131216264854
131216274864
131216283958
131216294639
131216302330
131216310630
131216322471
131216333702
131216341331
131216349754
131216357322
131216370200
131216380698
131216389549
131216398948
131216408714
131216418845
131216427940
131216435447
131216447227
131216455283
131216464866
131216476890
131216485984
131216493796
131216505881
131216511741
131216522849
131216530661
131216538657
131216547629
131216558982
131216566794
131216576010
131216584067
131216592368
131216602072
131216610190
131216620566
131216628684
131216637839
131216648276
131216656333
131216664450
131216672995
131216681235
131216692160
131216702719
131216710532
131216719138
131216727011
131216738547
131216747275
131216756308
131216766135
131216774740
131216784994
131216792196
131216800070
131216811422
131216820578
131216829611
131216839804
131216850485
131216859213
131216866964
131216875814
131216886129
131216895285
131216904989
131216913839
131216921469
131216932699
131216942282
131216950216
131216959799
131216967977
131216978475
131216986532
131216996664
131217005270
131217015585
131217021017
131217033590
131217041463
131217049642
131217060506
131217069173
131217077779
131217086446
131217095601
131217104329
131217111959
131217121969
131217130086
131217138387
131217147664
131217155355
131217166707
131217172200
131217183248
131217191732
131217201863
131217210836
131217219747
131217228963
131217239644
131217248494
131217256368
131217265767
131217275227
131217284444
131217294514
131217304097
131217311665
131217323445
131217333028
131217342732
131217352193
131217360737
131217368733
131217376973
131217386189
131217394490
131217405476
131217413960
131217424519
131217432637
131217442830
131217448628
131217458760
131217466816
131217477681
131217488179
131217495930
131217504414
131217512898
131217520832
131217532124
131217540180
131217549946
131217558064
131217567402
131217575642
131217582844
131217593952
131217602436
131217611835
131217624042
131217632832
131217643146
131217652119
131217660541
131217670368
131217679951
131217690143
131217699482
131217709125
131217720051
131217729694
131217737873
131217747638
131217756733
131217766254
131217777057
131217789569
131217796894
131217806171
131217815204
131217827716
131217835529
131217845172
131217856708
131217866412
131217875385
131217885394
131217894366
131217903644
131217913470
131217922870
131217933185
131217943072
131217953754
131217961078
131217970782
131217980426
131217989337
131217998980
131218008563
131218019915
131218028277
131218037249
131218047992
131218057025
131218065631
131218075396
131218084552
131218095660
131218105059
131218116046
131218125018
131218134417
131218146441
131218155047
131218164019
131218179217
131218188921
131218199114
131218208636
131218218401
131218226702
131218235369
131218244341
131218254351
131218263811
131218276140
131218282671
131218295000
131218303911
131218313738
131218322771
131218331621
131218344622
131218353777
131218362566
131218371660
131218381426
131218389543
131218401873
131218408708
131218421953
131218431474
131218441423
131218449968
131218459551
131218470110
131218480119
131218489030
131218499223
131218510210
131218519914
131218528947
131218538530
131218546892
131218556718
131218561723
131218575334
131218584794
131218593583
131218605729
131218615495
131218623735
131218632341
131218646135
131218656327
131218667924
131218675126
131218685685
131218695939
131218705339
131218714860
131218723832
131218735063
131218745744
131218751664
131218760636
131218771134
131218783341
131218793595
131218802506
131218814103
131218824845
131218834794
131218839921
131218850175
131218858842
131218870316
131218879227
131218888932
131218898514
131218909317
131218921280
131218930008
131218938919
131218946671
131218959122
131218968338
131218978226
131218988175
131218997086
131219006119
131219015885
131219027176
131219036087
131219044510
131219055008
131219063614
131219074966
131219082596
131219092667
131219101028
131219113663
131219122940
131219134964
131219144485
131219153519
131219164017
131219173050
131219183243
131219192032
131219203689
131219212906
131219221389
131219234024
131219242019
131219251785
131219259536
131219271987
131219281265
131219291824
131219304763
131219314712
131219325454
131219332656
131219344070
131219353774
131219364944
131219376357
131219384292
131219393752
131219401748
131219413161
131219422378
131219430373
131219440322
131219449904
131219458938
131219468032
131219477553
131219486220
131219495192
131219504165
131219510268
131219521682
131219531081
131219540786
131219549514
131219559096
131219568068
131219577529
131219590102
131219598281
131219607314
131219617446
131219624159
131219635329
131219644423
131219652968
131219662734
131219671156
131219680067
131219690199
131219700209
131219710097
131219723036
131219738295
131219749830
131219769789
131219784132
131219796522
131219811781
131219828077
131219840284
131219852491
131219863478
131219875563
131219891127
131219902723
131219913343
131219929823
131219938673
131219948438
131219957594
131219965162
131219976881
131219985181
131219994276
131220003004
131220012159
131220020460
131220032178
131220039808
131220047742
131220055921
131220065809
131220077405
131220086316
131220095105
131220103956
131220114087
131220122876
131220133741
131220141553
131220149732
131220158643
131220169995
131220178601
131220189221
131220198804
131220208020
131220217725
131220228589
131220237195
131220246533
131220256543
131220265820
131220275769
131220285474
131220295605
131220305188
131220313367
131220323071
131220333264
131220342969
131220351819
131220363904
131220370801
131220382885
131220391125
131220401196
131220409863
131220419629
131220428967
131220442395
131220451306
131220460949
131220469982
131220481945
131220488293
131220500744
131220513195
131220522595
131220531323
131220540417
131220550243
131220559094
131220571484
131220577831
131220590404
131220599071
131220609020
131220618053
131220629406
131220639110
131220647655
131220656627
131220666698
131220675487
131220685497
131220694225
131220704906
131220713695
131220725902
131220735546
131220747875
131220758251
131220764415
131220777477
131220787181
131220795604
131220805187
131220814281
131220823680
131220833812
131220842784
131220855235
131220865001
131220873424
131220882213
131220893932
131220903636
131220912059
131220920604
131220932750
131220942271
131220950572
131220959239
131220970469
131220980662
131220990062
131220999827
131221008799
131221018626
131221028270
131221038462
131221047557
131221056529
131221068431
131221078013
131221086802
131221096568
131221107493
131221117259
131221128672
131221138560
131221148936
131221159495
131221169993
131221177683
131221190379
131221200938
131221212107
131221223032
131221232554
131221243174
131221252695
131221263254
131221273935
131221283640
131221292795
131221303415
131221314829
131221325449
131221334177
131221344675
131221355356
131221366098
131221377207
131221387766
131221396799
131221406870
131221418344
131221426218
131221438608
131221445566
131221459238
131221469858
131221478586
131221487924
131221499216
131221508554
131221518320
131221530405
131221540475
131221549081
131221560739
131221566781
131221579110
131221587655
131221596566
131221606027
131221617563
131221626535
131221635446
131221648080
131221656930
131221666635
131221676950
131221686776
131221697030
131221707467
131221715219
131221723885
131221736031
131221745553
131221753854
131221762521
131221773934
131221784188
131221793771
131221803292
131221813973
131221823556
131221828561
131221842599
131221848092
131221861031
131221871834
131221880318
131221888985
131221901497
131221906563
131221917366
131221928597
131221936898
131221948311
131221957222
131221966622
131221974983
131221983589
131221993538
131222006355
131222015938
131222025643
131222034432
131222044991
131222054817
131222065498
131222075630
131222088020
131222096626
131222105354
131222116035
131222124824
131222135078
131222143867
131222155464
131222164192
131222173225
131222185676
131222194160
131222203499
131222212165
131222224495
131222234382
131222244514
131222254402
131222264472
131222274116
131222284431
131222294013
131222302131
131222311591
131222323127
131222333198
131222343086
131222353584
131222361030
131222370795
131222381843
131222391669
131222396979
131222411994
131222421882
131222432441
131222440803
131222450629
131222460212
131222470588
131222481025
131222492133
131222504462
131222515021
131222524543
131222535102
131222544196
131222553656
131222564276
131222573004
131222581793
131222592536
131222601264
131222612006
131222620612
131222631232
131222642462
131222651190
131222660162
131222669501
131222680914
131222689398
131222698126
131222707953
131222720648
131222729925
131222736700
131222749151
131222761236
131222769842
131222778753
131222787359
131222796270
131222808905
131222815130
131222826056
131222834906
131222845526
131222857733
131222866278
131222875128
131222885137
131222893865
131222904485
131222916265
131222925848
131222938299
131222945196
131222958501
131222968267
131222977911
131222989019
131222998785
131223007757
131223021306
131223030767
131223040410
131223050420
131223060979
131223070318
131223081121
131223092962
131223101079
131223112920
131223123723
131223134648
131223145208
131223154363
131223165166
131223175237
131223185918
131223195439
131223206120
131223216618
131223226933
131223236699
131223247197
131223257939
131223264348
131223276982
131223286626
131223297490
131223307378
131223319768
131223329350
131223339604
131223349186
131223358891
131223368107
131223378727
131223392338
131223401921
131223412053
131223422123
131223431523
131223442204
131223452946
131223463688
131223476261
131223485844
131223494633
131223508122
131223515324
131223528813
131223536320
131223546879
131223558781
131223569645
131223579044
131223589786
131223601078
131223609196
131223620243
131223630924
131223641605
131223651981
131223661869
131223672550
131223681766
131223692753
131223704593
131223711246
131223725284
131223732303
131223745426
131223752017
131223765323
131223774906
131223784671
131223796878
131223804202
131223817691
131223827518
131223837466
131223847476
131223858585
131223868289
131223880313
131223890201
131223899722
131223911197
131223928409
131223940372
131223954165
131223966433
131223984561
131223998416
