184602188000
184602193860
184602198010
184602202893
184602208447
184602212353
184602216748
184602220898
184602225293
184602229321
184602234143
184602239148
184602244274
184602247631
184602251416
184602255627
184602260205
184602263684
184602268627
184602273571
184602276989
184602280895
184602284069
184602288952
184602292614
184602300060
184602304333
184602309460
184602314098
184602319409
184602323681
184602328625
184602334057
184602337963
184602341991
184602346447
184602350597
184602354687
184602358776
184602362926
184602367199
184602370861
184602375561
184602379772
184602383739
184602388073
184602391796
184602397228
184602401073
184602405407
184602410351
184602415233
184602419445
184602423290
184602426891
184602432140
184602436352
184602440563
184602444652
184602448620
184602453075
184602457042
184602460949
184602466076
184602470348
184602474865
184602478100
184602482250
184602490184
184602494884
184602500133
184602505626
184602509288
184602513805
184602519176
184602524181
184602527660
184602533824
184602538646
184602543468
184602547191
184602551830
184602555309
184602560070
184602565624
184602571056
184602574840
184602578563
184602583202
184602586193
184602590831
184602594493
184602600047
184602604076
184602608348
184602612132
184602615550
184602620860
184602623851
184602630565
184602634715
184602638561
184602642772
184602646434
184602650401
184602655162
184602658397
184602663463
184602666881
184602671764
184602675243
184602679637
184602683726
184602687083
184602693004
184602697459
184602701366
184602706737
184602710521
184602714549
184602719310
184602722911
184602727672
184602731212
184602735850
184602739268
184602743724
184602747508
184602752208
184602757823
184602761546
184602766490
184602771922
184602775767
184602779735
184602784129
184602789195
184602794200
184602798228
184602803050
184602806956
184602811778
184602816966
184602820994
184602825206
184602830699
184602836741
184602841746
184602845835
184602850413
184602855601
184602859324
184602864512
184602870188
184602875559
184602879588
184602884043
184602889170
184602893260
184602898081
184602902049
184602905955
184602911814
184602916575
184602921702
184602926219
184602930247
184602934275
184602939463
184602945200
184602950816
184602955027
184602959055
184602963938
184602967966
184602972788
184602977000
184602981638
184602987009
184602991465
184602996775
184603000986
184603005015
184603009531
184603014780
184603019846
184603025522
184603029795
184603034983
184603038584
184603043833
184603047739
184603053049
184603057932
184603062082
184603066965
184603072275
184603077341
184603080759
184603084971
184603090281
184603098459
184603102488
184603106882
184603110849
184603115732
184603120981
184603124948
184603130625
184603136545
184603141184
184603145700
184603149240
184603153635
184603159128
184603162973
184603168588
184603173960
184603177988
184603181833
184603187082
184603191049
184603196481
184603200998
184603204477
184603211801
184603216867
184603221323
184603225412
184603229807
184603233408
184603238901
184603242197
184603247812
184603254160
184603257028
184603262582
184603265756
184603271127
184603275766
184603281015
184603286691
184603291147
184603295541
184603299203
184603304452
184603308298
184603312936
184603318124
184603322824
184603328866
184603333444
184603337350
184603341867
184603346811
184603351327
184603354989
184603362680
184603367013
184603371469
184603376413
184603380746
184603384408
184603388864
184603392953
184603400460
184603403329
184603408517
184603414132
184603418527
184603422067
184603426522
184603430551
184603436593
184603442636
184603447152
184603450631
184603454537
184603459664
184603465035
184603468576
184603477242
184603481210
184603485787
184603489449
184603495797
184603500070
184603504647
184603508126
184603513497
184603519113
184603522042
184603527779
184603532296
184603535897
184603541085
184603546151
184603551827
184603556466
184603561105
184603564828
184603569344
184603574471
184603578072
184603582772
184603590279
184603593209
184603600045
184603603707
184603608651
184603612435
184603616952
184603621102
184603628853
184603633309
184603637887
184603643929
184603648385
184603652535
184603657113
184603660775
184603665474
184603671883
184603676949
184603681038
184603687142
184603691414
184603695931
184603700264
184603705269
184603711312
184603714486
184603719918
184603723763
184603729012
184603733040
184603737374
184603742745
184603748238
184603752266
184603756783
184603761177
184603766487
184603770394
184603776253
184603780647
184603785347
184603789803
184603794686
184603799019
184603803902
184603808663
184603813301
184603817330
184603823616
184603828865
184603833992
184603838203
184603842781
184603847603
184603852425
184603856758
184603862007
184603866707
184603871284
184603873909
184603880257
184603884407
184603890388
184603893989
184603901375
184603904121
184603910347
184603913460
184603919868
184603923652
184603928291
184603932503
184603937141
184603942817
184603947456
184603951790
184603956550
184603964485
184603972053
184603980964
184603990669
184603997688
184604007393
184604014167
184604023384
184604030891
184604040535
184604047187
184604055549
184604065254
184604072822
184604081367
184604088508
184604097541
184604103767
184604113532
184604122321
184604129768
184604136237
184604144660
184604151557
184604161872
184604170783
184604177375
184604186835
184604193366
184604196052
184604202521
184604207099
184604211188
184604215522
184604220649
184604223701
184604228766
184604233100
184604236945
184604242194
184604247016
184604250495
184604255378
184604259040
184604263678
184604268805
184604272101
184604276923
184604282599
184604286567
184604291022
184604295234
184604298529
184604302436
184604306403
184604313666
184604317572
184604322699
184604325751
184604331366
184604335700
184604339972
184604345221
184604349494
184604354315
184604358710
184604362616
184604366461
184604370429
184604374152
184604379218
184604384162
184604388739
184604393683
184604398017
184604401801
184604406012
184604408392
184604416449
184604421332
184604425360
184604429572
184604433600
184604438788
184604443243
184604449042
184604453925
184604459418
184604464423
184604469183
184604473334
184604477423
184604482123
184604486273
184604493170
184604496954
184604501715
184604505438
184604510199
184604515997
184604520209
184604525885
184604531561
184604535223
184604540594
184604545294
184604549994
184604554388
184604559027
184604561529
184604570074
184604574469
184604579290
184604584051
184604587286
184604591986
184604596869
184604601934
184604607367
184604612249
184604617743
184604622564
184604627325
184604631475
184604636053
184604639959
184604647406
184604651861
184604656622
184604661260
184604665167
184604670721
184604676153
184604682256
184604687872
184604693426
184604698187
184604702642
184604707830
184604713201
184604717474
184604721685
184604726568
184604731573
184604736089
184604741705
184604746587
184604751531
184604755804
184604760198
184604766485
184604771062
184604775152
184604781499
184604785711
184604790777
184604795598
184604800909
184604806158
184604811284
184604816472
184604821416
184604827032
184604831914
184604835882
184604840825
184604846990
184604852544
184604857671
184604862554
184604866765
184604872075
184604875676
184604880437
184604884404
184604890691
184604894780
184604899419
184604903814
184604908635
184604913823
184604918462
184604921209
184604929082
184604934209
184604938909
184604943364
184604946538
184604950322
184604955937
184604959477
184604966619
184604971318
184604976079
184604980596
184604985234
184604989934
184604995427
184604999577
184605005254
184605010014
184605014287
184605016606
184605022160
184605027715
184605031010
184605035710
184605042851
184605048161
184605051274
184605056889
184605062199
184605066655
184605071904
184605076115
184605082280
184605086308
184605090214
184605095463
184605099736
184605104497
184605109563
184605113652
184605119816
184605124089
184605128117
184605133915
184605138249
184605142644
184605146367
184605151066
184605155461
184605161564
184605165654
184605170292
184605174504
184605179814
184605184514
184605189091
184605193669
184605200749
184605205143
184605209904
184605214238
184605219303
184605224552
184605229496
184605234318
184605239384
184605243534
184605249394
184605253971
184605258244
184605262516
184605266422
184605271794
184605276005
184605280705
184605284550
184605289677
184605293766
184605297428
184605302738
184605307072
184605312809
184605316044
184605321537
184605326237
184605330570
184605334782
184605339664
184605344120
184605350407
184605354435
184605360661
184605364628
184605369205
184605372623
184605378422
184605382389
184605389164
184605393619
184605398868
184605403385
184605408878
184605412845
184605417667
184605420292
184605426578
184605431766
184605436344
184605439152
184605445926
184605448551
184605455875
184605460819
184605466800
184605471073
184605475711
184605479496
184605484195
184605488590
184605493168
184605497684
184605502933
184605509098
184605513248
184605519046
184605523502
184605528568
184605531620
184605537357
184605543277
184605547733
184605553287
184605557559
184605562320
184605567081
184605570926
184605576297
184605580631
184605584720
184605589725
184605593997
184605597843
184605604251
184605608341
184605612979
184605617740
184605623904
184605627078
184605633182
184605636539
184605642886
184605646426
184605653018
184605658450
184605663211
184605667789
184605673892
184605677737
184605683414
184605687381
184605692020
184605696841
184605703311
184605707278
184605713565
184605717227
184605722964
184605727115
184605732181
184605736209
184605743228
184605747256
184605752383
184605757937
184605761905
184605766177
184605770450
184605774417
184605780825
184605785464
184605790347
184605794802
184605800113
184605803897
184605809451
184605814639
184605820681
184605824710
184605829898
184605834048
184605837893
184605842349
184605846621
184605851504
184605856997
184605861819
184605866030
184605870974
184605875125
184605879275
184605884158
184605890139
184605896731
184605901248
184605905825
184605910952
184605915530
184605919497
184605923892
184605929507
184605934023
184605938052
184605943606
184605948367
184605952883
184605957583
184605961916
184605965395
184605971377
184605974917
184605981203
184605984865
184605990114
184605993166
184605998476
184606003054
184606007204
184606012331
184606016848
184606021548
184606026735
184606030825
184606036013
184606041384
184606046084
184606051394
184606055788
184606060305
184606064577
184606069521
184606074160
184606079470
184606085573
184606091372
184606095888
184606099977
184606110170
184606115541
184606124758
184606133608
184606145632
184606154543
184606162844
184606170778
184606182558
184606190492
184606197572
184606207155
184606216005
184606224489
184606232545
184606239565
184606248109
184606255067
184606260255
184606264833
184606269228
184606274721
184606278810
184606283327
184606287782
184606292360
184606298585
184606302858
184606307741
184606312990
184606317689
184606321962
184606326906
184606332216
184606336793
184606342653
184606347413
184606350770
184606356630
184606362245
184606366884
184606371217
184606377443
184606382081
184606386476
184606388917
184606395021
184606399842
184606404481
184606409730
184606415162
184606419618
184606425050
184606428895
184606433900
184606439759
184606444581
184606449525
184606455018
184606460084
184606465333
184606470765
184606476136
184606481324
184606486817
184606492127
184606497865
184606502564
184606507569
184606512391
184606518494
184606523438
184606529298
184606534425
184606540589
184606546021
184606553529
184606557679
184606563050
184606567872
184606573426
184606578431
184606583192
184606590211
184606595460
184606600159
184606605103
184606611085
184606616944
184606622376
184606626099
184606633423
184606638184
184606643738
184606648560
184606654053
184606659058
184606664673
184606668885
184606675965
184606681336
184606686463
184606691285
184606698975
184606702881
184606709229
184606713013
184606720215
184606725098
184606731018
184606735718
184606740174
184606745667
184606750183
184606757508
184606763001
184606768311
184606772827
184606779297
184606783508
184606788513
184606792664
184606801697
184606806824
184606812256
184606817017
184606824402
184606828430
184606834167
184606839417
184606845520
184606851196
184606856018
184606861145
184606866455
184606871155
184606874939
184606883850
184606888977
184606895508
184606900268
184606905334
184606911194
184606915710
184606921081
184606926269
184606931274
184606937134
184606941711
184606945984
184606950500
184606954590
184606962585
184606968322
184606973388
184606977417
184606982544
184606987671
184606992797
184606999450
184607004394
184607010315
184607015258
184607020996
184607028015
184607033325
184607037536
184607043640
184607049926
184607055053
184607059692
184607064453
184607069518
184607074279
184607079101
184607085876
184607091491
184607096313
184607100829
184607106628
184607111266
184607117126
184607122375
184607127807
184607135070
184607137756
184607144530
184607149902
184607155028
184607159911
184607167541
184607172668
184607178954
184607183044
184607187804
184607192626
184607197387
184607203063
184607209289
184607213622
184607219665
184607224303
184607230468
184607235717
184607240233
184607246154
184607251830
184607257140
184607262999
184607268004
184607273619
184607278685
184607282531
184607289305
184607295226
184607300109
184607305053
184607310912
184607315856
184607320433
184607327513
184607333190
184607338622
184607343321
184607348998
184607354064
184607360106
184607366026
184607372252
184607377013
184607382445
184607386473
184607392760
184607396788
184607402098
184607408324
184607413390
184607418211
184607424437
184607429198
184607434691
184607439574
184607443602
184607448912
184607454161
184607460753
184607466490
184607471861
184607477659
184607481566
184607487242
184607492613
184607496702
184607504454
184607509764
184607513426
184607519652
184607524717
184607529600
184607534727
184607539671
184607544310
184607552183
184607556456
184607561949
184607568174
184607572203
184607577269
184607582640
184607586912
184607594358
184607600096
184607605162
184607610411
184607613951
184607618772
184607624388
184607630674
184607635313
184607642027
184607647215
184607652159
184607657530
184607662473
184607667600
184607673460
184607678831
184607683958
184607689573
184607695066
184607700803
184607706052
184607710325
184607715330
184607720884
184607725217
184607729063
184607735654
184607738706
184607746763
184607752256
184607758237
184607764768
184607770750
184607775510
184607781187
184607787778
184607791868
184607797239
184607803708
184607808896
184607814695
184607820859
184607826536
184607829404
184607836484
184607840696
184607846128
184607850889
184607857297
184607863828
184607869199
184607874204
184607879758
184607885984
184607890927
184607895810
184607901853
184607908383
184607913633
184607918698
184607924375
184607929380
184607933652
184607939145
184607945188
184607950986
184607955808
184607961850
184607967893
184607973386
184607978391
184607983884
184607988522
184607994260
184608000668
184608006406
184608011044
184608016171
184608020871
184608025998
184608032224
184608037656
184608042905
184608047360
184608051572
184608057614
184608061825
184608065854
184608071164
184608076779
184608082883
184608087094
184608092953
184608097104
184608103634
184608108090
184608114804
184608121335
184608126828
184608132199
184608137326
184608141903
184608147091
184608152707
184608159848
184608163937
184608169796
184608175778
184608179928
184608185971
184608189755
184608197445
184608203244
184608209286
184608213375
184608218502
184608224423
184608229550
184608234249
184608240902
184608247555
184608252987
184608258297
184608262936
184608267697
184608273434
184608278317
184608284359
184608289852
184608295345
184608300411
184608305965
184608309933
184608315670
184608321285
184608326839
184608332577
184608337337
184608342586
184608347347
184608352779
184608363949
184608374935
184608383663
184608390987
184608402645
184608410946
184608421139
184608430050
184608438045
184608447200
184608454281
184608461971
184608471187
184608478206
184608485042
184608493038
184608502742
184608509639
184608513851
184608518367
184608523433
184608527828
184608533260
184608537837
184608543086
184608547725
184608552181
184608556636
184608560909
184608566585
184608571285
184608577510
184608583553
184608587703
184608592647
184608596980
184608601070
184608606868
184608611629
184608616756
184608620845
184608626826
184608631282
184608636287
184608640926
184608646053
184608651912
184608657222
184608662044
184608666865
184608671443
184608676082
184608680659
184608685115
184608689693
184608694636
184608699275
184608704402
184608709224
184608714045
184608718989
184608724544
184608729609
184608735164
184608742000
184608746638
184608752559
184608757075
184608761836
184608769099
184608775935
184608781245
184608785212
184608789973
184608796260
184608801142
184608806147
184608811457
184608817012
184608822871
184608825740
184608832270
184608837580
184608843440
184608848811
184608855952
184608861384
184608867060
184608871943
184608876826
184608881770
184608886347
184608893366
184608898676
184608904475
184608910090
184608914668
184608919978
184608925166
184608931696
184608939265
184608944819
184608950190
184608955622
184608959956
184608964533
184608970820
184608976069
184608981196
184608987299
184608992243
184608998224
184609003351
184609008417
184609013483
184609019587
184609024714
184609030878
184609035700
184609040033
184609045405
184609050959
184609056452
184609061457
184609066584
184609071039
184609075983
184609081415
184609085077
184609090692
184609095697
184609098322
184609106440
184609109247
184609115412
184609119501
184609125360
184609129267
184609134149
184609139826
184609145197
184609149652
184609155268
184609160883
184609164850
184609170709
184609176080
184609180597
184609185907
184609190668
184609195978
184609200494
184609206110
184609210565
184609214594
184609220636
184609224420
184609232782
184609236993
184609241937
184609246088
184609251092
184609256769
184609261652
184609264337
184609271356
184609275567
184609281488
184609286859
184609290277
184609295282
184609301141
184609305902
184609311029
184609316156
184609321344
184609326166
184609332208
184609336786
184609340631
184609345880
184609351800
184609359002
184609363214
184609369134
184609373590
184609379266
184609383477
184609388543
184609393243
184609399224
184609402459
184609409173
184609414422
184609417840
184609423944
184609428582
184609433160
184609439263
184609445550
184609451226
184609456475
184609462335
184609468499
184609474175
184609478570
184609485772
184609489983
184609494988
184609500237
184609504754
184609511224
184609514642
184609519341
184609527825
184609532647
184609537591
184609541924
184609546136
184609552544
184609557488
184609562371
184609567742
184609573785
184609578057
184609582696
184609587029
184609592949
184609597954
184609602959
184609607598
184609615838
184609619744
184609626519
184609630791
184609638482
184609643242
184609649041
184609655816
184609660942
184609666130
184609669976
184609675225
184609680291
184609684990
184609690483
184609695366
184609699089
184609705071
184609710442
184609715203
184609720146
184609725701
184609730400
184609735039
184609740105
184609746025
184609751213
184609756951
184609761528
184609766655
184609770622
184609775749
184609780754
184609786369
184609791130
184609796440
184609801567
184609806633
184609811272
184609814446
184609820671
184609827080
184609832085
184609837334
184609842155
184609847221
184609852165
184609856865
184609862236
184609867241
184609874748
184609879082
184609885124
184609888847
184609895378
184609899284
184609905021
184609910454
184609916191
184609922233
184609925773
184609932365
184609935783
184609942924
184609947441
184609952140
184609957145
184609962761
184609967949
184609972587
184609977226
184609983146
184609987968
184609993156
184609998344
184610003898
184610009330
184610013969
184610017692
184610023246
184610027580
184610032768
184610037040
184610042777
184610048210
184610053642
184610058097
184610062980
184610068473
184610073783
184610078483
184610083122
184610089408
184610093742
184610099906
184610103935
184610109245
184610114249
184610119621
184610125236
184610131156
184610136893
184610140983
184610146293
184610151847
184610157279
184610162528
184610166862
184610174552
184610179862
184610185355
184610188102
184610193656
184610199454
184610203116
184610209464
184610215018
184610219840
184610225516
184610230155
184610235282
184610240653
184610245170
184610250296
184610254264
184610261100
184610265555
184610271415
184610275931
184610280997
184610286124
184610291800
184610296622
184610302787
184610307425
184610312552
184610316764
184610322135
184610327323
184610331778
184610336539
184610341422
184610346854
184610352408
184610357474
184610362052
184610367728
184610372427
184610377493
184610382071
184610389151
184610393729
184610398978
184610403616
184610408682
184610413077
184610418387
184610424124
184610430411
184610433401
184610441031
184610445669
184610450735
184610454886
184610460379
184610465262
184610470694
184610477164
184610480887
184610487356
184610490774
184610495962
184610502066
184610505911
184610513174
184610519705
184610524466
184610531607
184610535879
184610541250
184610546316
184610551748
184610556082
184610562918
184610567495
184610574270
184610578604
184610584341
184610589468
184610595632
184610600698
184610607473
184610612539
184610618399
184610628530
184610636099
184610643667
184610650503
184610661733
184610670339
184610680898
184610692007
184610702688
184610711233
184610719228
184610730581
184610738821
184610747854
184610755544
184610762441
184610773305
184610775808
184610781667
184610785390
184610791860
184610796743
184610801931
184610807180
184610811818
184610817067
184610821950
184610827932
184610832143
184610837453
184610843435
184610847707
184610852041
184610857045
184610862844
184610866811
184610872304
184610876271
184610881581
184610886342
184610891103
184610895986
184610901357
184610907155
184610911855
184610916555
184610922536
184610926869
184610931935
184610939626
184610945363
184610950856
184610953786
184610959218
184610964467
184610970448
184610975514
184610980824
184610987843
184610992909
184610997487
184611003774
184611007619
184611013844
184611018666
184611023488
184611030324
184611034291
184611039296
184611045338
184611050038
184611055165
184611061207
184611066579
184611072499
184611077443
184611082753
184611087758
184611092274
184611097645
184611102406
184611109547
184611114857
184611120900
184611125416
184611131581
184611135853
184611140675
184611147145
184611152577
184611157521
184611162892
184611168446
184611174000
184611178883
184611183766
184611189686
184611195057
184611199513
184611205433
184611210560
184611216175
184611220997
184611226429
184611231007
184611237782
184611242603
184611248829
184611253407
184611259449
184611264454
184611269154
184611274342
184611280323
184611285572
184611290577
184611295582
184611300159
184611305347
184611308216
184611316883
184611320118
184611326832
184611331104
184611336780
184611341480
184611346668
184611351246
184611357105
184611362049
184611367847
184611373035
184611378040
184611382923
184611389149
184611393848
184611400501
184611405933
184611411182
184611415882
184611422535
184611426746
184611430591
184611436695
184611441822
184611447376
184611452991
184611458423
184611464527
184611470081
184611474903
184611481617
184611487659
184611491687
184611496387
184611502124
184611507129
184611511646
184611516162
184611521900
184611527637
184611533740
184611538257
184611543933
184611547290
184611553394
184611558154
184611562793
184611567371
184611573901
184611578906
184611583606
184611588062
184611593005
184611597644
184611602588
184611607959
184611615222
184611620715
184611626086
184611631152
184611636157
184611640735
184611645618
184611649463
184611657703
184611663135
184611667956
184611670703
184611678638
184611682544
184611687304
184611691943
184611699206
184611703235
184611708728
184611713122
184611717761
184611723498
184611727160
184611733508
184611737170
184611743457
184611748339
184611752917
184611757251
184611763232
184611767688
184611772570
184611777514
184611782641
184611788195
184611793200
184611798083
184611802966
184611807482
184611812426
184611816760
184611823779
184611828539
184611834826
184611840563
184611845385
184611851489
184611858141
184611863207
184611868090
184611872485
184611879504
184611883410
184611890795
184611895068
184611900744
184611906542
184611913500
184611916430
184611923510
184611927721
184611932726
184611936755
184611942919
184611946703
184611954088
184611959276
184611964159
184611968737
184611973681
184611977709
184611982531
184611988207
184611993212
184611999804
184612004992
184612009508
184612015856
184612020311
184612025805
184612030260
184612034594
184612040880
184612045214
184612050158
184612055223
184612059801
184612065050
184612070055
184612074205
184612079515
184612085253
184612090319
184612095140
184612100084
184612104601
184612109606
184612114244
184612121019
184612125719
184612130724
184612134569
184612140123
184612144457
184612149523
184612154100
184612158983
184612164903
184612171800
184612175035
184612181932
184612186205
184612194322
184612199266
184612205309
184612209947
184612214891
184612219774
184612224657
184612229478
184612234666
184612238451
184612244859
184612248888
184612253343
184612259141
184612263719
184612268175
184612273179
184612278856
184612284776
184612291063
184612295335
184612301072
184612305589
184612310167
184612314622
184612319566
184612324876
184612331346
184612335130
184612341233
184612344896
184612349839
184612355272
184612360276
184612362840
184612371202
184612375840
184612380784
184612385362
184612390306
184612395921
184612398912
184612403306
184612411119
184612413865
184612420396
184612425584
184612430589
184612434556
184612440354
184612444383
184612449693
184612454575
184612460191
184612464951
184612470750
184612475266
184612479234
184612484116
184612490769
184612495530
184612501145
184612505601
184612509568
184612515794
184612520188
184612525071
184612530137
184612535142
184612540574
184612545335
184612549485
184612554368
184612559128
184612564011
184612569443
184612576096
184612580735
184612585862
184612590989
184612595933
184612599961
184612604294
184612610642
184612616440
184612623032
184612626755
184612630784
184612637009
184612641037
184612646958
184612650925
184612656601
184612663926
184612667099
184612672959
184612676926
184612682663
184612686997
184612692795
184612697190
184612703049
184612708115
184612712692
184612717575
184612723129
184612728073
184612733139
184612738571
184612743393
184612748642
184612754257
184612757919
184612764084
184612768112
184612773056
184612778976
184612783615
184612789597
184612794479
184612799545
184612804367
184612809250
184612814316
184612819443
184612824692
184612830246
184612835617
184612841110
184612847031
184612856186
184612863510
184612870590
184612881759
184612892318
184612900558
184612911178
184612923874
184612933883
184612942855
184612952987
184612961715
184612973068
184612981246
184612987594
184613000167
184613006454
184613011581
184613016952
184613021652
184613026901
184613031295
184613035812
184613041610
184613046127
184613051864
184613056686
184613061446
184613066146
184613072006
184613076400
184613082198
184613087630
184613092086
184613097335
184613103194
184613107894
184613112350
184613117904
184613122298
184613127914
184613133529
184613138290
184613142867
184613147506
184613153487
184613158980
184613164413
184613169417
184613174727
184613179793
184613185409
184613191451
184613196883
184613201888
184613207259
184613212447
184613218551
184613224654
184613230086
184613232894
184613239730
184613246077
184613249556
184613254500
184613262069
184613266402
184613271346
184613277571
184613282942
184613287825
184613293318
184613298201
184613303511
184613311141
184613316512
184613321700
184613327376
184613332076
184613337264
184613342085
184613349715
184613354109
184613359053
184613365279
184613370406
184613374495
184613380354
184613385725
184613392073
184613396529
184613401656
184613407088
184613413313
184613418623
184613425459
184613429976
184613437239
184613442732
184613449019
184613453718
184613458601
184613464216
184613468733
184613476973
184613482222
184613487654
184613492293
184613499006
184613504133
184613511763
184613516646
184613523848
184613528486
184613536909
184613541487
184613548811
184613554975
184613560713
184613568769
184613573896
184613579267
184613586042
184613590925
184613595564
184613603193
184613608930
184613616194
184613620039
184613626997
184613632612
184613637739
184613643720
184613649214
184613657636
184613663435
184613668989
184613675031
184613680402
184613686628
184613692365
184613698042
184613704328
184613709821
184613715192
184613720991
184613726179
184613733015
184613738264
184613743879
184613748395
184613754987
184613761457
184613766584
184613772199
184613777265
184613784650
184613789167
184613796979
184613801557
184613808088
184613814924
184613820844
184613825666
184613831647
184613837506
184613843000
184613848188
184613853742
184613859662
184613864850
184613869428
184613875714
184613882123
184613888593
184613893354
184613898603
184613904767
184613909650
184613916974
184613922223
184613929669
184613933881
184613940839
184613945661
184613952680
184613957623
184613965009
184613969708
184613975324
184613980206
184613985883
184613991620
184613998212
184614002972
184614010602
184614017255
184614023297
184614028424
184614033795
184614039166
184614044903
184614051190
184614058819
184614063885
184614070782
184614074505
184614080731
184614086163
184614090741
184614096173
184614102582
184614108685
184614114178
184614119183
184614123883
184614128949
184614134747
184614139996
184614147198
184614151959
184614156048
184614162396
184614167706
184614172955
184614179425
184614184735
184614190045
184614196636
184614202008
184614204998
184614212506
184614219097
184614225018
184614230572
184614236004
184614242291
184614248699
184614254192
184614259564
184614265484
184614272137
184614277020
184614283306
184614287640
184614293682
184614299419
184614304607
184614311199
184614316814
184614321636
184614325237
184614330974
184614335918
184614340191
184614347576
184614353130
184614358013
184614362530
184614367412
184614372051
184614378399
184614382610
184614390423
184614395061
184614401165
184614405254
184614410991
184614416057
184614420696
184614426494
184614433147
184614438335
184614443096
184614448345
184614455486
184614459026
184614465801
184614471843
184614478130
184614483806
184614488506
184614494060
184614498027
184614502849
184614509136
184614514324
184614519023
184614524516
184614529765
184614535381
184614541423
184614547038
184614552654
184614558330
184614562907
184614568095
184614573894
184614579143
184614584331
184614589641
184614595256
184614601482
184614606670
184614612102
184614616496
184614623759
184614627177
184614633342
184614637858
184614645976
184614650737
184614655498
184614660869
184614665874
184614671733
184614676555
184614683146
184614689311
184614694194
184614698893
184614704692
184614709819
184614716655
184614722575
184614728190
184614733012
184614738444
184614743571
184614749186
184614754679
184614759989
184614765361
184614772196
184614774821
184614782450
184614786540
184614791667
184614796855
184614801615
184614805705
184614812419
184614818766
184614824076
184614830790
184614835429
184614842143
184614848124
184614852396
184614858378
184614863688
184614869242
184614874369
184614879862
184614885050
184614890482
184614895975
184614902750
184614907877
184614913126
184614918070
184614922526
184614928812
184614933817
184614940348
184614946207
184614952616
184614957621
184614963297
184614968363
184614974222
184614980082
184614984781
184614991495
184614996439
184615001261
184615006327
184615012613
184615017374
184615023844
184615028299
184615036173
184615041300
184615045511
184615050638
184615057108
184615063517
184615069376
184615075357
184615080667
184615085855
184615090860
184615095926
184615100565
184615107096
184615113138
184615118448
184615122965
184615128092
184615133280
184615137735
184615148355
184615155130
184615162454
184615173013
184615181863
184615190836
184615200906
