146495844635
146495854156
146495866058
146495873504
146495882965
146495893280
146495902069
146495908599
146495918609
146495925262
146495934844
146495942657
146495951507
146495961334
146495968047
146495975860
146495983733
146495993804
146496003204
146496011016
146496018707
146496028899
146496036407
146496045684
146496054107
146496062957
146496070525
146496078765
146496088225
146496096770
146496105193
146496114654
146496123565
146496132171
146496142669
146496151152
146496159392
146496169280
146496177520
146496186675
146496194609
146496205046
146496213347
146496222319
146496230864
146496239409
146496248076
146496258208
146496266753
146496276274
146496284758
146496292632
146496301115
146496309843
146496318327
146496329008
146496334441
146496346342
146496351836
146496363310
146496371550
146496379118
146496386687
146496397856
146496407805
146496416777
146496427946
146496437468
146496445585
146496453642
146496462919
146496471220
146496482634
146496491972
146496499662
146496507963
146496518461
146496526640
146496538725
146496548063
146496556730
146496565763
146496578336
146496588285
146496598173
146496608183
146496616178
146496624906
146496637723
146496647794
146496658842
146496668973
146496678861
146496688810
146496699369
146496709012
146496718595
146496728788
146496738004
146496747648
146496756253
146496766446
146496775968
146496785855
146496795377
146496805387
146496815152
146496824491
146496834317
146496843350
146496852689
146496861722
146496873502
146496883206
146496891507
146496901273
146496910062
146496920438
146496929593
146496939664
146496948331
146496957913
146496968289
146496977566
146496986600
146496995755
146497003811
146497013089
146497021878
146497032864
146497044095
146497053372
146497060818
146497070095
146497078823
146497087918
146497099575
146497109341
146497117092
146497126065
146497135037
146497144131
146497154141
146497163723
146497173245
146497183132
146497193508
146497202297
146497210903
146497220058
146497227627
146497240322
146497247463
146497256435
146497268154
146497274135
146497282863
146497292019
146497301784
146497311123
146497320705
146497330837
146497339870
146497349086
146497357692
146497367031
146497378200
146497387416
146497394741
146497404933
146497413539
146497423000
146497432949
146497442287
146497451808
146497458827
146497467738
146497478908
146497490382
146497497157
146497508693
146497518031
146497525356
146497533961
146497544459
146497554408
146497562465
146497571071
146497580531
146497589808
146497597133
146497608851
146497619166
146497629054
146497638514
146497650599
146497658900
146497670375
146497679591
146497690272
146497699671
146497708644
146497717982
146497727564
146497733302
146497744959
146497753199
146497759120
146497775599
146497783961
146497793055
146497802027
146497811488
146497822291
146497832667
146497845362
146497851771
146497863428
146497869532
146497878748
146497890650
146497898035
146497907435
146497918482
146497928675
146497937281
146497946375
146497956079
146497965418
146497974512
146497983850
146497996363
146498002588
146498014002
146498019739
146498032129
146498041101
146498051111
146498056848
146498071619
146498080103
146498087793
146498098230
146498105981
146498115442
146498124597
146498135217
146498144617
146498155237
146498165063
146498173120
146498182275
146498193262
146498203027
146498210351
146498222558
146498231225
146498240991
146498248986
146498258447
146498269128
146498279260
146498290002
146498297875
146498308984
146498318261
146498326135
146498335168
146498344995
146498351891
146498361535
146498371606
146498382104
146498391442
146498398888
146498410363
146498420556
146498430199
146498439355
146498448815
146498457421
146498467370
146498477685
146498487938
146498495629
146498504723
146498515343
146498524254
146498533959
146498543847
146498552269
146498563744
146498571129
146498580407
146498592125
146498601342
146498612511
146498618675
146498627831
146498639000
146498646507
146498654808
146498667259
146498677452
146498683373
146498694725
146498703392
146498712486
146498721031
146498730736
146498739342
146498751854
146498760460
146498770286
146498779991
146498788170
146498798607
146498808738
146498818260
146498826255
146498837303
146498845298
146498854942
146498862999
146498872642
146498882286
146498893272
146498902793
146498913963
146498923118
146498930564
146498939536
146498949607
146498959190
146498969444
146498979331
146498987510
146498996177
146499005820
146499014304
146499021751
146499032798
146499040366
146499049827
146499057761
146499067283
146499077781
146499086020
146499097800
146499106345
146499114341
146499122764
146499129905
146499139182
146499146323
146499157187
146499165976
146499176535
146499185141
146499192404
146499200766
146499210654
146499218955
146499228232
146499237570
146499248923
146499254660
146499266867
146499272849
146499285971
146499291708
146499304831
146499316672
146499325400
146499334189
146499345663
146499354330
146499364828
146499378317
146499384176
146499395407
146499409506
146499420858
146499438314
146499452169
146499465963
146499478353
146499492453
146499504537
146499517294
146499527792
146499539083
146499550070
146499562277
146499573812
146499583456
146499597677
146499608297
146499621725
146499632650
146499649129
146499659505
146499671285
146499682943
146499697957
146499712850
146499723165
146499735799
146499748189
146499757466
146499768209
146499776265
146499785482
146499793843
146499806233
146499814168
146499824727
146499832479
146499839986
146499849263
146499859700
146499868794
146499877400
146499886189
146499894429
146499903340
146499911641
146499920308
146499928120
146499936848
146499943989
146499952534
146499960225
146499969014
146499977009
146499983845
146499993977
146500001729
146500011006
146500017781
146500028096
146500035908
146500044209
146500052082
146500061970
146500071369
146500079792
146500086811
146500094624
146500103352
146500111408
146500120014
146500132282
146500137654
146500146870
146500157063
146500163960
146500172138
146500179035
146500189106
146500197224
146500206013
146500213947
146500223835
146500232380
146500240009
146500248737
146500260883
146500270405
146500278156
146500287189
146500296467
146500302509
146500310749
146500320575
146500330829
146500337848
146500349933
146500360797
146500369159
146500375812
146500384601
146500394794
146500405597
146500416034
146500424213
146500434345
146500444354
146500454303
146500463336
146500472675
146500485553
146500491534
146500505572
146500515216
146500524127
146500535113
146500544086
146500553302
146500561420
146500571612
146500583941
146500590594
146500603290
146500612567
146500620684
146500630816
146500641986
146500652179
146500661395
146500671649
146500681170
146500691302
146500701678
146500711016
146500720904
146500730425
146500739642
146500749774
146500758502
146500768511
146500776812
146500786822
146500798174
146500807818
146500815691
146500825091
146500835528
146500844927
146500852556
146500861834
146500873430
146500882952
146500893572
146500903765
146500912798
146500922686
146500932879
146500942522
146500950457
146500960100
146500970842
146500980059
146500988054
146500997331
146501007891
146501017168
146501026750
146501035906
146501044634
146501054094
146501066423
146501072771
146501085283
146501091325
146501105058
146501111040
146501123918
146501133195
146501141618
146501152482
146501160722
146501171037
146501179704
146501191850
146501201860
146501211076
146501220964
146501228776
146501237260
146501251176
146501260881
146501271134
146501280412
146501289628
146501299211
146501309098
146501318559
146501329606
146501338944
146501347733
146501359879
146501367509
146501377091
146501386002
146501395524
146501405534
146501417313
146501424882
146501433793
146501441605
146501451981
146501463456
146501472733
146501480973
146501491166
146501499222
146501510025
146501518021
146501527298
146501536209
146501548294
146501558060
146501567765
146501577347
146501585831
146501594620
146501605179
146501614517
146501623917
146501634354
146501641983
146501650223
146501660477
146501669693
146501677261
146501686234
146501699356
146501708023
146501718155
146501727371
146501736893
146501745743
146501757034
146501767593
146501776077
146501786270
146501793899
146501804886
146501811233
146501822952
146501831314
146501842971
146501853164
146501861282
146501870193
146501879409
146501888565
146501897720
146501906387
146501917129
146501926467
146501934341
146501943130
146501952895
146501961501
146501969863
146501978469
146501987624
146501997268
146502005263
146502013991
146502024917
146502033462
146502040359
146502049575
146502060683
146502073684
146502083144
146502091872
146502100722
146502109755
146502119887
146502129470
146502141494
146502151320
146502162429
146502171340
146502182936
146502189223
146502200270
146502209914
146502217970
146502226698
146502239028
146502248732
146502257521
146502266737
146502275587
146502285231
146502294691
146502304091
146502315871
146502325880
146502334547
146502344679
146502354933
146502364515
146502374708
146502384901
146502394484
146502404738
146502414930
146502424757
146502432936
146502442396
146502452894
146502462477
146502471510
146502481764
146502492811
146502502699
146502511061
146502521497
146502532789
146502543043
146502551710
146502562147
146502571180
146502580518
146502588331
146502598646
146502609388
146502618482
146502626295
146502635023
146502642408
146502651075
146502662183
146502671460
146502679517
146502688428
146502697217
146502706556
146502713941
146502725965
146502737134
146502745557
146502752698
146502761304
146502772229
146502781323
146502789014
146502796948
146502808606
146502814527
146502826489
146502835767
146502843518
146502851453
146502861340
146502870923
146502880078
146502888989
146502896558
146502906140
146502913953
146502924512
146502932995
146502944531
146502953930
146502963757
146502972546
146502979992
146502988659
146502997754
146503006665
146503014599
146503025708
146503034619
146503043286
146503051220
146503058911
146503069104
146503077770
146503088269
146503097729
146503106823
146503115673
146503122753
146503131542
146503142040
146503150646
146503159557
146503168713
146503176281
146503185131
146503194775
146503203564
146503211437
146503220165
146503229992
146503239635
146503248546
146503257702
146503265697
146503274303
146503283153
146503291881
146503302013
146503312328
146503322643
146503328930
146503339672
146503349254
146503356884
146503364879
146503375865
146503384777
146503393566
146503409435
146503421337
146503432567
146503444774
146503459850
146503470348
146503482860
146503498363
146503509959
146503519481
146503535289
146503548472
146503558909
146503573008
146503587108
146503598033
146503611033
146503623240
146503633067
146503641795
146503649913
146503658274
146503667735
146503677317
146503686228
146503695506
146503704600
146503713511
146503722727
146503731150
146503739573
146503748545
146503756663
146503766489
146503774241
146503785838
146503794443
146503803355
146503811961
146503820017
146503829661
146503837961
146503846262
146503856699
146503864878
146503875132
146503883982
146503895762
146503905466
146503914621
146503924509
146503935129
146503944529
146503952097
146503961740
146503972422
146503981882
146503992014
146504001352
146504008920
146504018320
146504028879
146504038339
146504047678
146504057138
146504065805
146504077768
146504085153
146504094369
146504103586
146504112436
146504122079
146504132028
146504142404
146504151925
146504163278
146504169504
146504182687
146504189096
146504202829
146504209481
146504222421
146504232797
146504241891
146504252816
146504261239
146504270944
146504278268
146504287850
146504299996
146504310006
146504322030
146504331551
146504340585
146504349069
146504358651
146504368172
146504377816
146504388009
146504396859
146504406258
146504415719
146504422982
146504432870
146504443001
146504453011
146504463143
146504472481
146504480538
146504489937
146504500130
146504509163
146504518013
146504529305
146504537423
146504546456
146504556710
146504565010
146504571846
146504580513
146504592659
146504601448
146504608772
146504618233
146504625557
146504634041
146504641365
146504653694
146504663094
146504674080
146504682991
146504692085
146504701240
146504709053
146504720283
146504727486
146504736641
146504747017
146504757454
146504768562
146504778816
146504786873
146504797798
146504806526
146504816841
146504828010
146504837471
146504843452
146504855903
146504866157
146504874153
146504884529
146504894721
146504903938
146504911445
146504919624
146504931098
146504940131
146504949836
146504959174
146504967170
146504975898
146504983710
146504991889
146505002143
146505011359
146505023688
146505034064
146505044745
146505054633
146505063849
146505073432
146505082038
146505091315
146505101752
146505111029
146505119635
146505129035
146505137702
146505147895
146505159430
146505170172
146505178595
146505190009
146505199469
146505209723
146505219550
146505229010
146505238348
146505249457
146505259344
146505268439
146505278387
146505286383
146505295538
146505306341
146505316900
146505325201
146505338141
146505346136
146505355292
146505364386
146505373968
146505382391
146505392340
146505406012
146505417181
146505426458
146505436590
146505445867
146505452032
146505462469
146505471563
146505483526
146505489569
146505501959
146505511907
146505520513
146505530889
146505539739
146505550787
146505560247
146505569952
146505581304
146505591680
146505600774
146505610296
146505618535
146505628362
146505640752
146505649785
146505657049
146505666448
146505675725
146505685247
146505694402
146505703618
146505713689
146505724126
146505734685
146505746099
146505754460
146505764104
146505773747
146505785893
146505796025
146505805486
146505812932
146505824956
146505835027
146505844914
146505851628
146505862859
146505871831
146505884709
146505891118
146505900456
146505913273
146505919926
146505933720
146505940312
146505954716
146505964177
146505975102
146505982975
146505994938
146506002934
146506014592
146506023075
146506033024
146506045231
146506056523
146506065434
146506071781
146506086369
146506097355
146506105961
146506116215
146506125126
146506137028
146506146061
146506155705
146506163822
146506170048
146506183292
146506194584
146506202762
146506214542
146506223881
146506232303
146506240665
146506252506
146506258304
146506269901
146506278324
146506284305
146506298954
146506308353
146506318546
146506326114
146506335453
146506346012
146506357547
146506364444
146506376285
146506385257
146506392703
146506405216
146506413394
146506423160
146506431461
146506442081
146506450504
146506462283
146506470584
146506480655
146506489322
146506499209
146506507632
146506517215
146506525393
146506537417
146506545962
146506556521
146506564883
146506575076
146506583987
146506594607
146506602908
146506613650
146506622683
146506632327
146506641848
146506651126
146506660159
146506670230
146506679690
146506689822
146506699832
146506709902
146506721865
146506732119
146506741457
146506751833
146506761294
146506771304
146506780642
146506791079
146506801882
146506811770
146506820437
146506829897
146506838686
146506848086
146506857607
146506867128
146506878237
146506888430
146506897219
146506907717
146506917055
146506927370
146506937319
146506947634
146506955934
146506965639
146506975588
146506985170
146506994509
146507003847
146507015321
146507021669
146507034425
146507044740
146507054262
146507065126
146507075746
146507085268
146507092836
146507101381
146507112062
146507121766
146507132631
146507142824
146507152589
146507162843
146507173097
146507183168
146507193727
146507203859
146507214784
146507221070
146507232423
146507241395
146507253785
146507264039
146507272523
146507282289
146507295411
146507305665
146507314332
146507323670
146507334229
146507343079
146507352723
146507362000
146507373719
146507383179
146507395692
146507404847
146507415345
146507425049
146507444642
146507456727
146507468262
146507479371
146507497193
146507510865
146507526612
146507536866
146507552307
146507563660
146507578247
146507587464
146507599304
146507616760
146507631470
146507645020
146507652222
146507663147
146507672851
146507681518
146507689148
146507699341
146507710693
146507718017
146507726684
146507737365
146507745971
146507754089
146507762695
146507771484
146507783081
146507790649
146507799926
146507807434
146507816040
146507825927
146507835510
146507843261
146507852294
146507863159
146507869872
146507880920
146507888488
146507897277
146507907958
146507916503
146507925597
146507934264
146507943114
146507952087
146507958617
146507968322
146507978515
146507990417
146507997314
146508005981
146508017455
146508023376
146508035399
146508044127
146508054320
146508064147
146508074950
146508084227
146508092467
146508101805
146508109801
146508120238
146508129393
146508138671
146508149474
146508158873
146508166991
146508176207
146508186034
146508195616
146508206847
146508216734
146508225157
146508234129
146508242430
146508251219
146508261412
146508270140
146508278929
146508288634
146508299193
146508304564
146508314512
146508322996
146508333983
146508345091
146508354979
146508365782
146508375792
146508385496
146508394651
146508401915
146508412901
146508420530
146508429930
146508441099
146508450498
146508459776
146508469785
146508477964
146508487303
146508498350
146508509947
146508519651
146508528623
146508535825
146508544859
146508553526
146508562376
146508571287
146508581357
146508590208
146508601743
146508611204
146508619382
146508628354
146508638486
146508647275
146508657224
146508667966
146508679929
146508688230
146508702085
146508708921
146508722409
146508733274
146508742002
146508752011
146508760800
146508769467
146508781735
146508792050
146508801206
146508811398
146508820615
146508829404
146508839536
146508848935
146508857053
146508865659
146508876767
146508885983
146508895199
146508904172
146508912411
146508921933
146508931027
146508939267
146508950436
146508963864
146508974423
146508981503
146508993222
146508999508
146509015011
146509024166
146509035580
146509045468
146509054867
146509062435
146509075253
146509083981
146509093380
146509102047
146509113033
146509121395
146509131588
146509141170
146509151119
146509162472
146509173214
146509182430
146509192623
146509201900
146509212093
146509220821
146509228573
146509241573
146509257808
146509267025
146509277767
146509285396
146509294796
146509305904
146509312679
146509321163
146509332088
146509343807
146509352230
146509362361
146509374385
146509382381
146509391597
146509400264
146509412288
146509419490
146509429012
146509438167
146509448299
146509459468
146509469478
146509478877
146509489192
146509498775
146509508784
146509516963
146509525874
146509537898
146509544001
146509559321
146509566218
146509578425
146509588008
146509596247
146509605647
146509614619
146509624201
146509633906
146509643672
146509654536
146509663203
146509671137
146509679804
146509690058
146509699702
146509709345
146509717158
146509727534
146509737055
146509745295
146509753596
146509765742
146509775080
146509784174
146509790827
146509802851
146509809076
146509820490
146509829340
146509837824
146509846552
146509855646
146509865412
146509875299
146509884638
146509893183
146509901789
146509910944
146509919672
146509928522
146509937799
146509947382
146509953852
146509964411
146509972955
146509979669
146509989191
146509998956
146510009027
146510021600
146510032281
146510041742
146510052911
146510062799
146510072504
146510081842
146510092767
146510102899
146510113519
146510123041
146510130731
146510139276
146510147394
146510159051
146510167657
146510176995
146510185296
146510193780
146510202386
146510210870
146510219232
146510230401
146510238519
146510247735
146510254693
146510265801
146510274041
146510283135
146510292169
146510302728
146510312615
146510322381
146510333306
146510343621
146510351311
146510361199
146510372491
146510382561
146510392876
146510403252
146510412713
146510422295
146510429497
146510438897
146510448906
146510458855
146510468071
146510476860
146510486809
146510496209
146510504509
146510514031
146510525322
146510535332
146510544670
146510554741
146510563225
146510572930
146510583489
146510592766
146510602409
146510612480
146510621086
146510630669
146510641289
146510650871
146510659538
146510669243
146510678703
146510688652
146510697563
146510707023
146510717705
146510727104
146510734672
146510744133
146510752311
146510761650
146510771598
146510780815
146510790397
146510798942
146510807670
146510816215
146510826591
146510835868
146510843864
146510852470
146510862052
146510870597
146510878043
146510886710
146510898795
146510908622
146510916373
146510926505
146510934806
146510940971
146510954764
146510963615
146510972404
146510984061
146510992423
146510999808
146511007438
146511017631
146511026298
146511035697
146511044730
146511052726
146511063834
146511071585
146511080985
146511091239
146511100394
146511108512
146511120658
146511128958
146511138968
146511148245
146511157401
146511166678
146511175528
146511185172
146511195242
146511203970
146511213553
146511224173
146511233389
146511243704
146511249686
146511262259
146511272024
146511282583
146511291189
146511299490
146511310110
146511318045
146511328848
146511337515
146511347342
146511362844
146511374258
146511386709
146511399343
146511412588
146511427297
146511438711
146511454580
146511469595
146511482717
146511495474
146511507009
146511520742
146511532949
146511544607
146511559621
146511570669
146511581716
146511590261
146511598318
146511606984
146511617483
146511627248
146511634633
146511643911
146511654470
146511661855
146511673269
146511680959
146511689138
146511697927
146511706349
146511715139
146511723561
146511732717
146511741139
146511750295
146511758718
146511768483
146511778310
146511786122
146511796315
146511803822
146511814381
146511822987
146511831105
146511842519
146511850880
146511860097
146511869862
146511879140
146511890797
146511900868
146511912770
146511919362
146511932301
146511938954
146511952321
146511963429
146511971669
146511983265
146511992421
146512003163
146512011830
146512022938
146512032643
146512041249
146512051808
146512057911
146512068653
146512077259
146512088856
146512099415
146512108448
146512119373
146512128345
146512139210
146512148121
146512157459
146512165760
146512175831
146512185169
146512194080
146512203541
146512216602
146512225391
146512234485
146512245899
146512252552
146512262500
146512274585
146512282764
146512292102
146512300586
146512312366
146512320789
146512329944
146512337940
146512349475
146512356799
146512366016
146512376087
146512385425
146512396045
146512405383
146512414661
146512424060
146512433215
146512442554
146512453174
146512459338
146512469348
146512479236
146512489490
146512501208
146512509326
146512519336
146512530627
146512539538
146512549060
146512559130
146512569445
146512579516
146512587756
146512597033
146512607592
146512617297
146512627551
146512637560
146512648058
146512657763
146512668810
146512678942
146512686938
146512697009
146512708056
146512717455
146512726855
146512736010
146512743761
146512752917
146512764147
146512773241
146512781176
146512790331
146512801439
146512810717
146512818590
146512828112
146512840197
146512846483
146512860094
146512872484
146512882128
146512892260
146512901720
146512910509
146512920336
146512929308
146512938280
146512952501
146512962938
146512971117
146512980516
146512989671
146512999193
146513009752
146513019029
146513028429
146513038072
146513047960
146513057542
146513066942
146513076646
146513085191
146513094468
146513106248
146513116624
146513125902
146513135850
146513145433
146513155015
146513163560
146513173204
146513182725
146513193040
146513201341
146513211106
146513219895
146513229417
146513238816
146513248155
146513256516
146513266221
146513274705
146513283311
146513293198
146513302476
146513311631
146513321275
146513329514
146513338914
146513349229
146513358018
146513366013
146513374802
146513384263
146513393052
146513401597
146513410141
146513419968
146513430527
146513441147
146513450791
146513462204
146513473862
146513483261
146513493759
146513503037
146513512802
146513521897
146513531540
146513540817
146513549545
146513560349
146513571213
146513580429
146513589523
146513598679
146513606735
146513615646
146513626022
146513634933
146513642990
146513652511
146513661056
146513671921
146513679977
146513688522
146513699081
146513707687
146513717453
146513725937
146513733383
146513742782
146513754013
146513761398
146513773666
146513783920
146513793197
146513803390
146513811813
146513824325
146513834152
146513843490
146513853195
146513863448
146513872787
146513879440
146513887679
146513898360
146513907211
146513916427
146513925338
146513935287
146513944015
146513951583
146513957320
146513969222
146513978255
146513986922
146513996993
146514006392
146514017257
146514025618
146514034530
146514042281
146514053878
146514065596
146514074141
146514083419
146514092147
146514100325
146514110823
146514119185
146514132552
146514142745
146514151961
146514161971
146514170882
146514180403
146514189009
146514199446
146514206953
146514216353
146514228804
146514238692
146514249800
146514256819
146514265852
146514276289
146514286909
146514297651
146514308333
146514317854
146514326704
146514336103
146514345076
146514354841
146514362104
146514371504
146514384565
146514394514
146514402998
146514412702
146514421369
146514429548
146514440229
146514449690
146514460493
146514468916
146514478193
146514486433
146514496687
146514505109
146514514326
146514527509
146514536664
146514544965
146514554975
146514563337
146514573591
146514581769
146514591657
146514600385
146514612653
146514622175
146514630841
146514639142
146514648298
146514656537
146514666059
146514679181
146514688336
146514696515
146514705365
146514714276
146514725873
146514734052
146514746320
146514756207
146514766522
146514775861
146514784589
146514793988
146514804242
146514813458
146514821515
146514831280
146514841595
146514851605
146514861004
146514870099
146514880963
146514891400
146514901288
146514909405
146514921307
146514932293
146514940350
146514949932
146514957989
146514970013
146514979412
146514986553
146514997174
146515006695
146515016522
146515026348
146515034039
146515043499
146515055218
146515065044
146515073772
146515083111
146515090557
146515100506
146515109722
146515120281
146515131023
146515141094
146515149273
146515158672
146515166607
146515175091
146515185894
146515194622
146515206585
146515212688
146515224712
146515232891
146515241497
146515249614
146515258281
146515268779
146515280437
146515288982
146515299541
146515308452
146515318950
146515327434
146515339153
146515351726
146515368205
146515380779
146515394023
146515409282
146515424296
146515438701
146515450297
146515466289
146515478190
146515488505
146515500041
146515511454
146515520915
146515535075
146515548747
146515559733
146515571879
146515582621
146515590556
146515599101
146515609172
146515618083
146515628031
146515637248
146515644328
146515655619
146515662394
146515670939
146515679850
146515688456
146515699015
146515707804
146515715311
146515725565
146515733134
146515744486
146515753153
146515763529
146515772745
146515782145
146515790751
146515800699
146515810404
146515820353
146515830668
146515844461
146515850931
146515863260
146515873575
146515882791
146515888712
146515902078
146515908060
146515922403
146515931253
146515939432
146515949075
146515957254
146515968912
146515974832
146515988199
146515997293
146516006387
146516015115
146516023172
146516032999
146516042947
146516052347
146516060708
146516071145
146516080789
146516089944
146516098550
146516107034
146516114541
146516125589
146516134805
146516143899
146516151529
146516159646
146516169046
146516177407
146516185403
146516193948
146516206277
146516217080
146516224832
146516234963
146516243630
146516251504
146516262429
146516272500
146516282143
146516291116
146516300393
146516309548
146516318764
146516329690
146516339028
146516348000
146516358071
146516368020
146516377236
146516389382
146516397927
146516406411
146516415749
146516428811
146516434792
146516446755
146516456704
146516465126
146516471291
146516485817
146516491677
146516504189
146516514565
146516522926
146516532753
146516540932
146516552895
146516562294
146516571083
146516576576
146516588112
146516598061
146516606972
146516618629
146516626442
146516635902
146516646889
146516656532
146516665932
146516675453
146516685402
146516694862
146516702980
146516712379
146516722145
146516731666
146516739723
146516749244
146516760719
146516769996
146516778663
146516788185
146516798072
146516807594
146516816261
146516826148
146516835059
146516844703
146516855994
146516866187
146516875770
146516886024
146516894996
146516905433
146516914100
146516924232
146516933814
146516943946
146516953528
146516964026
146516973365
146516982459
146516994300
146517004554
146517014685
146517024756
146517034949
146517041358
146517052649
146517061927
146517072669
146517078650
146517089820
146517099402
146517109778
146517119605
146517129126
146517138464
146517146887
146517156165
146517165381
146517174536
146517183813
146517192847
146517202124
146517210974
146517219702
146517228430
146517238928
146517248266
146517257055
146517266333
146517274023
146517282690
146517292578
146517301367
146517308325
146517317175
146517329992
146517339087
146517346838
146517355749
146517362646
146517371252
146517381750
146517390722
146517399633
146517411840
146517419775
146517428930
146517436681
146517447668
146517456823
146517465063
146517476598
146517485693
146517494543
146517501989
146517511205
146517521886
146517531103
146517541418
146517551183
146517561132
146517569494
146517581273
146517590673
146517598974
146517608312
146517617528
146517628270
146517636205
146517645726
146517653966
146517664464
146517673131
146517683080
146517692479
146517703954
146517712193
146517721776
146517729833
146517741551
146517750462
146517758641
146517767918
146517779576
146517789281
146517798436
146517807713
146517817479
146517826817
146517835789
146517844456
146517854466
146517864476
146517875523
146517884129
146517893223
146517902928
146517915684
146517925633
146517934178
146517944004
146517954563
146517960545
146517972508
146517981907
146517990818
146518001316
146518009617
146518021031
146518028904
146518038487
146518046421
146518054844
146518068272
146518076939
146518086033
146518094761
146518102512
146518112888
146518120884
146518133152
146518142856
146518153354
146518162449
146518169834
146518179050
146518189304
146518198398
146518209995
146518219883
146518228428
146518238315
146518247592
146518259067
146518268100
146518278232
146518290195
146518300266
146518309116
146518319736
146518328342
146518339145
146518347446
146518357089
146518366061
146518378268
146518387546
146518395602
146518403842
146518413730
146518422153
146518431735
146518441073
146518453586
146518461764
146518471103
146518479159
146518491610
146518502169
146518512790
146518522738
146518531771
146518541537
146518550204
146518560214
146518572421
146518581820
146518591097
146518597506
146518611178
146518621310
146518629550
146518639864
146518648287
146518657320
146518666659
146518676974
146518687350
146518696688
146518704928
146518717440
146518725558
146518735201
146518744295
146518756869
146518766634
146518776034
146518785311
146518794527
146518803743
146518814669
146518824617
146518833040
146518842440
146518852693
146518861971
146518870394
146518880220
146518890108
146518902803
146518911470
146518921358
146518929903
146518942171
146518950349
146518960359
146518972627
146518984407
146518994295
146519001924
146519010347
146519022432
146519031892
146519041597
146519047700
146519060762
146519070222
146519078401
146519086335
146519096956
146519106721
146519117707
146519128083
146519138276
146519148408
146519158845
146519169099
146519177827
146519188203
146519199189
146519209565
146519218049
146519228303
146519239655
146519249604
146519258942
146519269074
146519280061
146519290314
146519301484
146519314179
146519327546
146519343293
146519355073
146519372407
