156056921294
156056929106
156056937834
156056947783
156056954680
156056964201
156056972563
156056981962
156056985991
156056997526
156057006010
156057013090
156057021330
156057028593
156057037626
156057046354
156057055021
156057063200
156057070646
156057079069
156057086027
156057095182
156057102567
156057111112
156057119840
156057126127
156057135832
156057141752
156057150480
156057162077
156057170805
156057181608
156057190763
156057200590
156057208646
156057217802
156057226530
156057231657
156057246732
156057253507
156057264737
156057272977
156057283109
156057290922
156057301053
156057310819
156057319730
156057328458
156057337552
156057346585
156057354032
156057363797
156057373441
156057383817
156057391202
156057401883
156057409085
156057421353
156057428616
156057441251
156057449490
156057459866
156057468655
156057475491
156057484830
156057494778
156057501187
156057511319
156057519192
156057529446
156057538968
156057547635
156057556729
156057566433
156057574978
156057585110
156057595547
156057603543
156057616055
156057623989
156057633938
156057645108
156057654324
156057662503
156057673489
156057685147
156057692593
156057703152
156057713772
156057721768
156057732510
156057743374
156057749844
156057761623
156057772549
156057780422
156057791592
156057802029
156057811062
156057821621
156057830593
156057841274
156057851406
156057859401
156057869533
156057881069
156057890407
156057898708
156057910061
156057918117
156057924282
156057938869
156057946254
156057957912
156057964199
156057976833
156057986537
156057995754
156058005336
156058014430
156058022670
156058033656
156058041530
156058052516
156058063808
156058074550
156058082484
156058092860
156058103541
156058113429
156058121242
156058131496
156058141933
156058149623
156058160365
156058170619
156058178737
156058189113
156058199550
156058206752
156058218470
156058224818
156058237757
156058243006
156058257960
156058264918
156058276332
156058286341
156058295619
156058304835
156058316004
156058325831
156058336939
156058344508
156058355738
156058366785
156058376978
156058384669
156058395594
156058402125
156058413355
156058420618
156058432032
156058443201
156058454432
156058462732
156058473169
156058484095
156058492029
156058502710
156058510462
156058520899
156058532679
156058540125
156058551660
156058559961
156058571741
156058579431
156058591089
156058598779
156058612879
156058621240
156058631738
156058643701
156058651514
156058662683
156058672876
156058681604
156058691858
156058702478
156058712793
156058722803
156058732995
156058742700
156058750390
156058761865
156058773767
156058783349
156058793115
156058802270
156058808068
156058820459
156058828881
156058838342
156058848352
156058858789
156058870019
156058878991
156058886865
156058898400
156058906518
156058918176
156058926049
156058937096
156058945031
156058957055
156058965051
156058976220
156058984277
156058996667
156059004479
156059016503
156059024621
156059035363
156059045922
156059056542
156059064782
156059076256
156059084374
156059095055
156059105492
156059113793
156059124474
156059132592
156059143273
156059154625
156059162865
156059171288
156059182701
156059193566
156059201805
156059209007
156059220787
156059231835
156059242394
156059252708
156059260643
156059266808
156059280418
156059291405
156059299339
156059308861
156059320885
156059328270
156059340111
156059350548
156059359520
156059369285
156059380943
156059386253
156059400413
156059410545
156059419578
156059428978
156059438316
156059446495
156059457664
156059465538
156059476951
156059485313
156059497093
156059507774
156059517600
156059525779
156059538657
156059546409
156059556052
156059566917
156059578574
156059586631
156059597434
156059605247
156059617637
156059625632
156059634788
156059645530
156059656577
156059667197
156059677085
156059685202
156059695945
156059706748
156059714621
156059725241
156059733237
156059745078
156059753012
156059764609
156059773886
156059783042
156059790183
156059802085
156059811667
156059823691
156059830588
156059842307
156059852621
156059861716
156059872275
156059881369
156059892538
156059901938
156059912009
156059921225
156059926474
156059940939
156059950461
156059959494
156059972494
156059981466
156059986654
156060001425
156060006918
156060019979
156060028830
156060038900
156060046896
156060059896
156060065451
156060080343
156060085531
156060097921
156060105917
156060117758
156060125997
156060137472
156060145712
156060157552
156060165304
156060177389
156060185201
156060196737
156060204854
156060217000
156060224996
156060234029
156060244527
156060253316
156060263875
156060273763
156060285238
156060292257
156060304036
156060313924
156060321920
156060330953
156060343038
156060350667
156060362386
156060371358
156060380574
156060390645
156060399983
156060410237
156060419209
156060424580
156060436665
156060444844
156060455891
156060464070
156060475545
156060486775
156060494710
156060505208
156060515217
156060523213
156060533833
156060544209
156060554524
156060562459
156060572102
156060581074
156060592122
156060603108
156060607624
156060622151
156060629414
156060640461
156060651020
156060658833
156060668537
156060680256
156060688557
156060700153
156060712788
156060722981
156060736591
156060750324
156060760456
156060775410
156060785908
156060801288
156060812885
156060824909
156060840107
156060851642
156060865192
156060877643
156060889728
156060900653
156060917072
156060928974
156060941852
156060951862
156060970294
156060976459
156060992633
156061006549
156061017535
156061032855
156061045612
156061056781
156061069354
156061081805
156061088885
156061098590
156061107257
156061116839
156061123492
156061133807
156061140826
156061151324
156061157916
156061168963
156061176959
156061186541
156061194659
156061204547
156061214923
156061221698
156061230975
156061239642
156061245928
156061255572
156061264910
156061273821
156061281329
156061290118
156061298663
156061307391
156061316302
156061324908
156061333758
156061342608
156061350115
156061359698
156061368182
156061377703
156061385393
156061394976
156061403216
156061414019
156061425554
156061432696
156061442461
156061452044
156061460100
156061469622
156061479082
156061488787
156061496050
156061505999
156061516314
156061523516
156061534197
156061541521
156061552385
156061559648
156061569353
156061578874
156061585954
156061596941
156061604143
156061614458
156061624284
156061634599
156061644243
156061652177
156061661394
156061672990
156061683671
156061691301
156061702409
156061711381
156061718461
156061729570
156061739030
156061750688
156061758684
156061770036
156061777360
156061788591
156061798051
156061809343
156061817582
156061829118
156061838883
156061847856
156061857804
156061869340
156061878007
156061889482
156061899247
156061907060
156061916215
156061927689
156061936356
156061947892
156061956803
156061965653
156061971879
156061985306
156061991288
156062004349
156062014969
156062024003
156062035172
156062043107
156062054154
156062062516
156062071854
156062081131
156062088700
156062099869
156062108231
156062119522
156062128678
156062137711
156062147354
156062156449
156062167252
156062178055
156062186295
156062194718
156062204361
156062214005
156062222061
156062230606
156062235306
156062247513
156062259232
156062268082
156062277237
156062285782
156062295120
156062303360
156062315445
156062324844
156062337173
156062344742
156062352310
156062364456
156062373977
156062382400
156062392410
156062400222
156062412002
156062419448
156062430252
156062437759
156062446304
156062457168
156062463211
156062476882
156062487991
156062495986
156062505569
156062512954
156062523086
156062530288
156062539626
156062548171
156062557204
156062568679
156062576797
156062587661
156062594863
156062606032
156062615981
156062627273
156062635634
156062646132
156062653762
156062665297
156062676406
156062687575
156062698073
156062710768
156062719741
156062727797
156062738661
156062746596
156062758010
156062765578
156062777052
156062784926
156062795424
156062807021
156062816420
156062824416
156062835219
156062842360
156062852858
156062860854
156062872267
156062883009
156062891493
156062898756
156062909865
156062917311
156062928053
156062936049
156062946180
156062958265
156062966749
156062976210
156062985060
156062995619
156063007399
156063016798
156063028334
156063035169
156063047193
156063057508
156063065260
156063074476
156063085951
156063093214
156063102369
156063109632
156063120557
156063127882
156063140699
156063145521
156063157667
156063167371
156063176221
156063187269
156063195692
156063203931
156063212598
156063219800
156063230543
156063242688
156063251416
156063259595
156063268811
156063275892
156063288587
156063298413
156063306775
156063317090
156063325818
156063336499
156063345288
156063356336
156063365003
156063371472
156063384656
156063395398
156063404370
156063415051
156063423291
156063435376
156063445935
156063454785
156063465100
156063471875
156063483349
156063492688
156063502026
156063512097
156063522290
156063531323
156063543042
156063550000
156063561657
156063571606
156063580578
156063592053
156063602612
156063609936
156063621533
156063628796
156063640637
156063647778
156063659435
156063668713
156063680248
156063688854
156063697888
156063707897
156063718823
156063728893
156063736218
156063745312
156063756115
156063761486
156063776867
156063784008
156063795544
156063806286
156063816784
156063823925
156063835094
156063844066
156063852611
156063859569
156063873302
156063881969
156063890270
156063900096
156063908275
156063913036
156063927074
156063937328
156063945445
156063953685
156063964000
156063971996
156063980113
156063989452
156064000621
156064009654
156064020885
156064027721
156064038463
156064048595
156064055675
156064064220
156064075267
156064082408
156064091624
156064101207
156064112132
156064121470
156064129649
156064134593
156064148326
156064158213
156064167064
156064176585
156064185069
156064192149
156064202403
156064209727
156064219859
156064228221
156064240428
156064262889
156064274241
156064284495
156064294688
156064302317
156064314280
156064321543
156064333140
156064341807
156064352244
156064363535
156064371226
156064382029
156064392954
156064401255
156064411448
156064419504
156064429575
156064438547
156064449167
156064457163
156064467539
156064476328
156064486521
156064494760
156064504343
156064514231
156064521555
156064532053
156064539865
156064551340
156064561289
156064570383
156064577463
156064587167
156064597116
156064603464
156064614816
156064624643
156064634958
156064642343
156064653024
156064662485
156064672189
156064680368
156064687753
156064697519
156064708810
156064716379
156064728647
156064735544
156064746591
156064754037
156064762399
156064772775
156064784249
156064791024
156064801767
156064806588
156064820321
156064830453
156064839486
156064851510
156064863839
156064875924
156064888253
156064901925
156064918221
156064932381
156064945870
156064965218
156064975899
156064989144
156065002511
156065014718
156065029610
156065040413
156065061409
156065075020
156065082466
156065092903
156065099739
156065110115
156065118294
156065127816
156065136605
156065144966
156065153023
156065163338
156065171517
156065183846
156065188912
156065202034
156065206917
156065219856
156065229195
156065237434
156065244698
156065254524
156065262642
156065275398
156065284309
156065292854
156065300422
156065310432
156065321785
156065330085
156065337410
156065348579
156065355720
156065365669
156065375923
156065384346
156065391731
156065402351
156065410713
156065422126
156065430122
156065441474
156065451728
156065461616
156065469550
156065479743
156065490241
156065502509
156065510810
156065521796
156065531318
156065540473
156065551826
156065562629
156065571357
156065580634
156065589240
156065600898
156065610297
156065619147
156065629645
156065638801
156065647956
156065659552
156065669013
156065678107
156065687384
156065696295
156065704169
156065715583
156065723273
156065734809
156065743353
156065755377
156065763373
156065775641
156065783576
156065793341
156065804755
156065815375
156065823309
156065832770
156065843268
156065851324
156065861883
156065872137
156065880438
156065890021
156065901983
156065909002
156065920721
156065926947
156065940313
156065950018
156065959051
156065970343
156065979376
156065988409
156065997564
156066005438
156066017034
156066024786
156066037359
156066045721
156066057073
156066065008
156066075079
156066085333
156066092718
156066103582
156066111761
156066123846
156066132330
156066142828
156066153142
156066161260
156066172491
156066181707
156066191106
156066200200
156066211553
156066220586
156066231267
156066240484
156066249334
156066258855
156066267156
156066277837
156066289556
156066299504
156066306707
156066318120
156066326238
156066337468
156066345342
156066356816
156066367497
156066377080
156066388493
156066396245
156066406804
156066417485
156066425236
156066436040
156066446843
156066456181
156066466923
156066476201
156066484135
156066495427
156066503666
156066514714
156066525395
156066536992
156066545048
156066555485
156066566044
156066575383
156066585881
156066594242
156066604863
156066616154
156066623417
156066633305
156066645085
156066653141
156066664005
156066674137
156066682255
156066692448
156066701725
156066713139
156066721256
156066731632
156066740665
156066750858
156066759891
156066770267
156066779850
156066790958
156066800236
156066809940
156066818973
156066828190
156066838199
156066846561
156066858829
156066866764
156066879093
156066888248
156066898014
156066906559
156066917484
156066925907
156066938419
156066946475
156066957767
156066965885
156066976383
156066984439
156066992862
156067004703
156067014041
156067023685
156067032046
156067043704
156067052920
156067062015
156067072452
156067081485
156067091372
156067100528
156067108706
156067120608
156067128604
156067139773
156067147891
156067160403
156067168521
156067178897
156067186953
156067197756
156067208621
156067217776
156067225711
156067236209
156067247439
156067257144
156067268008
156067276309
156067287112
156067297488
156067305239
156067316225
156067324648
156067337649
156067344851
156067353945
156067365908
156067376345
156067386660
156067395632
156067406984
156067416262
156067426821
156067436464
156067446901
156067456179
156067466677
156067473757
156067485414
156067493288
156067505007
156067514833
156067525575
156067534975
156067545717
156067555666
156067567507
156067578493
156067585573
156067596803
156067604860
156067616762
156067624757
156067636110
156067644228
156067654665
156067665285
156067674806
156067682496
156067690614
156067702272
156067709657
156067721864
156067729493
156067741212
156067748842
156067760438
156067770448
156067779298
156067784425
156067796510
156067808168
156067817628
156067825685
156067834474
156067844789
156067853639
156067864015
156067873414
156067884095
156067890748
156067902283
156067909608
156067921265
156067930238
156067939027
156067948426
156067960206
156067970704
156067978699
156067989747
156067998780
156068008301
156068017273
156068022645
156068038025
156068048157
156068057312
156068065003
156068075928
156068083863
156068096741
156068104920
156068115052
156068122986
156068134339
156068144898
156068155029
156068163330
156068172730
156068183044
156068192627
156068203125
156068212219
156068223083
156068226562
156068241760
156068249634
156068261230
156068269043
156068280700
156068286987
156068298218
156068307129
156068318847
156068328552
156068337585
156068345398
156068356872
156068364929
156068375488
156068383483
156068396484
156068404174
156068415405
156068425842
156068433776
156068441223
156068455077
156068465026
156068474242
156068484679
156068493774
156068502624
156068514648
156068526122
156068534179
156068544860
156068554137
156068564025
156068574523
156068582091
156068592895
156068601195
156068613463
156068621825
156068633483
156068641234
156068650206
156068661559
156068670897
156068677184
156068690001
156068697997
156068710509
156068720519
156068729735
156068737792
156068749266
156068757323
156068768675
156068776793
156068786864
156068797545
156068807188
156068815123
156068826903
156068834776
156068845763
156068856505
156068866698
156068874937
156068885801
156068893736
156068903990
156068913145
156068923643
156068932859
156068943296
156068952513
156068960325
156068972105
156068980345
156068992552
156069001524
156069010801
156069018980
156069030882
156069039915
156069057371
156069067930
156069081297
156069092466
156069111082
156069126585
156069140073
156069150205
156069164060
156069177427
156069189756
156069205137
156069215024
156069230466
156069242856
156069255735
156069266172
156069274778
156069284421
156069293943
156069301999
156069309262
156069321225
156069327817
156069337094
156069344174
156069355954
156069364682
156069374143
156069382138
156069390134
156069397153
156069408017
156069418088
156069428036
156069436093
156069447446
156069454037
156069464841
156069473080
156069483883
156069490719
156069501523
156069510922
156069520504
156069528988
156069540036
156069549191
156069558224
156069567379
156069578915
156069587094
156069598080
156069607540
156069616513
156069627743
156069637020
156069645992
156069657833
156069664913
156069677425
156069687801
156069697689
156069705135
156069716427
156069726498
156069734127
156069744503
156069754391
156069762569
156069770931
156069776180
156069788692
156069798275
156069807796
156069816890
156069827999
156069837093
156069849483
156069858577
156069867610
156069879756
156069887569
156069898921
156069906856
156069917720
156069927059
156069932186
156069946956
156069952510
156069964412
156069972286
156069983760
156069991756
156070005061
156070015376
156070024287
156070032222
156070044185
156070052241
156070063533
156070071467
156070081782
156070089656
156070101497
156070110042
156070119746
156070130427
156070140376
156070150630
156070160212
156070168025
156070178828
156070189753
156070199214
156070207942
156070215571
156070227473
156070233759
156070246882
156070256403
156070265437
156070275752
156070284846
156070293940
156070305598
156070310786
156070324641
156070333552
156070342646
156070351191
156070363093
156070370844
156070382075
156070390070
156070401117
156070411493
156070420099
156070430536
156070438837
156070449091
156070458124
156070470636
156070478693
156070486933
156070499201
156070507135
156070519831
156070529779
156070538812
156070549066
156070558771
156070568292
156070577325
156070585748
156070597650
156070606561
156070618585
156070623895
156070636163
156070643793
156070655878
156070663751
156070674981
156070682672
156070693841
156070705194
156070714593
156070722467
156070732599
156070743524
156070754388
156070762139
156070772271
156070783197
156070792596
156070800408
156070811273
156070821404
156070831292
156070839105
156070851067
156070858697
156070868218
156070879754
156070888360
156070900445
156070911309
156070918450
156070926873
156070938653
156070946038
156070957329
156070966057
156070977715
156070985772
156070997124
156071004937
156071016655
156071028801
156071036919
156071047417
156071057488
156071066399
156071077324
156071088127
156071098809
156071108147
156071118706
156071127556
156071138664
156071148369
156071158684
156071166802
156071177788
156071188957
156071197197
156071206596
156071217583
156071228325
156071236076
156071247368
156071255363
156071267265
156071275444
156071286674
156071295036
156071304191
156071315605
156071323845
156071335929
156071345390
156071354545
156071360038
156071374076
156071383537
156071395256
156071402336
156071414115
156071419486
156071433647
156071438896
156071453361
156071464225
156071475822
156071483512
156071494376
156071503165
156071513785
156071524955
156071535087
156071544547
156071554923
156071563651
156071574271
156071582755
156071593314
156071602225
156071613395
156071622489
156071632987
156071640433
156071652274
156071661612
156071670768
156071676871
156071689871
156071700980
156071709830
156071720328
156071729483
156071738516
156071747672
156071755789
156071767752
156071775870
156071786856
156071794791
156071806753
156071814932
156071825491
156071833182
156071841604
156071854178
156071863760
156071874319
156071883780
156071894156
156071902029
156071912527
156071922903
156071930960
156071939993
156071951712
156071957937
156071968740
156071980093
156071989248
156071997793
156072007437
156072015981
156072027029
156072039114
156072048269
156072056387
156072066579
156072077016
156072087148
156072095266
156072104665
156072115041
156072123769
156072134267
156072143056
156072152028
156072161916
156072173635
156072185781
156072196279
156072205373
156072213674
156072225637
156072234243
156072243093
156072254750
156072264760
156072272878
156072284108
156072292409
156072303761
156072311879
156072322377
156072330434
156072342580
156072352040
156072362172
156072371449
156072376698
156072388600
156072396474
156072410023
156072418996
156072429372
156072437367
156072448781
156072456776
156072468068
156072475941
156072487233
156072495472
156072506947
156072517506
156072526539
156072537342
156072544728
156072555470
156072564320
156072575123
156072586231
156072594227
156072604603
156072615223
156072622608
156072634205
156072644703
156072652943
156072663868
156072673084
156072683826
156072693043
156072703113
156072712086
156072721729
156072731068
156072741566
156072750721
156072758899
156072770923
156072778980
156072790394
156072798206
156072809070
156072820667
156072829151
156072837085
156072848438
156072859119
156072868274
156072878650
156072887683
156072899158
156072907459
156072917957
156072926807
156072937305
156072944934
156072956470
156072966052
156072975391
156072981494
156072994189
156073004321
156073013415
156073018542
156073034106
156073039294
156073052356
156073060718
156073072741
156073080920
156073091967
156073099719
156073111743
156073119738
156073132678
156073140918
156073151843
156073159777
156073170947
156073179064
156073190600
156073198474
156073208727
156073223498
156073235949
156073247851
156073261279
156073270922
156073287707
156073298388
156073315783
156073329882
156073348498
156073359423
156073371264
156073385119
156073394213
156073414476
156073431017
156073440538
156073452501
156073463488
156073472154
156073482286
156073492479
156073501024
156073511034
156073521166
156073530016
156073538866
156073548082
156073559862
156073567186
156073577379
156073584276
156073595506
156073603929
156073614732
156073622972
156073636033
156073644823
156073653673
156073663560
156073670518
156073681993
156073689256
156073700608
156073711229
156073719651
156073727342
156073739244
156073750535
156073759629
156073764878
156073779466
156073790940
156073800157
156073810716
156073819749
156073829636
156073838731
156073844102
156073858506
156073864915
156073878892
156073888413
156073897691
156073905564
156073915757
156073926011
156073934617
156073945115
156073953965
156073964402
156073973252
156073980576
156073990403
156073999985
156074008652
156074019944
156074029221
156074039597
156074050766
156074057968
156074068894
156074076889
156074088852
156074096726
156074106674
156074113876
156074126267
156074133591
156074143662
156074151108
156074162338
156074170944
156074182663
156074191513
156074200180
156074207443
156074218185
156074225326
156074235214
156074248398
156074257248
156074266952
156074275314
156074283310
156074293991
156074299057
156074310653
156074323593
156074332748
156074340927
156074349594
156074356918
156074369430
156074376571
156074385787
156074393478
156074404098
156074415511
156074424178
156074432479
156074445174
156074452316
156074462203
156074470992
156074482955
156074491378
156074501998
156074513412
156074521346
156074532088
156074539290
156074552352
156074561568
156074572921
156074579696
156074591597
156074601485
156074610579
156074621077
156074632003
156074641280
156074652816
156074661788
156074669539
156074677962
156074690047
156074698042
156074709578
156074719893
156074730635
156074739729
156074750288
156074760664
156074768416
156074779341
156074789961
156074799849
156074810408
156074820357
156074828291
156074838728
156074848982
156074855757
156074867293
156074876936
156074887678
156074897749
156074905989
156074915998
156074926130
156074935163
156074944441
156074955122
156074965803
156074974775
156074984052
156074995771
156075003767
156075009870
156075023420
156075033552
156075043806
156075051496
156075063215
156075074262
156075082136
156075092084
156075101057
156075111677
156075122663
156075129316
156075140790
156075151777
156075161115
156075170820
156075179975
156075189862
156075203107
156075211957
156075221234
156075232221
156075241559
156075253278
156075262250
156075271894
156075283490
156075290143
156075303204
156075308515
156075320844
156075329999
156075340680
156075348981
156075362347
156075367718
156075379987
156075388165
156075401227
156075409283
156075422345
156075427960
156075440350
156075448346
156075459088
156075466534
156075478009
156075485943
156075499920
156075505841
156075517681
156075522625
156075537274
156075546551
156075555035
156075565228
156075573834
156075583721
156075592266
156075602154
156075610577
156075620770
156075629376
156075634258
156075645855
156075653606
156075666058
156075673382
156075682415
156075692242
156075701214
156075710735
156075719829
156075728618
156075739544
156075749126
156075757305
156075767193
156075776409
156075783794
156075794048
156075802105
156075810283
156075822002
156075832439
156075839946
156075849895
156075857158
156075866191
156075877605
156075885723
156075896892
156075905315
156075917217
156075925151
156075936687
156075946819
156075957988
156075967876
156075978801
156075988994
156075997050
156076010051
156076017436
156076029277
156076036723
156076048564
156076056804
156076068339
156076076335
156076087443
156076095317
156076107341
156076115824
156076128581
156076136454
156076146891
156076157756
156076167033
156076174723
156076183329
156076195109
156076203532
156076214274
156076222453
156076234232
156076244303
156076252055
156076261759
156076273661
156076281290
156076293192
156076302164
156076311320
156076319987
156076332499
156076342020
156076350992
156076360026
156076369913
156076377726
156076388041
156076398783
156076408670
156076419229
156076426859
156076437845
156076448770
156076456705
156076468057
156076475931
156076486856
156076497415
156076504312
156076516214
156076522989
156076535196
156076540506
156076553445
156076562967
156076574258
156076583108
156076592264
156076600015
156076614175
156076623575
156076632791
156076642373
156076651346
156076659524
156076670083
156076680520
156076691629
156076699563
156076711221
156076718972
156076731790
156076739602
156076753701
156076759255
156076773171
156076778420
156076791177
156076796548
156076810708
156076815957
156076831460
156076841103
156076850076
156076859475
156076870644
156076876321
156076888100
156076895913
156076908181
156076919045
156076928078
156076938149
156076949807
156076958046
156076967080
156076976540
156076988137
156076994545
156077008767
156077016396
156077028176
156077035256
156077046913
156077053078
156077067848
156077078957
156077089333
156077099831
156077107399
156077115761
156077127358
156077138405
156077146706
156077158852
156077167030
156077177284
156077188026
156077196144
156077205543
156077214393
156077226051
156077236183
156077247047
156077255287
156077266761
156077276771
156077286598
156077298927
156077306129
156077319068
156077326332
156077340919
156077350868
156077368568
156077378578
156077392921
156077404151
156077422584
156077429420
156077448768
156077462806
156077476600
156077486426
156077499122
156077513709
156077528113
156077541053
156077549292
156077561316
156077569007
156077579200
156077590125
156077599097
156077607032
156077615943
156077623511
156077632361
156077641455
156077648352
156077658728
156077665564
156077677588
156077682105
156077694129
156077702979
156077710608
156077720068
156077727698
156077735327
156077746558
156077751746
156077761389
156077769385
156077778845
156077785376
156077794592
156077803198
156077812170
156077820166
156077829931
156077837927
156077845556
156077854834
156077867224
156077877050
156077886755
156077894567
156077904272
156077910986
156077922399
156077930761
156077941748
156077948156
156077958837
156077968420
156077975988
156077980871
156077996069
156078004980
156078016088
156078023595
156078034277
156078043005
156078053869
156078061864
156078072668
156078081151
156078092382
156078102025
156078111974
156078120519
156078130468
156078136876
156078149938
156078161962
156078170018
156078180700
156078191198
156078200414
156078210668
156078219213
156078227330
156078238072
156078248570
156078256688
156078267308
156078274205
156078285619
156078294347
156078306371
156078317418
156078325230
156078335484
156078343907
156078353856
156078362645
156078373082
156078383763
156078391820
156078403355
156078411473
156078421055
156078431370
156078441807
156078450779
156078459141
156078469822
156078478245
156078488133
156078498692
156078505650
156078515843
156078523838
156078537327
156078547581
156078555271
156078564671
156078574497
156078580601
156078591404
156078600803
156078609715
156078621738
156078632298
156078640965
156078652317
156078664524
156078672642
156078685337
156078694919
156078705723
156078714390
156078725803
156078735325
156078744175
156078752048
156078763706
156078772251
156078784519
156078792759
156078801059
156078808078
156078819919
156078824680
156078836338
156078849338
156078859409
156078867404
156078877841
156078887729
156078894992
156078899570
156078911960
156078925266
156078932651
156078942416
156078950900
156078959689
156078967990
156078976718
156078987765
156078993991
156079006503
156079017306
156079026156
156079035617
156079045016
156079050265
156079064547
156079069980
156079084079
156079089328
156079103244
156079108432
156079120761
156079129977
156079138339
156079147006
156079161166
156079169650
156079178561
156079186190
156079196627
156079206393
156079216097
156079224337
156079232699
156079242648
156079250582
156079260348
156079269686
156079279391
156079285982
156079297274
156079304903
156079316012
156079322786
156079333651
156079342257
156079350741
156079360140
156079368563
156079378511
156079389009
156079398836
156079406893
156079415804
156079425753
156079435823
156079445223
156079455049
156079462801
156079473116
156079482759
156079490389
156079500398
156079508882
156079521150
156079531221
156079538850
156079549287
156079556428
156079567110
156079574251
156079579195
156079594453
156079602510
156079613801
156079622163
156079630830
156079639680
156079650239
156079658052
156079669099
156079676606
156079687654
156079697724
156079706147
156079712007
156079725984
156079734223
156079743318
156079753449
156079761750
156079771211
156079780549
156079791047
156079800691
156079807832
156079819733
156079831086
156079840852
156079849091
156079858552
156079867097
156079876801
156079884431
156079894501
156079902985
156079914765
156079923981
156079933808
156079941010
156079950776
156079957917
156079969208
156079981171
156079988922
156079998444
156080007599
156080018402
156080028900
156080035248
156080049957
156080058747
156080068390
156080074677
156080085419
156080093048
156080104279
156080112274
156080121124
156080127289
156080142181
156080153229
156080161835
156080170868
156080180328
156080191131
156080198944
156080205475
156080218963
156080229156
156080237396
156080246795
156080255279
156080262725
156080273224
156080284820
156080296051
156080302520
156080313446
156080322601
156080330780
156080339630
156080347930
156080354461
156080367950
156080376129
156080388213
156080393035
156080404327
156080414642
156080423064
156080431060
156080442229
156080453155
156080461883
156080469085
156080480010
156080487334
156080497954
156080507171
156080517180
156080524932
156080534636
156080545379
156080554961
156080565459
156080575225
156080582549
156080593413
156080600981
156080611846
156080622344
156080630767
156080641265
156080650054
156080660613
156080669951
156080678557
156080686125
156080699126
156080709319
156080718291
156080728850
156080736845
156080747465
156080756804
156080767119
156080775786
156080785002
156080796477
156080806120
156080815336
156080820952
156080834623
156080839323
156080852140
156080859587
156080868559
156080878386
156080888029
156080896757
156080907316
156080919035
156080927275
156080937284
156080946195
156080956632
156080964750
156080974455
156080986173
156080994718
156081006498
156081015409
156081027372
156081037382
156081048734
156081058622
156081068815
156081080289
156081091093
156081099821
156081105008
156081120939
156081126981
156081140226
156081150113
156081160367
156081169034
156081177884
156081186002
156081194852
156081207547
156081217740
156081227994
156081235684
156081247403
156081255704
156081266873
156081274381
156081286527
156081295682
156081303311
156081312894
156081325589
156081334866
156081349576
156081361478
156081376797
156081392911
156081404568
