130711063572
130711075107
130711084446
130711092746
130711099521
130711110080
130711119236
130711129428
130711136447
130711146945
130711154453
130711162204
130711169406
130711179355
130711186496
130711196384
130711203952
130711211948
130711219028
130711227084
130711238986
130711244601
130711255161
130711263034
130711272067
130711282931
130711290622
130711300754
130711308505
130711317721
130711326510
130711338168
130711346774
130711356601
130711365390
130711371493
130711384921
130711393405
130711403537
130711409152
130711420260
130711429599
130711438021
130711446933
130711458590
130711467318
130711476534
130711487887
130711496371
130711505404
130711516390
130711522860
130711535433
130711545260
130711553988
130711562960
130711570650
130711582857
130711591524
130711600436
130711611544
130711620333
130711628512
130711638033
130711647677
130711657442
130711668123
130711675997
130711686251
130711694368
130711704561
130711713411
130711723726
130711732332
130711740877
130711750399
130711758028
130711770174
130711778658
130711788423
130711796419
130711808687
130711816194
130711825777
130711835909
130711845308
130711853609
130711865877
130711873689
130711883516
130711893831
130711903474
130711911165
130711920625
130711931001
130711941072
130711950349
130711959993
130711968416
130711978181
130711988374
130711997956
130712006379
130712016206
130712026399
130712035920
130712045014
130712054658
130712065156
130712072541
130712082551
130712092134
130712103669
130712111054
130712121308
130712130769
130712140473
130712149873
130712159760
130712169953
130712180634
130712189912
130712197175
130712206269
130712215974
130712225007
130712235200
130712244111
130712254181
130712263642
130712272431
130712281525
130712293244
130712302277
130712313568
130712322907
130712333832
130712343354
130712355805
130712365631
130712374237
130712382843
130712395783
130712403351
130712411530
130712423248
130712431488
130712441132
130712449738
130712462799
130712474945
130712484100
130712493439
130712502350
130712511322
130712521881
130712531952
130712542816
130712553070
130712560882
130712570526
130712579681
130712589752
130712599578
130712610138
130712621917
130712629852
130712641021
130712648162
130712659698
130712666961
130712677337
130712686126
130712695098
130712704925
130712713348
130712722137
130712732147
130712740875
130712748687
130712757598
130712768035
130712777496
130712786529
130712795440
130712803863
130712813140
130712822417
130712832000
130712842376
130712852385
130712860686
130712869841
130712879729
130712889190
130712898711
130712907561
130712914702
130712924163
130712933196
130712942046
130712951811
130712960784
130712968413
130712977141
130712985808
130712995818
130713004912
130713014616
130713024077
130713033415
130713044951
130713054411
130713062529
130713074736
130713082976
130713091704
130713102141
130713111784
130713120207
130713130461
130713140532
130713150419
130713160002
130713168791
130713177641
130713186796
130713196379
130713206572
130713217253
130713226469
130713236662
130713245878
130713255461
130713263822
130713273100
130713283170
130713294035
130713301542
130713311552
130713320829
130713331266
130713342191
130713348783
130713355802
130713369474
130713378385
130713388578
130713397367
130713409391
130713418302
130713426603
130713435331
130713446683
130713455472
130713464444
130713476346
130713484891
130713493497
130713502164
130713514920
130713523282
130713533719
130713545255
130713552762
130713562589
130713574185
130713581204
130713591641
130713601712
130713611783
130713621732
130713632901
130713643216
130713651822
130713661282
130713671292
130713683499
130713690701
130713702054
130713708768
130713717923
130713727017
130713739102
130713748501
130713757290
130713770535
130713777432
130713787442
130713797329
130713809597
130713820278
130713829556
130713838833
130713850308
130713859097
130713867031
130713878262
130713886318
130713895657
130713907131
130713916348
130713925808
130713934841
130713944485
130713955715
130713961575
130713973293
130713985805
130713995022
130714004360
130714013515
130714023037
130714031765
130714041347
130714050686
130714060207
130714069423
130714079067
130714087307
130714097011
130714106289
130714116237
130714126613
130714136257
130714145046
130714154811
130714163417
130714173244
130714181789
130714190517
130714201930
130714210536
130714222072
130714231654
130714240260
130714248927
130714258876
130714267665
130714277003
130714288783
130714298366
130714308131
130714313075
130714323756
130714336146
130714342128
130714354884
130714363856
130714374537
130714383204
130714393336
130714401942
130714413417
130714422145
130714432399
130714440821
130714449671
130714458033
130714469569
130714478419
130714487635
130714498438
130714508326
130714517237
130714528223
130714536768
130714542933
130714555750
130714562159
130714571497
130714581324
130714593348
130714602320
130714612757
130714621607
130714629419
130714638941
130714650721
130714659754
130714668665
130714678370
130714689234
130714698267
130714706079
130714718103
130714725244
130714737329
130714745813
130714755457
130714770471
130714783411
130714795068
130714807581
130714824854
130714838403
130714855249
130714868066
130714883935
130714894372
130714909692
130714921472
130714937341
130714947229
130714960840
130714975793
130714987085
130715001245
130715014306
130715028710
130715041345
130715054956
130715067407
130715081140
130715093347
130715104821
130715116235
130715129845
130715141930
130715150719
130715158837
130715167687
130715178063
130715186913
130715194665
130715205773
130715212731
130715221520
130715231469
130715240258
130715249047
130715257958
130715266320
130715274987
130715284874
130715293724
130715303246
130715311974
130715318871
130715329918
130715337548
130715346398
130715355248
130715363915
130715373375
130715382042
130715391808
130715399376
130715406639
130715418236
130715425926
130715436302
130715444115
130715454430
130715462974
130715473167
130715484947
130715493309
130715502037
130715511986
130715519859
130715527672
130715536278
130715547325
130715555931
130715563743
130715571678
130715582481
130715591758
130715599510
130715609153
130715620506
130715629783
130715639060
130715647666
130715657432
130715666160
130715675376
130715684959
130715697532
130715704917
130715715354
130715724143
130715735191
130715744224
130715752647
130715761802
130715772300
130715782432
130715790610
130715798362
130715807029
130715815207
130715823935
130715832480
130715841514
130715853354
130715861960
130715869468
130715880881
130715889243
130715897239
130715908530
130715918357
130715925864
130715936484
130715945395
130715954367
130715962241
130715972617
130715982749
130715990134
130716001425
130716009543
130716018271
130716028952
130716038473
130716046713
130716056174
130716066366
130716076376
130716086691
130716094748
130716102499
130716111471
130716123861
130716132528
130716140158
130716149435
130716160666
130716169333
130716177084
130716185202
130716196981
130716206747
130716214315
130716222921
130716230429
130716239828
130716248190
130716258383
130716270773
130716278768
130716288168
130716298055
130716307150
130716316183
130716325643
130716335409
130716344564
130716352621
130716362142
130716370992
130716379781
130716390523
130716398702
130716406209
130716418722
130716425680
130716435750
130716443746
130716452596
130716460225
130716469014
130716478536
130716487813
130716495504
130716506490
130716513875
130716522786
130716532674
130716541707
130716549764
130716559407
130716569173
130716578206
130716586507
130716595296
130716606343
130716612874
130716623311
130716632588
130716641743
130716649556
130716659871
130716668904
130716676655
130716684712
130716694356
130716705708
130716715108
130716723652
130716731465
130716740376
130716747761
130716757771
130716767231
130716778340
130716787983
130716795857
130716805378
130716813679
130716823445
130716832295
130716841816
130716851155
130716860798
130716869526
130716876240
130716889729
130716896076
130716908039
130716919941
130716928303
130716938313
130716947651
130716956745
130716964924
130716974384
130716986164
130716996723
130717006855
130717016193
130717025593
130717035541
130717046100
130717056415
130717067096
130717077594
130717087787
130717098163
130717105182
130717116046
130717125812
130717133625
130717144550
130717154193
130717163593
130717174091
130717183063
130717194904
130717204486
130717213275
130717223956
130717233722
130717243610
130717254413
130717262225
130717271991
130717281268
130717292132
130717302081
130717311603
130717317889
130717328570
130717337237
130717347674
130717356280
130717365191
130717378314
130717387957
130717397784
130717408282
130717418109
130717426409
130717436053
130717445208
130717453875
130717465655
130717471697
130717482928
130717491473
130717502947
130717512835
130717517962
130717528521
130717540240
130717548663
130717559283
130717567889
130717573992
130717586809
130717597613
130717607195
130717617266
130717625750
130717636309
130717646563
130717656755
130717667009
130717678057
130717687456
130717698198
130717708635
130717716570
130717726824
130717736711
130717746904
130717756792
130717765154
130717775163
130717784258
130717793718
130717804216
130717813554
130717822099
130717831987
130717843156
130717853105
130717863115
130717873369
130717882768
130717893022
130717902055
130717912675
130717921464
130717931413
130717942827
130717952165
130717962724
130717972551
130717981889
130717994767
130718001542
130718015641
130718022599
130718033097
130718046891
130718055192
130718065690
130718075456
130718086198
130718097489
130718105302
130718117326
130718125138
130718136979
130718144913
130718156876
130718167374
130718178971
130718190079
130718198258
130718207902
130718216996
130718227128
130718238236
130718245011
130718258805
130718270035
130718279496
130718289933
130718295609
130718308426
130718319290
130718331803
130718341812
130718352066
130718362503
130718372452
130718382462
130718392532
130718404129
130718414017
130718428909
130718440018
130718449173
130718455582
130718471512
130718480850
130718490310
130718501541
130718511429
130718520401
130718532974
130718541641
130718552017
130718563675
130718573928
130718583877
130718593582
130718602798
130718615432
130718626296
130718635818
130718644668
130718655105
130718666091
130718676650
130718686111
130718695815
130718706496
130718716567
130718726882
130718736953
130718747390
130718756606
130718765822
130718775527
130718785537
130718795791
130718805373
130718815017
130718825454
130718835402
130718843947
130718854323
130718863906
130718874160
130718883803
130718894240
130718905104
130718911452
130718926833
130718938735
130718952834
130718965102
130718977919
130718991347
130719002882
130719014601
130719029921
130719043471
130719054152
130719068251
130719079054
130719094069
130719105055
130719119032
130719132948
130719143202
130719152052
130719160780
130719170485
130719179396
130719188490
130719197279
130719208326
130719216993
130719226332
130719237318
130719246290
130719255018
130719263807
130719272535
130719281202
130719289320
130719297987
130719308668
130719317762
130719324293
130719333143
130719343153
130719351881
130719359754
130719368421
130719378370
130719387159
130719394849
130719403577
130719413099
130719421888
130719431409
130719440748
130719451795
130719461316
130719469312
130719481031
130719489209
130719498670
130719507581
130719516980
130719529492
130719538587
130719547742
130719559583
130719567761
130719579236
130719590405
130719598828
130719607922
130719618115
130719627209
130719638013
130719645093
130719655896
130719665173
130719675366
130719685132
130719695019
130719704663
130719713879
130719723095
130719733166
130719742749
130719751110
130719761120
130719771313
130719781262
130719790600
130719801098
130719809765
130719820080
130719831555
130719843701
130719853954
130719864269
130719873486
130719884045
130719894665
130719905102
130719916271
130719926891
130719937328
130719943676
130719956127
130719965465
130719972423
130719984447
130719993786
130720006908
130720017223
130720025707
130720034374
130720044628
130720053600
130720065746
130720072094
130720085887
130720092113
130720104503
130720113536
130720124095
130720132823
130720142711
130720153819
130720162364
130720172984
130720181529
130720191600
130720200694
130720209972
130720221080
130720230174
130720239879
130720252452
130720260936
130720267222
130720279857
130720286326
130720297557
130720303538
130720316050
130720326060
130720334605
130720343516
130720353770
130720363658
130720371226
130720381297
130720390513
130720402171
130720408213
130720419871
130720428843
130720433482
130720444651
130720453745
130720462290
130720472300
130720480113
130720491221
130720499888
130720507578
130720516245
130720526621
130720536570
130720546030
130720555308
130720563914
130720572825
130720580820
130720589487
130720598276
130720608469
130720619516
130720626108
130720634836
130720643503
130720652903
130720661692
130720672190
130720682016
130720691111
130720700693
130720710886
130720719797
130720727426
130720737253
130720745798
130720755869
130720764291
130720776498
130720785288
130720794809
130720802682
130720811960
130720823740
130720832407
130720840463
130720849496
130720858346
130720866952
130720876413
130720885385
130720892648
130720905343
130720912301
130720921212
130720929269
130720940316
130720948922
130720957833
130720967233
130720977487
130720986154
130720994943
130721001901
130721010690
130721019906
130721028451
130721039315
130721045602
130721054757
130721063546
130721074654
130721082894
130721091927
130721100045
130721110055
130721118478
130721128243
130721138741
130721146432
130721154977
130721162545
130721172738
130721182747
130721194954
130721200448
130721211861
130721219552
130721228280
130721236275
130721246529
130721255440
130721266548
130721275338
130721285225
130721294014
130721301399
130721308846
130721320870
130721333077
130721341194
130721350166
130721359566
130721368233
130721377510
130721386177
130721394478
130721406746
130721414925
130721425056
130721432747
130721443062
130721451912
130721459297
130721468513
130721479500
130721488960
130721497139
130721505806
130721515999
130721525398
130721535713
130721544990
130721554267
130721563240
130721570320
130721581855
130721590034
130721597908
130721605354
130721617561
130721626472
130721636360
130721644111
130721652046
130721663093
130721672309
130721681770
130721691169
130721699470
130721709602
130721717292
130721727424
130721735358
130721744636
130721753425
130721763190
130721771003
130721778876
130721788215
130721798346
130721806159
130721815436
130721824714
130721835822
130721843512
130721852118
130721859870
130721870368
130721878302
130721887702
130721896125
130721905341
130721912665
130721921820
130721933173
130721941168
130721951178
130721957221
130721970099
130721979498
130721987372
130721997809
130722005621
130722014654
130722022406
130722032965
130722042853
130722051520
130722059271
130722069403
130722078192
130722086798
130722094610
130722103399
130722116400
130722124823
130722133612
130722141851
130722150702
130722159185
130722168096
130722180426
130722188970
130722198980
130722208502
130722216741
130722225530
130722233648
130722242498
130722252020
130722261541
130722269842
130722278570
130722286871
130722295660
130722305730
130722314519
130722322393
130722332464
130722341436
130722348577
130722358526
130722367193
130722375066
130722386541
130722395696
130722405217
130722417119
130722426152
130722433843
130722441899
130722449834
130722461248
130722469670
130722478337
130722488103
130722497014
130722504643
130722510259
130722522954
130722531194
130722539678
130722549443
130722557134
130722568608
130722576421
130722584966
130722592717
130722600774
130722610295
130722618962
130722628545
130722636601
130722646245
130722657963
130722667058
130722677311
130722686772
130722695988
130722705632
130722714360
130722723454
130722731938
130722741459
130722749394
130722758854
130722766484
130722776188
130722784367
130722798039
130722808659
130722820378
130722832523
130722848637
130722860539
130722876896
130722889835
130722902958
130722915470
130722926212
130722938602
130722952457
130722965030
130722977360
130722992801
130723005375
130723019779
130723029178
130723037601
130723046634
130723056034
130723064945
130723075321
130723083255
130723092655
130723100528
130723109622
130723117069
130723126468
130723138187
130723146793
130723155399
130723166141
130723173648
130723181827
130723190860
130723201480
130723210391
130723218265
130723226993
130723238345
130723246158
130723255496
130723263736
130723275577
130723284793
130723293338
130723301822
130723311221
130723322757
130723330569
130723339907
130723350894
130723360232
130723368777
130723378848
130723390017
130723399600
130723408084
130723418398
130723428896
130723438662
130723448245
130723455569
130723466311
130723475771
130723483523
130723493349
130723504214
130723510073
130723522829
130723533266
130723542605
130723552309
130723560488
130723568911
130723580385
130723590090
130723601076
130723610659
130723618654
130723628115
130723638857
130723648806
130723657656
130723667604
130723678774
130723685854
130723696840
130723706545
130723714723
130723724306
130723734133
130723743959
130723752992
130723762575
130723774416
130723784731
130723795045
130723804689
130723814699
130723825197
130723835634
130723845704
130723857484
130723868043
130723877565
130723888002
130723896241
130723906739
130723916993
130723927064
130723937013
130723946901
130723956544
130723967042
130723976258
130723986756
130723997926
130724008424
130724019471
130724029664
130724037965
130724047425
130724057496
130724067017
130724077882
130724087464
130724096253
130724106141
130724117860
130724128236
130724136353
130724146729
130724157899
130724167420
130724177552
130724187195
130724197327
130724207520
130724217163
130724227478
130724242127
130724251160
130724259522
130724269287
130724279907
130724290344
130724299378
130724308960
130724317871
130724328186
130724338501
130724347656
130724357788
130724366211
130724377686
130724387695
130724396301
130724407349
130724419128
130724429138
130724439636
130724449585
130724459045
130724469360
130724479431
130724487671
130724497436
130724506591
130724518676
130724526733
130724536560
130724546081
130724555908
130724565063
130724575744
130724584106
130724593810
130724603881
130724614074
130724625915
130724637328
130724643859
130724653747
130724663818
130724673766
130724681823
130724690734
130724698241
130724708190
130724717040
130724725951
130724734496
130724745605
130724753844
130724762877
130724771605
130724781981
130724791137
130724800170
130724810302
130724819457
130724827575
130724837340
130724847533
130724856627
130724866881
130724875182
130724883299
130724892089
130724902831
130724912047
130724919737
130724932127
130724942442
130724950011
130724958678
130724969237
130724979002
130724988158
130724998778
130725008299
130725017882
130725027830
130725037535
130725046019
130725055968
130725067076
130725077757
130725087339
130725097288
130725107176
130725118589
130725124632
130725135008
130725144651
130725155332
130725167295
130725179624
130725187864
130725197996
130725206358
130725215635
130725228636
130725238340
130725247984
130725255735
130725264158
130725276060
130725284727
130725290891
130725302854
130725316038
130725325681
130725335386
130725341367
130725353269
130725361753
130725372556
130725381162
130725391843
130725400449
130725409971
130725418393
130725430173
130725438596
130725448789
130725458127
130725469235
130725477902
130725484250
130725496457
130725503415
130725517148
130725526730
130725535764
130725541928
130725553647
130725559384
130725570981
130725579770
130725587460
130725595456
130725605832
130725617856
130725627682
130725638425
130725648312
130725657956
130725667355
130725676632
130725687008
130725719235
130725731076
130725739560
130725747555
130725756588
130725764340
130725772274
130725779049
130725786862
130725795529
130725803158
130725812252
130725820492
130725829647
130725838253
130725846554
130725855099
130725860836
130725872250
130725880062
130725888241
130725896480
130725905331
130725914364
130725921444
130725930355
130725937374
130725946590
130725956478
130725963253
130725974056
130725980770
130725988704
130725998287
130726006099
130726014949
130726023494
130726029842
130726039913
130726049495
130726057125
130726064998
130726074581
130726082393
130726090206
130726098018
130726107967
130726113094
130726122249
130726130855
130726137630
130726148189
130726155757
130726164790
130726172725
130726181270
130726189204
130726201350
130726209346
130726217403
130726227290
130726234981
130726242915
130726250850
130726258662
130726266658
130726277095
130726284846
130726291926
130726300959
130726307917
130726316890
130726324702
130726333125
130726346186
130726355830
130726365901
130726377864
130726392573
130726405512
130726415644
130726425288
130726439936
130726451960
130726463801
130726472407
130726485529
130726500117
130726510798
130726520014
130726531367
130726541498
130726548639
130726556452
130726566584
130726574823
130726582575
130726590876
130726599115
130726606806
130726614801
130726622797
130726632807
130726642267
130726649897
130726658197
130726665583
130726672602
130726680048
130726688715
130726696527
130726705316
130726712885
130726719110
130726729242
130726735712
130726743829
130726755365
130726763788
130726773614
130726780695
130726788568
130726797845
130726806329
130726814142
130726824579
130726831109
130726839837
130726848321
130726857171
130726866144
130726877008
130726886102
130726895257
130726901117
130726912225
130726921807
130726932855
130726942559
130726951531
130726960809
130726968438
130726977899
130726985650
130726995782
130727006951
130727014459
130727024835
130727033563
130727042046
130727050774
130727059136
130727066582
130727074456
130727086114
130727095635
130727102532
130727112786
130727121514
130727130547
130727139824
130727152703
130727158501
130727169854
130727175652
130727186150
130727197136
130727205071
130727213677
130727221733
130727230156
130727238213
130727246575
130727254814
130727263664
130727272515
130727281548
130727290947
130727300652
130727308159
130727319512
130727326775
130727338249
130727345390
130727355644
130727365166
130727373405
130727382255
130727390800
130727399528
130727409843
130727418754
130727427421
130727436882
130727447502
130727456718
130727465202
130727475578
130727483635
130727493522
130727502555
130727513725
130727521598
130727527336
130727538261
130727547843
130727559135
130727568351
130727577201
130727586418
130727594230
130727603507
130727611259
130727620963
130727628776
130727639030
130727648429
130727659843
130727665519
130727676505
130727684257
130727693351
130727701652
130727711478
130727721427
130727730643
130727739371
130727748221
130727755973
130727765738
130727773429
130727784171
130727793753
130727802176
130727811087
130727819510
130727827384
130727837088
130727845084
130727854788
130727863516
130727874686
130727883536
130727891654
130727900809
130727909903
130727918753
130727928458
130727938223
130727947989
130727956717
130727963919
130727973013
130727983450
130727992178
130728002188
130728012137
130728019827
130728028799
130728039663
130728048453
130728057058
130728065847
130728074759
130728083914
130728093191
130728102468
130728111074
130728122549
130728130667
130728139273
130728149221
130728160574
130728169180
130728180532
130728190420
130728200124
130728209829
130728217519
130728226125
130728238943
130728244924
130728256948
130728266714
130728275991
130728285329
130728293142
130728301687
130728313955
130728323598
130728332815
130728342336
130728351125
130728360524
130728369069
130728381276
130728389638
130728398793
130728409108
130728418569
130728428334
130728437673
130728447194
130728456655
130728467031
130728476613
130728486135
130728495656
130728505361
130728514943
130728527150
130728537648
130728545827
130728554738
130728566518
130728576161
130728585133
130728591481
130728603444
130728614552
130728623158
130728634816
130728644276
130728653187
130728665211
130728674061
130728684010
130728692860
130728702748
130728714344
130728724171
130728734303
130728741871
130728751942
130728762440
130728773609
130728781910
130728793141
130728802357
130728810108
130728819019
130728829456
130728838551
130728847279
130728856068
130728865894
130728874683
130728881824
130728890552
130728901966
130728911548
130728918629
130728927540
130728936207
130728944996
130728953663
130728962391
130728972095
130728982105
130728992054
130729000904
130729008350
130729017078
130729027271
130729036548
130729047657
130729057056
130729067981
130729074207
130729083057
130729094714
130729103015
130729114734
130729124194
130729134448
130729143909
130729151782
130729161609
130729171558
130729180835
130729192126
130729200732
130729208972
130729218860
130729229602
130729237109
130729247302
130729256701
130729266162
130729275317
130729282946
130729291858
130729301989
130729310839
130729318835
130729327868
130729336962
130729347155
130729357226
130729365832
130729373950
130729383410
130729392199
130729401721
130729410876
130729420580
130729430285
130729439745
130729448901
130729459643
130729468066
130729478319
130729486864
130729498217
130729508227
130729516772
130729526964
130729538134
130729548144
130729560473
130729566332
130729577013
130729589098
130729599596
130729607653
130729616808
130729628099
130729637865
130729645738
130729655443
130729664232
130729673998
130729684923
130729695238
130729702989
130729712633
130729721666
130729731310
130729743578
130729749925
130729762498
130729768724
130729782640
130729792222
130729801378
130729810472
130729822679
130729835252
130729844713
130729854600
130729863878
130729876451
130729887376
130729895799
130729905442
130729917344
130729926744
130729937425
130729948655
130729958787
130729968125
130729978074
130729989243
130729999680
130730010239
130730020066
130730030930
130730040208
130730049851
130730060532
130730068101
130730077805
130730087266
130730097642
130730108506
130730118760
130730132859
130730145127
130730155503
130730168869
130730180100
130730196457
130730207260
130730224778
130730236618
130730248581
130730262253
130730272568
130730283188
130730293747
130730309799
130730319565
130730337448
130730347763
130730357101
130730366196
130730377914
130730387802
130730394760
130730404892
130730412399
130730423691
130730432419
130730440841
130730451217
130730458969
130730467697
130730476059
130730487411
130730495224
130730504684
130730512008
130730523727
130730532394
130730541610
130730550338
130730559249
130730567733
130730577438
130730585494
130730593185
130730601302
130730609359
130730619613
130730632919
130730641036
130730649276
130730656478
130730666854
130730673751
130730682174
130730690414
130730700667
130730711043
130730719893
130730727340
130730736312
130730746444
130730755416
130730763594
130730772994
130730781600
130730790328
130730800399
130730809371
130730816695
130730827620
130730837386
130730846663
130730854231
130730863326
130730873274
130730882063
130730893111
130730902571
130730911665
130730922713
130730931807
130730940779
130730949690
130730957442
130730968855
130730976973
130730986616
130730996321
130731005232
130731014998
130731023787
130731030501
130731039534
130731049116
130731058271
130731068831
130731077742
130731085310
130731094282
130731103437
130731112287
130731122419
130731132490
130731141218
130731150129
130731159345
130731168318
130731175581
130731184370
130731195051
130731202070
130731213239
130731222517
130731230085
130731239179
130731247419
130731256147
130731265913
130731275312
130731285322
130731294416
130731302595
130731311384
130731322492
130731331647
130731341291
130731351239
130731361310
130731370038
130731377851
130731386579
130731394941
130731405439
130731414411
130731424665
130731435773
130731444013
130731452802
130731461408
130731470258
130731479535
130731489972
130731499982
130731509381
130731517499
130731526349
130731535809
130731544659
130731554425
130731563702
130731571088
130731580670
130731590130
130731599408
130731609784
130731618207
130731629376
130731640179
130731648053
130731653912
130731664105
130731673932
130731681683
130731694744
130731704327
130731713543
130731722454
130731730145
130731738995
130731747662
130731757122
130731766888
130731776959
130731786724
130731795940
130731804363
130731813335
130731823040
130731831890
130731840862
130731850933
130731858623
130731867535
130731877483
130731884441
130731894451
130731903179
130731911052
130731920208
130731929668
130731938945
130731947979
130731957439
130731966838
130731973613
130731983806
130731994365
130732003643
130732013469
130732025188
130732034343
130732041606
130732050640
130732058391
130732067729
130732076946
130732085857
130732097209
130732102947
130732112102
130732121318
130732130840
130732143596
130732152202
130732162883
130732170451
130732178874
130732190593
130732200114
130732209270
130732218364
130732227275
130732236796
130732245097
130732252299
130732262797
130732270793
130732280131
130732291362
130732297099
130732309611
130732315287
130732324931
130732333659
130732344523
130732353800
130732360758
130732369486
130732380839
130732386698
130732397990
130732403910
130732416239
130732428873
130732434916
130732447184
130732455851
130732462321
130732475687
130732482218
130732496683
130732503763
130732514628
130732524698
130732532328
130732542032
130732551432
130732561380
130732570719
130732580851
130732591165
130732599649
130732607645
130732617472
130732626200
130732635782
130732645914
130732656107
130732668314
130732675150
130732684671
130732693948
130732702432
130732715372
130732726785
130732733987
130732746988
130732757730
130732766763
130732778421
130732788614
130732798562
130732808511
130732820230
130732829385
130732836892
130732845193
130732852762
130732863260
130732872110
130732881570
130732890176
130732900613
130732914102
130732920754
130732933633
130732943154
130732951760
130732961465
130732969399
130732978616
130732986428
130732995583
130733003762
130733015054
130733024331
130733035805
130733044717
130733052712
130733062051
130733072121
130733080666
130733090615
130733099953
130733109719
130733118569
130733125710
130733136940
130733145119
130733154030
130733162575
130733171975
130733183632
130733190712
130733202675
130733212380
130733219643
130733230873
130733240578
130733251137
130733259987
130733267067
130733278420
130733285927
130733295631
130733305458
130733316261
130733328712
130733338722
130733348427
130733372902
130733386329
130733398781
130733408485
130733418312
130733428932
130733438392
130733446388
130733456764
130733472023
130733482215
130733491005
130733498512
130733506324
130733518043
130733527015
130733534828
130733547279
130733555885
130733565345
130733574561
130733583473
130733592628
130733602088
130733609840
130733619300
130733628699
130733637305
130733647254
130733655799
130733663062
130733671851
130733682960
130733692420
130733701453
130733710669
130733719153
130733730262
130733737464
130733746314
130733758155
130733764563
130733775733
130733781470
130733792578
130733799781
130733812171
130733817969
130733831336
130733840369
130733850501
130733858618
130733866248
130733875464
130733882422
130733891150
130733903052
130733911841
130733919653
130733930823
130733938940
130733949316
130733957251
130733971045
130733978918
130733994726
130734001745
130734016211
130734029516
130734045813
