191025472033
191025476854
191025481371
191025485582
191025490587
191025494738
191025498888
191025501635
191025506090
191025510302
191025514635
191025518969
191025525072
191025529161
191025534044
191025537157
191025541368
191025546373
191025550218
191025554247
191025557726
191025563341
191025566942
191025572313
191025575487
191025579942
191025584642
191025588854
191025594469
191025598619
191025603502
191025608385
191025612108
191025616258
191025620226
191025625719
191025630418
191025634996
191025639940
191025642686
191025647691
191025653368
191025657701
191025662523
191025666124
191025672472
191025677049
191025682664
191025686632
191025691759
191025696153
191025704698
191025708299
191025713487
191025717576
191025723497
191025727708
191025733018
191025735826
191025741441
191025746019
191025750291
191025753892
191025758653
191025763475
191025766954
191025772569
191025776048
191025781175
191025784349
191025789354
191025793504
191025798326
191025801683
191025806810
191025812181
191025815904
191025819383
191025824266
191025828477
191025833177
191025837815
191025842820
191025846116
191025850816
191025855638
191025859910
191025864366
191025868882
191025874375
191025877854
191025882798
191025886033
191025891648
191025893784
191025900132
191025905869
191025909837
191025913987
191025918748
191025921311
191025927354
191025931321
191025937913
191025942185
191025946458
191025949998
191025954270
191025958482
191025962754
191025967210
191025971726
191025977097
191025980637
191025986008
191025989243
191025994797
191025996995
191026003098
191026008408
191026013474
191026015915
191026022446
191026025376
191026031113
191026034653
191026039109
191026043870
191026048447
191026052781
191026056992
191026061081
191026065354
191026070298
191026073838
191026079270
191026082993
191026087265
191026090317
191026096238
191026100083
191026104782
191026109421
191026113938
191026117234
191026121933
191026126877
191026131272
191026135727
191026139206
191026145737
191026149277
191026154709
191026158066
191026163193
191026166916
191026172287
191026176621
191026183457
191026188095
191026192978
191026196701
191026202866
191026206589
191026212082
191026216477
191026223618
191026227951
191026233383
191026238876
191026243210
191026247116
191026253281
191026258713
191026265243
191026269455
191026275131
191026280746
191026285019
191026290085
191026294235
191026299545
191026305160
191026309372
191026314560
191026320785
191026326034
191026331100
191026335006
191026340744
191026347275
191026351425
191026356735
191026360824
191026366562
191026370468
191026375656
191026381149
191026386642
191026392135
191026397201
191026402328
191026407333
191026411056
191026416732
191026420822
191026426986
191026433212
191026437789
191026442977
191026447982
191026451766
191026456893
191026462325
191026466415
191026472213
191026476241
191026481918
191026484908
191026491744
191026496688
191026501205
191026507064
191026512985
191026517562
191026522018
191026527816
191026532150
191026534652
191026541366
191026546737
191026552840
191026555770
191026561385
191026566085
191026571578
191026576522
191026581466
191026586593
191026593612
191026597152
191026603255
191026608199
191026613814
191026618697
191026623092
191026630111
191026634810
191026639083
191026644881
191026649947
191026654647
191026658858
191026664657
191026667586
191026674849
191026679976
191026684432
191026690047
191026694503
191026698409
191026703719
191026708236
191026714522
191026718856
191026724593
191026730086
191026734664
191026740218
191026744124
191026749312
191026754378
191026760237
191026764510
191026768294
191026775313
191026779219
191026784712
191026789046
191026795149
191026800337
191026805037
191026810164
191026815596
191026819563
191026824629
191026830061
191026835555
191026841292
191026846175
191026851302
191026856001
191026859785
191026864363
191026870222
191026876509
191026882612
191026886641
191026891768
191026896834
191026902022
191026906538
191026913374
191026918867
191026923994
191026928145
191026933638
191026938826
191026942732
191026946943
191026952620
191026958845
191026964094
191026967390
191026973127
191026976362
191026983076
191026985823
191026992842
191026997358
191027004194
191027008711
191027014448
191027017744
191027024580
191027027021
191027034468
191027037825
191027044905
191027049299
191027053633
191027057478
191027063886
191027068342
191027073103
191027077253
191027084211
191027088300
191027094404
191027098188
191027104170
191027108259
191027113996
191027118208
191027124555
191027128645
191027133833
191027137678
191027144025
191027147871
191027153852
191027157941
191027164228
191027168378
191027173933
191027177839
191027183820
191027187726
191027193403
191027197675
191027203168
191027208661
191027213544
191027218671
191027223554
191027227399
191027232648
191027238019
191027245221
191027249311
191027255109
191027259137
191027264203
191027269208
191027274701
191027278730
191027285199
191027290509
191027295148
191027301435
191027309980
191027318097
191027326032
191027334882
191027343061
191027349652
191027358747
191027364972
191027374127
191027382855
191027389996
191027398297
191027404462
191027412946
191027421674
191027428693
191027436627
191027441388
191027445172
191027450360
191027454633
191027460980
191027464459
191027469098
191027472211
191027479108
191027483685
191027492169
191027500897
191027507550
191027513226
191027519635
191027526349
191027534833
191027543499
191027551678
191027558880
191027565411
191027568646
191027573346
191027576580
191027581952
191027585858
191027591900
191027595501
191027600384
191027605389
191027608807
191027615032
191027619000
191027624920
191027629742
191027634625
191027638470
191027643719
191027649029
191027653057
191027659100
191027663067
191027667706
191027671795
191027676495
191027681500
191027685528
191027690228
191027693829
191027699749
191027702984
191027707684
191027711163
191027717083
191027720867
191027726116
191027728374
191027734417
191027738323
191027743572
191027749309
191027753094
191027758343
191027761761
191027766399
191027769634
191027775860
191027780254
191027784832
191027789593
191027793865
191027798443
191027803325
191027808574
191027811321
191027818035
191027822185
191027826885
191027830486
191027835186
191027839885
191027844463
191027849712
191027854351
191027858806
191027862285
191027868450
191027873088
191027877788
191027883159
191027887004
191027892009
191027896404
191027900371
191027904827
191027908794
191027914348
191027918987
191027923137
191027928386
191027933452
191027937480
191027942485
191027947368
191027951641
191027957378
191027961406
191027965923
191027971050
191027976421
191027980815
191027985454
191027991557
191027996257
191028001628
191028006816
191028010478
191028015117
191028020122
191028025798
191028030193
191028035991
191028041423
191028047038
191028051128
191028056865
191028061870
191028065166
191028071025
191028077251
191028081584
191028086589
191028091655
191028095927
191028100932
191028106669
191028112041
191028116618
191028122233
191028127543
191028132609
191028136638
191028141704
191028146098
191028151469
191028157390
191028161601
191028167338
191028171183
191028175944
191028181071
191028186198
191028191691
191028196330
191028201152
191028205363
191028210978
191028214946
191028220256
191028224101
191028230754
191028232707
191028241068
191028246745
191028252726
191028258708
191028263163
191028267253
191028273173
191028278178
191028283305
191028287272
191028292216
191028297343
191028301371
191028306437
191028311869
191028317179
191028322611
191028327799
191028332133
191028337504
191028342631
191028346537
191028352091
191028358256
191028363566
191028368388
191028373453
191028378336
191028383646
191028388468
191028392618
191028397379
191028403483
191028407816
191028413431
191028417826
191028423441
191028428385
191028432108
191028438151
191028443705
191028448038
191028453592
191028458353
191028464212
191028468851
191028474527
191028479837
191028483622
191028488810
191028492899
191028498026
191028502909
191028509195
191028513712
191028519083
191028523722
191028529764
191028534036
191028540628
191028546060
191028550821
191028553873
191028560282
191028564310
191028571146
191028576151
191028580240
191028584940
191028589090
191028594034
191028599405
191028601663
191028608621
191028611063
191028617227
191028621988
191028626199
191028633463
191028637003
191028641885
191028645914
191028649820
191028655069
191028660135
191028664163
191028668619
191028674417
191028678323
191028683694
191028687967
191028692117
191028696329
191028701883
191028707681
191028712564
191028716226
191028721780
191028725381
191028730081
191028735086
191028739541
191028743387
191028749185
191028752908
191028758767
191028762124
191028768350
191028772317
191028777200
191028781655
191028787271
191028792337
191028796731
191028800515
191028806008
191028809854
191028814187
191028818460
191028824563
191028830728
191028834390
191028840066
191028843484
191028847634
191028852883
191028857278
191028862954
191028867959
191028873208
191028876809
191028881997
191028886392
191028891518
191028895913
191028901528
191028905801
191028911538
191028915505
191028920754
191028923867
191028928994
191028934487
191028939553
191028943764
191028948830
191028952370
191028957619
191028962319
191028967385
191028973977
191028978799
191028982522
191028987160
191028991616
191028996255
191029000710
191029006020
191029010720
191029015603
191029019997
191029024697
191029029091
191029033791
191029038308
191029043557
191029049355
191029054360
191029058999
191029063576
191029067971
191029072670
191029077187
191029082192
191029086525
191029091591
191029096779
191029100441
191029105995
191029109352
191029114052
191029118935
191029124550
191029128395
191029134133
191029137490
191029142372
191029147011
191029151406
191029156716
191029162148
191029166298
191029171913
191029175514
191029180336
191029184731
191029189797
191029193642
191029200478
191029204201
191029209572
191029214760
191029218666
191029223671
191029227516
191029231483
191029237953
191029242104
191029247353
191029253212
191029258400
191029262611
191029268288
191029271217
191029276771
191029281044
191029286659
191029292885
191029298134
191029301369
191029307411
191029313209
191029317604
191029322670
191029329323
191029334511
191029339698
191029345619
191029349586
191029355446
191029360145
191029365577
191029370582
191029375343
191029379982
191029385597
191029390602
191029397010
191029402565
191029407020
191029411781
191029417152
191029421485
191029426734
191029431190
191029437293
191029442054
191029448097
191029453834
191029460853
191029469581
191029478492
191029487281
191029493873
191029504737
191029514198
191029520118
191029532874
191029540260
191029546607
191029554969
191029562354
191029568580
191029578406
191029586585
191029593787
191029603003
191029606849
191029610084
191029615699
191029621131
191029624915
191029631507
191029636145
191029641211
191029645789
191029649939
191029652869
191029658484
191029662818
191029668372
191029672156
191029678870
191029681433
191029688758
191029692786
191029696936
191029702674
191029706458
191029710608
191029715491
191029719763
191029724158
191029728369
191029731909
191029737219
191029741614
191029746436
191029750159
191029755591
191029759741
191029764685
191029771826
191029777564
191029782568
191029786719
191029790991
191029794898
191029800085
191029804846
191029810522
191029815894
191029819861
191029824927
191029828650
191029833533
191029839697
191029844092
191029848608
191029854224
191029857153
191029863135
191029868567
191029874060
191029879614
191029886084
191029890478
191029895422
191029899939
191029905066
191029910254
191029913916
191029918982
191029923193
191029928625
191029934240
191029938147
191029941931
191029947973
191029952002
191029959021
191029967016
191029971777
191029976049
191029982153
191029987646
191029993322
191029997412
191030004126
191030008581
191030012731
191030018041
191030022253
191030027197
191030031774
191030037023
191030042578
191030048559
191030053198
191030059362
191030065832
191030069799
191030075597
191030080663
191030087316
191030091528
191030097326
191030101537
191030108984
191030111486
191030118932
191030123205
191030129186
191030134374
191030140539
191030145116
191030150915
191030156164
191030160192
191030166784
191030170995
191030176244
191030181554
191030187292
191030192663
191030197179
191030202733
191030207616
191030213170
191030218358
191030222509
191030229039
191030233678
191030239293
191030245458
191030250158
191030254918
191030261083
191030265966
191030271642
191030277013
191030281224
191030287694
191030292882
191030297155
191030303014
191030308934
191030313024
191030318761
191030325048
191030329686
191030334386
191030341283
191030345067
191030350926
191030354283
191030361546
191030367162
191030373082
191030378575
191030383885
191030388768
191030393834
191030398595
191030402928
191030409703
191030413976
191030419713
191030422459
191030430455
191030433385
191030439183
191030445714
191030450719
191030456273
191030459874
191030465428
191030469334
191030475438
191030480870
191030485814
191030492467
191030496251
191030501439
191030506260
191030511326
191030516636
191030521214
191030527073
191030531346
191030536717
191030540806
191030544896
191030550755
191030553868
191030560643
191030565770
191030570469
191030575718
191030579197
191030584446
191030590184
191030595799
191030599766
191030605564
191030609898
191030614903
191030618748
191030624119
191030629551
191030634617
191030639988
191030644932
191030649326
191030654698
191030659886
191030662998
191030672276
191030676975
191030682530
191030686619
191030691929
191030696568
191030703465
191030709873
191030714085
191030718906
191030724033
191030730015
191030733860
191030739170
191030744419
191030749546
191030755039
191030759251
191030764316
191030769199
191030774387
191030778782
191030784397
191030790378
191030795627
191030799778
191030804905
191030810215
191030815281
191030819553
191030824924
191030830295
191030835849
191030840793
191030845920
191030849949
191030854953
191030859958
191030865329
191030871677
191030877109
191030882663
191030888523
191030893833
191030898593
191030904819
191030909580
191030915866
191030921970
191030926853
191030932407
191030937290
191030941806
191030948154
191030951084
191030959201
191030963962
191030968906
191030974826
191030980563
191030984592
191030990695
191030995456
191031001498
191031005710
191031011447
191031015414
191031020969
191031026096
191031030917
191031036777
191031043552
191031047580
191031052707
191031057834
191031062106
191031067111
191031072726
191031077060
191031083041
191031088962
191031094272
191031099338
191031103976
191031108798
191031113437
191031118625
191031123446
191031129428
191031135898
191031140414
191031145846
191031150973
191031155673
191031158725
191031166720
191031172030
191031176547
191031181491
191031187045
191031191745
191031196383
191031203036
191031208895
191031214266
191031218539
191031224398
191031228915
191031235629
191031238741
191031245455
191031249362
191031256503
191031259310
191031266390
191031271822
191031277316
191031282382
191031286959
191031292147
191031296359
191031303317
191031306368
191031311922
191031317965
191031323214
191031326327
191031333590
191031339754
191031343417
191031348421
191031355196
191031360384
191031364901
191031370943
191031376620
191031382052
191031387484
191031392855
191031398043
191031403597
191031408114
191031411959
191031418673
191031423678
191031428255
191031434176
191031439730
191031443758
191031449739
191031454927
191031459261
191031464266
191031468233
191031474703
191031480867
191031485750
191031490084
191031495577
191031501070
191031506502
191031511934
191031515596
191031522005
191031527742
191031532747
191031537386
191031542635
191031548006
191031555147
191031563631
191031570345
191031579378
191031586092
191031600069
191031605623
191031617464
191031626680
191031636079
191031644807
191031649873
191031657991
191031663667
191031673250
191031679414
191031688264
191031694917
191031699373
191031704866
191031708528
191031714509
191031718721
191031723726
191031728059
191031731721
191031735872
191031740876
191031747163
191031750520
191031755403
191031759126
191031764863
191031769136
191031772981
191031780244
191031785188
191031789582
191031793611
191031798005
191031803254
191031806855
191031812470
191031817170
191031821198
191031825715
191031830476
191031834199
191031838654
191031845002
191031850129
191031854707
191031858491
191031863313
191031867524
191031872163
191031877290
191031881806
191031886079
191031892732
191031897004
191031901032
191031905366
191031911958
191031915925
191031921235
191031925568
191031929108
191031935090
191031937409
191031943940
191031949006
191031953583
191031958710
191031963410
191031968293
191031971711
191031976960
191031981293
191031986237
191031990815
191031996247
191032000519
191032005585
191032010468
191032014130
191032020478
191032024567
191032030854
191032035126
191032038910
191032043061
191032048859
191032056000
191032061432
191032066132
191032070832
191032074799
191032079804
191032083893
191032089997
191032096222
191032100556
191032105316
191032110138
191032113800
191032119354
191032123810
191032130951
191032136322
191032141449
191032146454
191032150116
191032155426
191032160919
191032165314
191032170380
191032175629
191032179474
191032185761
191032190949
191032194855
191032200653
191032206024
191032210175
191032215118
191032220489
191032225372
191032229523
191032233795
191032239960
191032244781
191032249969
191032255951
191032260223
191032265533
191032269562
191032275116
191032279999
191032285126
191032290069
191032295196
191032298919
191032304352
191032309540
191032316192
191032321991
191032326629
191032331268
191032337433
191032342987
191032347503
191032354461
191032359710
191032364837
191032370025
191032374054
191032379058
191032383331
191032389312
191032395965
191032400482
191032406097
191032410308
191032416839
191032421295
191032427520
191032430572
191032438506
191032444488
191032448821
191032451629
191032457794
191032460784
191032467498
191032473113
191032479461
191032483978
191032490081
191032494537
191032500274
191032505889
191032510223
191032516387
191032520782
191032527007
191032531158
191032537994
191032542449
191032547149
191032552581
191032558745
191032563384
191032569549
191032573638
191032578948
191032584563
191032588836
191032594939
191032600982
191032606170
191032610198
191032616607
191032620696
191032627105
191032632171
191032638640
191032641631
191032649199
191032651946
191032659087
191032664275
191032668792
191032675383
191032681731
191032686003
191032691497
191032695769
191032701934
191032706328
191032712615
191032719634
191032724211
191032729643
191032735320
191032739592
191032745207
191032750456
191032756987
191032762663
191032768828
191032773589
191032779265
191032784758
191032788176
191032794035
191032798613
191032805205
191032811125
191032816435
191032821135
191032826445
191032831023
191032836760
191032843230
191032848967
191032853850
191032859709
191032864287
191032870024
191032874663
191032880339
191032885649
191032889921
191032895781
191032899687
191032905058
191032909575
191032915556
191032921171
191032925505
191032931303
191032937223
191032942289
191032946501
191032952482
191032957792
191032964628
191032967741
191032974760
191032980192
191032985624
191032989714
191032995817
191033001371
191033007170
191033011625
191033016996
191033022306
191033026335
191033032926
191033038419
191033044401
191033049467
191033056059
191033061125
191033065946
191033071378
191033076200
191033083952
191033089506
191033093839
191033099149
191033104276
191033109586
191033114164
191033120084
191033126188
191033132719
191033137174
191033142850
191033148160
191033152189
191033158842
191033164518
191033169828
191033175260
191033179716
191033184598
191033190091
191033193631
191033200956
191033206327
191033210660
191033216764
191033220914
191033227323
191033231351
191033236539
191033241056
191033248929
191033254483
191033259183
191033262967
191033269864
191033273099
191033279569
191033285245
191033291532
191033297452
191033301663
191033308499
191033312528
191033317655
191033324491
191033328702
191033335843
191033339871
191033344388
191033350308
191033355252
191033361295
191033367398
191033373563
191033379605
191033383572
191033388638
191033393826
191033398892
191033404080
191033411160
191033416592
191033423672
191033429532
191033433682
191033439236
191033443997
191033449978
191033455838
191033461026
191033466519
191033471524
191033477139
191033482083
191033486661
191033495205
191033500577
191033505520
191033510220
191033516201
191033521512
191033525906
191033530606
191033537075
191033542874
191033548367
191033552212
191033557583
191033562954
191033567227
191033574673
191033578823
191033584378
191033588101
191033593350
191033598233
191033603359
191033607449
191033613735
191033618496
191033624294
191033629116
191033637173
191033647610
191033655178
191033665188
191033673977
191033685390
191033696743
191033708401
191033717678
191033727261
191033737209
191033745632
191033755581
191033763637
191033775844
191033785000
191033790371
191033796291
191033800258
191033806301
191033810207
191033815212
191033820461
191033825527
191033829189
191033835598
191033840358
191033845790
191033849453
191033854457
191033859523
191033863735
191033869289
191033875087
191033879848
191033884365
191033889064
191033893581
191033898281
191033902553
191033907558
191033911708
191033916591
191033921779
191033926967
191033930873
191033936183
191033941188
191033947536
191033951564
191033956630
191033960597
191033965724
191033970180
191033973781
191033979396
191033983302
191033989833
191033992397
191033998927
191034003017
191034008571
191034014064
191034018825
191034023891
191034030299
191034035487
191034040126
191034044398
191034050624
191034054896
191034061061
191034065516
191034071559
191034077052
191034081752
191034087489
191034092799
191034098475
191034102992
191034109034
191034115382
191034119716
191034126124
191034131739
191034136256
191034142543
191034148158
191034152125
191034158473
191034163844
191034168116
191034173121
191034178553
191034183558
191034187709
191034193751
191034200160
191034206141
191034210780
191034216700
191034221766
191034226222
191034232264
191034237757
191034242579
191034246607
191034252894
191034257472
191034263392
191034268641
191034273402
191034279017
191034284754
191034288721
191034294459
191034298121
191034303919
191034308985
191034314478
191034320154
191034325770
191034332056
191034335963
191034341944
191034347498
191034351893
191034357569
191034363611
191034368006
191034373560
191034379175
191034383875
191034389307
191034395228
191034399805
191034405970
191034411341
191034415979
191034421228
191034426722
191034430750
191034436121
191034440454
191034447107
191034451563
191034456202
191034462122
191034466883
191034471033
191034477259
191034483789
191034490320
191034493128
191034500757
191034505213
191034509546
191034514368
191034519617
191034525720
191034531152
191034534998
191034540979
191034546167
191034551355
191034555750
191034561243
191034568201
191034573511
191034578638
191034582422
191034587183
191034592249
191034597559
191034604394
191034609460
191034613489
191034619775
191034624109
191034629968
191034635034
191034640405
191034645227
191034651269
191034654382
191034661340
191034664575
191034671167
191034675928
191034682031
191034688684
191034693994
191034698816
191034704126
191034708703
191034714135
191034719690
191034724023
191034730005
191034735559
191034741906
191034746484
191034751611
191034756921
191034762353
191034769067
191034773889
191034778344
191034783898
191034787988
191034794641
191034799279
191034805078
191034810876
191034815515
191034820947
191034825280
191034830102
191034834557
191034839074
191034844933
191034849999
191034856957
191034860741
191034866479
191034872155
191034877587
191034883630
191034887902
191034894433
191034900536
191034905480
191034909814
191034915490
191034920800
191034925988
191034930749
191034938195
191034942773
191034947472
191034954003
191034958581
191034963341
191034969201
191034975365
191034981347
191034984826
191034992028
191034997094
191035001976
191035006005
191035012047
191035015831
191035021447
191035025719
191035031701
191035036888
191035042199
191035047081
191035052819
191035057824
191035063622
191035067650
191035072960
191035078392
191035082482
191035087975
191035092552
191035098900
191035105309
191035110008
191035114708
191035120445
191035124962
191035130821
191035137840
191035142418
191035147911
191035152550
191035157677
191035162376
191035167259
191035173180
191035178978
191035184410
191035188438
191035194603
191035199181
191035204918
191035209190
191035214500
191035221825
191035227196
191035231102
191035236168
191035240929
191035246239
191035250694
191035255333
191035262352
191035266502
191035272423
191035277305
191035283775
191035287620
191035292991
191035297325
191035303917
191035308677
191035315941
191035319175
191035325645
191035329307
191035334861
191035343101
191035348716
191035353660
191035357505
191035363853
191035368919
191035374900
191035379356
191035384971
191035390525
191035394004
191035400169
191035405906
191035410056
191035413230
191035420982
191035425254
191035431297
191035434043
191035440879
191035445213
191035450828
191035456809
191035461082
191035467002
191035472251
191035478111
191035482566
191035487876
191035492026
191035498313
191035502097
191035508323
191035512961
191035521751
191035525168
191035531150
191035535239
191035541892
191035546042
191035552878
191035557700
191035562278
191035568198
191035572898
191035578391
191035583396
191035589011
191035593161
191035598960
191035605124
191035610862
191035615744
191035621177
191035625510
191035631675
191035634787
191035640952
191035647055
191035653037
191035658225
191035662131
191035666281
191035671958
191035676291
191035681235
191035686240
191035691611
191035696005
191035701865
191035707358
191035711936
191035715842
191035720603
191035727316
191035733481
191035737570
191035742636
191035747763
191035751608
191035756613
191035761496
191035766806
191035772543
191035776572
191035782187
191035787253
191035792075
191035796164
191035801169
191035805624
191035809286
191035816977
191035821615
191035827292
191035831137
191035836935
191035841757
191035848349
191035856833
191035866415
191035871298
191035880942
191035889486
191035899374
191035904257
191035915915
191035924032
191035935263
191035944784
191035952230
191035961447
191035970419
191035981283
191035987570
191036000204
191036005697
191036010031
191036013326
191036018148
191036021993
191036027181
191036034139
191036038290
191036044454
191036049764
191036054098
191036056783
191036063375
191036068990
191036073751
191036079549
191036084310
191036088461
191036093099
191036097494
191036102376
191036106771
191036111654
191036117330
191036120931
191036126363
191036131307
191036135824
191036140401
191036145833
191036151632
191036157003
191036159322
191036165914
191036170247
191036174215
191036178975
191036184346
191036187581
191036193990
191036199056
191036203756
191036207418
191036213643
191036218465
191036224324
191036230367
191036235555
191036240743
191036245015
191036250386
191036257161
191036261373
191036268270
191036273091
191036277608
191036283284
191036286702
191036292134
191036297078
191036303304
191036308431
191036313863
191036319661
191036324971
191036329060
191036335042
191036340474
191036345113
191036352681
191036357747
191036362447
191036365193
191036372212
191036377888
191036385152
191036390401
191036395772
191036401204
191036405232
191036410542
191036417500
191036423482
191036428059
191036434651
191036437398
191036445698
191036449360
191036456624
191036462605
191036468342
191036472981
191036478108
191036483479
191036487629
191036493428
191036498677
191036505635
191036509724
191036517659
191036521870
191036527729
191036532063
191036538227
191036543171
191036549702
191036555561
191036559834
191036566731
191036570881
191036576802
191036581501
191036587300
191036593769
191036597676
191036602497
191036608357
191036612873
191036618794
191036624287
191036629963
191036635334
191036640278
191036645222
191036648945
191036653584
191036659199
191036665119
191036669697
191036676044
191036680744
191036685993
191036692402
191036697163
191036703449
191036709431
191036713642
191036719562
191036724140
191036729999
191036733967
191036740314
191036746113
191036752094
191036757831
191036761799
191036767475
191036772602
191036778217
191036784992
191036790302
191036794330
191036802448
191036805622
191036812275
191036815326
191036821491
191036827350
191036832965
191036838092
191036843402
191036848224
191036853534
191036859516
191036863849
191036870197
191036875446
191036881305
191036885456
191036890399
191036894611
191036900714
191036904376
191036912372
191036918659
191036922626
191036926837
191036932941
191036938495
191036944293
191036949909
191036955707
191036961139
191036965228
191036971027
191036975055
191036981891
191036987262
191036993549
191036998981
191037003375
191037008807
191037013568
191037018390
191037024493
191037029925
191037036822
191037041766
191037046954
191037052020
191037057757
191037061725
191037069110
191037074664
191037080157
191037086871
191037090167
191037096942
191037102313
191037106280
191037112750
191037119281
191037123919
191037128863
191037133319
191037138385
191037143084
191037149371
191037155780
191037160540
191037166644
191037170306
191037176715
191037181231
191037185320
191037190631
191037196734
191037201861
191037207964
191037212420
191037217791
191037223284
191037227679
191037234576
191037240435
191037245623
191037251360
191037256243
191037260333
191037267535
191037273150
191037279375
191037283892
191037289996
191037294146
191037299639
191037303912
191037309832
191037315142
191037320574
191037325396
191037330889
191037335589
191037339495
191037344866
191037350359
191037356463
191037361345
191037367449
191037371538
191037376848
191037380205
191037385882
191037391008
191037397417
191037403582
191037407549
191037413103
191037417131
191037423784
191037429094
191037435686
191037441606
191037447771
191037451006
191037458025
191037462969
191037467668
191037473589
191037480242
191037485979
191037490068
191037495500
191037500994
191037508562
191037511858
191037520586
191037526445
191037532427
191037536333
191037542680
191037547258
191037553606
191037558916
191037565446
191037569719
191037575456
191037579912
191037585527
191037589677
191037595903
191037600664
191037607133
191037612016
191037616777
191037622697
191037625932
191037633073
191037637102
191037644975
191037649980
191037655229
191037660356
191037664323
191037670305
191037674821
191037680314
191037684465
191037691301
191037695512
191037701432
191037706498
191037710954
191037717485
191037722978
191037729081
191037734208
191037738359
191037743241
191037749040
191037753434
191037759599
191037763932
191037770829
191037775590
191037781571
191037784867
191037791581
191037797685
191037805314
191037810563
191037816056
191037820207
191037825211
191037830766
191037836015
191037842423
191037846940
191037853532
191037858109
191037863663
191037868974
191037873795
191037880021
191037887894
191037893510
191037900101
191037905106
191037909867
191037916520
191037922990
191037927994
191037934342
191037940140
191037942093
191037950821
191037955704
191037962601
191037967911
191037973710
191037979264
191037983658
191037989945
191037996109
191038000931
191038006119
191038013077
191038020401
191038030045
191038038040
191038047074
191038056656
191038065262
